2.8836639877019000e-07 9.7544221974425046e-08 1.7987115943282761e-08 2.2542601719304213e-09 2.0195605560150521e-10 1.1946123373084250e-11 3.9963756308993761e-13 5.7053599335914826e-15 1.9025717164999014e-17 2.3712102461828529e-21 
9.7544221974425046e-08 2.5062807410206738e-07 1.2404723378293976e-07 3.6749972995130516e-08 6.8599703340979171e-09 8.1249752965101880e-10 5.5046891313344929e-11 1.6601462083711621e-12 1.2586383078056652e-14 4.1564022741988873e-18 
1.7987115943282761e-08 1.2404723378293976e-07 2.0693515545955312e-07 1.1523663878548713e-07 4.1775253074818413e-08 8.9885014138962937e-09 1.0816593295503825e-09 5.9249929714983185e-11 8.7778381227204995e-13 6.7491479028771225e-16 
2.2542601719304213e-09 3.6749972995130516e-08 1.1523663878548713e-07 1.7800742021465041e-07 1.0250579737088121e-07 3.9658581488225913e-08 8.3458352620273173e-09 8.0153060536601535e-10 2.1981769744768952e-11 3.7278339456635021e-14 
2.0195605560150521e-10 6.8599703340979171e-09 4.1775253074818413e-08 1.0250579737088121e-07 1.5717602034159600e-07 8.9806511828023878e-08 3.3616718692187601e-08 5.7659680538931519e-09 2.9468865998934195e-10 1.0970623308133109e-12 
1.1946123373084250e-11 8.1249752965101880e-10 8.9885014138962937e-09 3.9658581488225913e-08 8.9806511828023878e-08 1.4122646243131823e-07 7.7225440128610372e-08 2.4717727957432769e-08 2.4774893620060482e-09 2.1274275614757827e-11 
3.9963756308993761e-13 5.5046891313344929e-11 1.0816593295503825e-09 8.3458352620273173e-09 3.3616718692187601e-08 7.7225440128610372e-08 1.2791231597402232e-07 6.3390693912156188e-08 1.3588832132056871e-08 3.0064886523165090e-10 
5.7053599335914826e-15 1.6601462083711621e-12 5.9249929714983185e-11 8.0153060536601535e-10 5.7659680538931519e-09 2.4717727957432769e-08 6.3390693912156188e-08 1.1549220720034857e-07 4.5871745416758147e-08 3.1646990416358468e-09 
1.9025717164999014e-17 1.2586383078056652e-14 8.7778381227204995e-13 2.1981769744768952e-11 2.9468865998934195e-10 2.4774893620060482e-09 1.3588832132056871e-08 4.5871745416758147e-08 1.0270477525404731e-07 2.2826295684503911e-08 
2.3712102461828529e-21 4.1564022741988873e-18 6.7491479028771225e-16 3.7278339456635021e-14 1.0970623308133109e-12 2.1274275614757827e-11 3.0064886523165090e-10 3.1646990416358468e-09 2.2826295684503911e-08 7.6608744262884185e-08 
