6.9259836506302867e-08 1.9236148971297622e-08 3.8715227189700282e-09 5.1115787330698283e-10 4.7196472751007477e-11 2.8331158992076002e-12 9.4943450715669792e-14 1.3396914817418414e-15 4.3346747536259492e-18 5.0466856930306095e-22 
1.9236148971297622e-08 7.5450560441620344e-08 2.7796455071517294e-08 8.5166223415235864e-09 1.6198995911362924e-09 1.9312228414445854e-10 1.3022167242574409e-11 3.8614468319607081e-13 2.8306195914555560e-15 8.7257400772889232e-19 
3.8715227189700282e-09 2.7796455071517294e-08 6.9464193362911880e-08 2.7109263585956689e-08 9.9181154594968700e-09 2.1339114401953903e-09 2.5433373326566238e-10 1.3645112469968001e-11 1.9490151025622679e-13 1.3979314502946652e-16 
5.1115787330698283e-10 8.5166223415235864e-09 2.7109263585956689e-08 6.3745410726178469e-08 2.4360602451497497e-08 9.3742496631950373e-09 1.9462668651330761e-09 1.8253598844229284e-10 4.8152791370949157e-12 7.6136982675900569e-15 
4.7196472751007477e-11 1.6198995911362924e-09 9.9181154594968700e-09 2.4360602451497497e-08 5.8734233550416561e-08 2.1053701929700082e-08 7.7507182018788470e-09 1.2952830888901354e-09 6.3574900188686119e-11 2.2065622147988596e-13 
2.8331158992076002e-12 1.9312228414445854e-10 2.1339114401953903e-09 9.3742496631950373e-09 2.1053701929700082e-08 5.4357480734200584e-08 1.7528579730707400e-08 5.4555849619948073e-09 5.2463530110965277e-10 4.2032948951872495e-12 
9.4943450715669792e-14 1.3022167242574409e-11 2.5433373326566238e-10 1.9462668651330761e-09 7.7507182018788470e-09 1.7528579730707400e-08 5.0355387941006360e-08 1.3667838349847868e-08 2.8090129004414027e-09 5.8058167511138268e-11 
1.3396914817418414e-15 3.8614468319607081e-13 1.3645112469968001e-11 1.8253598844229284e-10 1.2952830888901354e-09 5.4555849619948073e-09 1.3667838349847868e-08 4.6441498480550079e-08 9.1716932387647151e-09 5.9124623811782269e-10 
4.3346747536259492e-18 2.8306195914555560e-15 1.9490151025622679e-13 4.8152791370949157e-12 6.3574900188686119e-11 5.2463530110965277e-10 2.8090129004414027e-09 9.1716932387647151e-09 4.2371164038862469e-08 4.0457710445117039e-09 
5.0466856930306095e-22 8.7257400772889232e-19 1.3979314502946652e-16 7.6136982675900569e-15 2.2065622147988596e-13 4.2032948951872495e-12 5.8058167511138268e-11 5.9124623811782269e-10 4.0457710445117039e-09 3.6048460221716625e-08 
