1.5189079541476640e-07 5.0862921350514623e-08 9.5978278859114771e-09 1.2114985563798356e-09 1.0832182368235364e-10 6.3520599746914409e-12 2.0934958022008415e-13 2.9240060813229642e-15 9.4438078588409366e-18 1.1166295266217682e-21 
5.0862921350514623e-08 1.4654733247845035e-07 6.6601015839027444e-08 1.9737785715363779e-08 3.6616848419885047e-09 4.2860769990132549e-10 2.8544655249365820e-11 8.4120748240920837e-13 6.1774837158522566e-15 1.9393656087339708e-18 
9.5978278859114771e-09 6.6601015839027444e-08 1.2423962255202750e-07 6.1651570480577262e-08 2.2150343602466309e-08 4.7018087750648009e-09 5.5555281072657355e-10 2.9714313790772324e-11 4.2638420054604083e-13 3.1217917300665684e-16 
1.2114985563798356e-09 1.9737785715363779e-08 6.1651570480577262e-08 1.0776660326566988e-07 5.3856754321884853e-08 2.0537325864809080e-08 4.2420006045166826e-09 3.9775956776793193e-10 1.0567735832341546e-11 1.7091729924006956e-14 
1.0832182368235364e-10 3.6616848419885047e-09 2.2150343602466309e-08 5.3856754321884853e-08 9.5167823831549624e-08 4.5938452215364681e-08 1.6878661604547776e-08 2.8276494418365894e-09 1.4010344425679536e-10 4.9831174753550304e-13 
6.3520599746914409e-12 4.2860769990132549e-10 4.7018087750648009e-09 2.0537325864809080e-08 4.5938452215364681e-08 8.5159091418634613e-08 3.8208189723402656e-08 1.1951636992363783e-08 1.1628070918398634e-09 9.5612880177768925e-12 
2.0934958022008415e-13 2.8544655249365820e-11 5.5555281072657355e-10 4.2420006045166826e-09 1.6878661604547776e-08 3.8208189723402656e-08 7.6659761941430037e-08 3.0125509611058098e-08 6.2781201488367676e-09 1.3334553624378475e-10 
2.9240060813229642e-15 8.4120748240920837e-13 2.9714313790772324e-11 3.9775956776793193e-10 2.8276494418365894e-09 1.1951636992363783e-08 3.0125509611058098e-08 6.8808516550359693e-08 2.0763187926423511e-08 1.3780913315443550e-09 
9.4438078588409366e-18 6.1774837158522566e-15 4.2638420054604083e-13 1.0567735832341546e-11 1.4010344425679536e-10 1.1628070918398634e-09 6.2781201488367676e-09 2.0763187926423511e-08 6.0964211773444353e-08 9.6761011964441533e-09 
1.1166295266217682e-21 1.9393656087339708e-18 3.1217917300665684e-16 1.7091729924006956e-14 4.9831174753550304e-13 9.5612880177768925e-12 1.3334553624378475e-10 1.3780913315443550e-09 9.6761011964441533e-09 4.7919113109319826e-08 
