1.2236336554344699e-07 4.0154515898904463e-08 7.6904043020568437e-09 9.7957022099475407e-10 8.8073561847966039e-11 5.1809859206982963e-12 1.7094824496598172e-13 2.3852065111200718e-15 7.6714129603312023e-18 8.9762952098603001e-22 
4.0154515898904463e-08 1.2281465197153047e-07 5.3738322232724371e-08 1.6022709467941086e-08 2.9836308240945567e-09 3.4988499031572474e-10 2.3303000224004597e-11 6.8535831653316228e-13 5.0083473777640518e-15 1.5556175286771465e-18 
7.6904043020568437e-09 5.3738322232724371e-08 1.0610725699616995e-07 5.0194442701846088e-08 1.8073068050199207e-08 3.8391403597981741e-09 4.5324735194990572e-10 2.4175474804228466e-11 3.4501630874083239e-13 2.4986608763491170e-16 
9.7957022099475407e-10 1.6022709467941086e-08 5.0194442701846088e-08 9.3107147302741664e-08 4.3973206328573853e-08 1.6764710675124274e-08 3.4572663502845622e-09 3.2308691339779823e-10 8.5333621963002206e-12 1.3649027014476480e-14 
8.8073561847966039e-11 2.9836308240945567e-09 1.8073068050199207e-08 4.3973206328573853e-08 8.2874124924833060e-08 3.7465628562934153e-08 1.3734667062143024e-08 2.2921044575652708e-09 1.1286475914803188e-10 3.9695113268321813e-13 
5.1809859206982963e-12 3.4988499031572474e-10 3.8391403597981741e-09 1.6764710675124274e-08 3.7465628562934153e-08 7.4573940366643595e-08 3.1019942389075198e-08 9.6620437989874150e-09 9.3400107481195374e-10 7.5945218156378746e-12 
1.7094824496598172e-13 2.3303000224004597e-11 4.5324735194990572e-10 3.4572663502845622e-09 1.3734667062143024e-08 3.1019942389075198e-08 6.7416160698805025e-08 2.4266407547954416e-08 5.0233469274507574e-09 1.0552889606344166e-10 
2.3852065111200718e-15 6.8535831653316228e-13 2.4175474804228466e-11 3.2308691339779823e-10 2.2921044575652708e-09 9.6620437989874150e-09 2.4266407547954416e-08 6.0748889670078280e-08 1.6524079344415473e-08 1.0848612458546293e-09 
7.6714129603312023e-18 5.0083473777640518e-15 3.4501630874083239e-13 8.5333621963002206e-12 1.1286475914803188e-10 9.3400107481195374e-10 5.0233469274507574e-09 1.6524079344415473e-08 5.4066877493996703e-08 7.5512743184492865e-09 
8.9762952098603001e-22 1.5556175286771465e-18 2.4986608763491170e-16 1.3649027014476480e-14 3.9695113268321813e-13 7.5945218156378746e-12 1.0552889606344166e-10 1.0848612458546293e-09 7.5512743184492865e-09 4.3352088095595435e-08 
