7.700482643525e-08 2.246520830902e-08 4.475473711398e-09 5.862168418947e-10 5.381393461064e-11 3.212480607682e-12 1.073074957080e-13 1.508559629372e-15 4.864915327832e-18 5.654938382070e-22 
2.246520830902e-08 8.291433643653e-08 3.193978892900e-08 9.728483636763e-09 1.840561138356e-09 2.185183963821e-10 1.469586299586e-11 4.339440702159e-13 3.177992531597e-15 9.766551354069e-19 
4.475473711398e-09 3.193978892900e-08 7.537213821182e-08 3.084743073932e-08 1.123662545138e-08 2.411287486742e-09 2.865140580457e-10 1.531905584755e-11 2.188659556585e-13 1.563447133127e-16 
5.862168418947e-10 9.728483636763e-09 3.084743073932e-08 6.849137999051e-08 2.754433863719e-08 1.057653179064e-08 2.188412236008e-09 2.048845848556e-10 5.405869904032e-12 8.512917914880e-15 
5.381393461064e-11 1.840561138356e-09 1.123662545138e-08 2.754433863719e-08 6.266506642199e-08 2.369934309088e-08 8.702367996412e-09 1.454226932946e-09 7.131166527460e-11 2.468217355489e-13 
3.212480607682e-12 2.185183963821e-10 2.411287486742e-09 1.057653179064e-08 2.369934309088e-08 5.757661075203e-08 1.967520067930e-08 6.125681571288e-09 5.876656544152e-10 4.707530298383e-12 
1.073074957080e-13 1.469586299586e-11 2.865140580457e-10 2.188412236008e-09 8.702367996412e-09 1.967520067930e-08 5.307786295936e-08 1.533020000933e-08 3.142207450842e-09 6.516250972032e-11 
1.508559629372e-15 4.339440702159e-13 1.531905584755e-11 2.048845848556e-10 1.454226932946e-09 6.125681571288e-09 1.533020000933e-08 4.861301065261e-08 1.026503054286e-08 6.654705465982e-10 
4.864915327832e-18 3.177992531597e-15 2.188659556585e-13 5.405869904032e-12 7.131166527460e-11 5.876656544152e-10 3.142207450842e-09 1.026503054286e-08 4.412575280907e-08 4.561945574548e-09 
5.654938382070e-22 9.766551354069e-19 1.563447133127e-16 8.512917914880e-15 2.468217355489e-13 4.707530298383e-12 6.516250972032e-11 6.654705465982e-10 4.561945574548e-09 3.707240960024e-08 
