6.204305172375e-08 1.612032930369e-08 3.279246972570e-09 4.367424487573e-10 4.063636447438e-11 2.452823642125e-12 8.272634666923e-14 1.172584205723e-15 3.808490256940e-18 4.448524404183e-22 
1.612032930369e-08 6.815012162694e-08 2.369581156028e-08 7.315394245983e-09 1.399706019889e-09 1.677929514211e-10 1.137824409870e-11 3.382971951688e-13 2.492038468011e-15 7.684815363977e-19 
3.279246972570e-09 2.369581156028e-08 6.360719563453e-08 2.339146554824e-08 8.597813073646e-09 1.859984647764e-09 2.225428653722e-10 1.196923438001e-11 1.718266056554e-13 1.230305016193e-16 
4.367424487573e-10 7.315394245983e-09 2.339146554824e-08 5.899107750448e-08 2.119989167251e-08 8.192701426518e-09 1.704695626653e-09 1.603892335436e-10 4.247773048452e-12 6.698565436481e-15 
4.063636447438e-11 1.399706019889e-09 8.597813073646e-09 2.119989167251e-08 5.487255575907e-08 1.843009557497e-08 6.797758619296e-09 1.140388562906e-09 5.607300105905e-11 1.941701381188e-13 
2.452823642125e-12 1.677929514211e-10 1.859984647764e-09 8.192701426518e-09 1.843009557497e-08 5.113102810353e-08 1.540996703020e-08 4.811040792817e-09 4.623176380539e-10 3.701462765514e-12 
8.272634666923e-14 1.137824409870e-11 2.225428653722e-10 1.704695626653e-09 6.797758619296e-09 1.540996703020e-08 4.773079672602e-08 1.205451514136e-08 2.472497740203e-09 5.118670537236e-11 
1.172584205723e-15 3.382971951688e-13 1.196923438001e-11 1.603892335436e-10 1.140388562906e-09 4.811040792817e-09 1.205451514136e-08 4.426299341183e-08 8.073590502484e-09 5.217365238060e-10 
3.808490256940e-18 2.492038468011e-15 1.718266056554e-13 4.247773048452e-12 5.607300105905e-11 4.623176380539e-10 2.472497740203e-09 8.073590502484e-09 4.069988205864e-08 3.562268658231e-09 
4.448524404183e-22 7.684815363977e-19 1.230305016193e-16 6.698565436481e-15 1.941701381188e-13 3.701462765514e-12 5.118670537236e-11 5.217365238060e-10 3.562268658231e-09 3.506274769166e-08 
