2.543218661314e-09 8.061207519196e-12 9.387787814279e-12 1.019070018680e-11 1.076692685465e-11 1.122501392330e-11 1.161756841896e-11 1.197894354033e-11 1.234567531158e-11 1.284786725091e-11 
8.061207519196e-12 2.554722877780e-09 2.050798678175e-11 2.322208331071e-11 2.517061453250e-11 2.671659275153e-11 2.804146864888e-11 2.926123648770e-11 3.049910044541e-11 3.219423076327e-11 
9.387787814279e-12 2.050798678175e-11 2.565950369027e-09 3.233173397521e-11 3.588919581214e-11 3.869925182484e-11 4.110283878822e-11 4.331584635338e-11 4.556187336624e-11 4.863764572162e-11 
1.019070018680e-11 2.322208331071e-11 3.233173397521e-11 2.577848140860e-09 4.483955012447e-11 4.919909675969e-11 5.290633355425e-11 5.631263776841e-11 5.976990772407e-11 6.450482637670e-11 
1.076692685465e-11 2.517061453250e-11 3.588919581214e-11 4.483955012447e-11 2.590853191753e-09 5.863152129562e-11 6.396201999105e-11 6.882789888752e-11 7.375879448692e-11 8.051382712818e-11 
1.122501392330e-11 2.671659275153e-11 3.869925182484e-11 4.919909675969e-11 5.863152129562e-11 2.605429041509e-09 7.424172575554e-11 8.087814688293e-11 8.755331673248e-11 9.669442832519e-11 
1.161756841896e-11 2.804146864888e-11 4.110283878822e-11 5.290633355425e-11 6.396201999105e-11 7.424172575554e-11 2.622214967517e-09 9.258610111548e-11 1.013806413616e-10 1.133292512543e-10 
1.197894354033e-11 2.926123648770e-11 4.331584635338e-11 5.631263776841e-11 6.882789888752e-11 8.087814688293e-11 9.258610111548e-11 2.642643558718e-09 1.158566416883e-10 1.312290234264e-10 
1.234567531158e-11 3.049910044541e-11 4.556187336624e-11 5.976990772407e-11 7.375879448692e-11 8.755331673248e-11 1.013806413616e-10 1.158566416883e-10 2.670335504018e-09 1.524574314697e-10 
1.284786725091e-11 3.219423076327e-11 4.863764572162e-11 6.450482637670e-11 8.051382712818e-11 9.669442832519e-11 1.133292512543e-10 1.312290234264e-10 1.524574314697e-10 2.724406810662e-09 
