2.585531717350e-09 7.349057315980e-11 8.326710994462e-11 8.916054648431e-11 9.339110386720e-11 9.675448489556e-11 9.963666748775e-11 1.022899183597e-10 1.049824938635e-10 1.086684524574e-10 
7.349057315980e-11 2.669914654528e-09 1.584560862724e-10 1.753888186097e-10 1.875477131684e-10 1.972008486062e-10 2.054731796031e-10 2.130889733331e-10 2.208177146455e-10 2.313989422383e-10 
8.326710994462e-11 1.584560862724e-10 2.738089667789e-09 2.274050821199e-10 2.476640165772e-10 2.636911788157e-10 2.774056125246e-10 2.900320234477e-10 3.028465339650e-10 3.203915739370e-10 
8.916054648431e-11 1.753888186097e-10 2.274050821199e-10 2.804149112123e-09 2.949627607699e-10 3.182951239981e-10 3.381624044022e-10 3.564218610581e-10 3.749538806874e-10 4.003298342740e-10 
9.339110386720e-11 1.875477131684e-10 2.476640165772e-10 2.949627607699e-10 2.872217726986e-09 3.657183225384e-10 3.929808806001e-10 4.178889897532e-10 4.431313397022e-10 4.777055313036e-10 
9.675448489556e-11 1.972008486062e-10 2.636911788157e-10 3.182951239981e-10 3.657183225384e-10 2.945472212659e-09 4.430880050548e-10 4.759638044464e-10 5.090333663009e-10 5.543091533390e-10 
9.963666748775e-11 2.054731796031e-10 2.774056125246e-10 3.381624044022e-10 3.929808806001e-10 4.430880050548e-10 3.027613620282e-09 5.320385820405e-10 5.746351744396e-10 6.324454737477e-10 
1.022899183597e-10 2.130889733331e-10 2.900320234477e-10 3.564218610581e-10 4.178889897532e-10 4.759638044464e-10 5.320385820405e-10 3.125994846518e-09 6.434895345661e-10 7.165879006210e-10 
1.049824938635e-10 2.208177146455e-10 3.028465339650e-10 3.749538806874e-10 4.431313397022e-10 5.090333663009e-10 5.746351744396e-10 6.434895345661e-10 3.258832073968e-09 8.178610235152e-10 
1.086684524574e-10 2.313989422383e-10 3.203915739370e-10 4.003298342740e-10 4.777055313036e-10 5.543091533390e-10 6.324454737477e-10 7.165879006210e-10 8.178610235152e-10 3.521157135116e-09 
