2.548531429965e-09 1.675357533502e-11 1.937367453502e-11 2.095728031191e-11 2.209391915369e-11 2.299754440735e-11 2.377189445472e-11 2.448473907053e-11 2.520814914070e-11 2.619849048162e-11 
1.675357533502e-11 2.571224302753e-09 4.080084068213e-11 4.589842905720e-11 4.955885999956e-11 5.246402594216e-11 5.495367688893e-11 5.724577309341e-11 5.957186685539e-11 6.275655728580e-11 
1.937367453502e-11 4.080084068213e-11 2.592126295964e-09 6.249548951467e-11 6.896072290608e-11 7.407205617372e-11 7.844513056570e-11 8.247138410908e-11 8.655765259302e-11 9.215252195345e-11 
2.095728031191e-11 4.589842905720e-11 6.249548951467e-11 2.613532084590e-09 8.474359189107e-11 9.246482042472e-11 9.903631725246e-11 1.050757447884e-10 1.112054254629e-10 1.195989917409e-10 
2.209391915369e-11 4.955885999956e-11 6.896072290608e-11 8.474359189107e-11 2.636330530956e-09 1.086925171529e-10 1.179325251697e-10 1.263742620781e-10 1.349299797289e-10 1.466487882217e-10 
2.299754440735e-11 5.246402594216e-11 7.407205617372e-11 9.246482042472e-11 1.086925171529e-10 2.661359426724e-09 1.352913123617e-10 1.465975346906e-10 1.579779360837e-10 1.735604919989e-10 
2.377189445472e-11 5.495367688893e-11 7.844513056570e-11 9.903631725246e-11 1.179325251697e-10 1.352913123617e-10 2.689711396798e-09 1.660759167834e-10 1.808464963449e-10 2.009213865496e-10 
2.448473907053e-11 5.724577309341e-11 8.247138410908e-11 1.050757447884e-10 1.263742620781e-10 1.465975346906e-10 1.660759167834e-10 2.723731082182e-09 2.046203418807e-10 2.301235956877e-10 
2.520814914070e-11 5.957186685539e-11 8.655765259302e-11 1.112054254629e-10 1.349299797289e-10 1.579779360837e-10 1.808464963449e-10 2.046203418807e-10 2.769296926867e-09 2.645657306955e-10 
2.619849048162e-11 6.275655728580e-11 9.215252195345e-11 1.195989917409e-10 1.466487882217e-10 1.735604919989e-10 2.009213865496e-10 2.301235956877e-10 2.645657306955e-10 2.857324713549e-09 
