2.561298488694e-09 3.688313579186e-11 4.222439239814e-11 4.544765601158e-11 4.776137010563e-11 4.960080483169e-11 5.117707589724e-11 5.262814449459e-11 5.410071997260e-11 5.611662369102e-11 
3.688313579186e-11 2.607478685143e-09 8.450260475254e-11 9.425345880977e-11 1.012557233480e-10 1.068145228380e-10 1.115782139226e-10 1.159638497157e-10 1.204145288978e-10 1.265079343925e-10 
4.222439239814e-11 8.450260475254e-11 2.647044095760e-09 1.249258164001e-10 1.368605394023e-10 1.463013960979e-10 1.543799298639e-10 1.618176376234e-10 1.693661466294e-10 1.797013376065e-10 
4.544765601158e-11 9.425345880977e-11 1.249258164001e-10 2.686168287874e-09 1.651495202864e-10 1.790588463575e-10 1.909032235818e-10 2.017897074316e-10 2.128387352048e-10 2.279682827025e-10 
4.776137010563e-11 1.012557233480e-10 1.368605394023e-10 1.651495202864e-10 2.726877832464e-09 2.075764491617e-10 2.239265084655e-10 2.388690661446e-10 2.540138892609e-10 2.747573638858e-10 
4.960080483169e-11 1.068145228380e-10 1.463013960979e-10 1.790588463575e-10 2.075764491617e-10 2.770858956419e-09 2.540541970223e-10 2.738054370216e-10 2.936883876054e-10 3.209119863099e-10 
5.117707589724e-11 1.115782139226e-10 1.543799298639e-10 1.909032235818e-10 2.239265084655e-10 2.540541970223e-10 2.820137655892e-09 3.073594988956e-10 3.329316248581e-10 3.676777745900e-10 
5.262814449459e-11 1.159638497157e-10 1.618176376234e-10 2.017897074316e-10 2.388690661446e-10 2.738054370216e-10 3.073594988956e-10 2.878870938597e-09 3.737463889370e-10 4.175855650523e-10 
5.410071997260e-11 1.204145288978e-10 1.693661466294e-10 2.128387352048e-10 2.540138892609e-10 2.936883876054e-10 3.329316248581e-10 3.737463889370e-10 2.957320731537e-09 4.766880570634e-10 
5.611662369102e-11 1.265079343925e-10 1.797013376065e-10 2.279682827025e-10 2.747573638858e-10 3.209119863099e-10 3.676777745900e-10 4.175855650523e-10 4.766880570634e-10 3.109231076412e-09 
