3.6695376541083542e-07 1.2458545303500120e-07 2.3056509516898039e-08 2.9141243781901771e-09 2.6377290850084138e-10 1.5777451688147366e-11 5.3433066949762344e-13 7.7361331983908917e-15 2.6242734005589208e-17 3.3376949653725204e-21 
1.2458545303500120e-07 3.1299923949725292e-07 1.5994904455126431e-07 4.7830726356893327e-08 9.0213808500160506e-09 1.0805238868907690e-09 7.4106416581939063e-11 2.2653714354167065e-12 1.7454995291316138e-14 5.8683694472867610e-18 
2.3056509516898039e-08 1.5994904455126431e-07 2.6048244429530124e-07 1.5110480480305686e-07 5.5314019350441880e-08 1.2029503557135203e-08 1.4647400376619829e-09 8.1294294512017828e-11 1.2227058982440095e-12 9.5602177296337687e-16 
2.9141243781901771e-09 4.7830726356893327e-08 1.5110480480305686e-07 2.2625527682234398e-07 1.3674779903096341e-07 5.3435009655712995e-08 1.1368980993931207e-08 1.1056644086149827e-09 3.0736576997341258e-11 5.3000416815344382e-14 
2.6377290850084138e-10 9.0213808500160506e-09 5.5314019350441880e-08 1.3674779903096341e-07 2.0168795886494661e-07 1.2190164848074882e-07 4.6095916926944257e-08 7.9985905369776861e-09 4.1357226347271058e-10 1.5662107231340113e-12 
1.5777451688147366e-11 1.0805238868907690e-09 1.2029503557135203e-08 5.3435009655712995e-08 1.2190164848074882e-07 1.8288540944643633e-07 1.0668673670338851e-07 3.4489197545018869e-08 3.4914750831505101e-09 3.0509733890770104e-11 
5.3433066949762344e-13 7.4106416581939063e-11 1.4647400376619829e-09 1.1368980993931207e-08 4.6095916926944257e-08 1.0668673670338851e-07 1.6706003052962542e-07 8.8973313059852495e-08 1.9261077266857364e-08 4.3321142628069188e-10 
7.7361331983908917e-15 2.2653714354167065e-12 8.1294294512017828e-11 1.1056644086149827e-09 7.9985905369776861e-09 3.4489197545018869e-08 8.8973313059852495e-08 1.5160189475052556e-07 6.5584242239711639e-08 4.5796466623380012e-09 
2.6242734005589208e-17 1.7454995291316138e-14 1.2227058982440095e-12 3.0736576997341258e-11 4.1357226347271058e-10 3.4914750831505101e-09 1.9261077266857364e-08 6.5584242239711639e-08 1.3576109747377412e-07 3.3140903934788847e-08 
3.3376949653725204e-21 5.8683694472867610e-18 9.5602177296337687e-16 5.3000416815344382e-14 1.5662107231340113e-12 3.0509733890770104e-11 4.3321142628069188e-10 4.5796466623380012e-09 3.3140903934788847e-08 9.9265183361752192e-08 
