1.2741118298172919e-07 4.2021461469383262e-08 8.0275000862947541e-09 1.0214482064578804e-09 9.1774965274449506e-11 5.3950099457282079e-12 1.7793716927896403e-13 2.4826311710620194e-15 7.9880154180723734e-18 9.3515037516582746e-22 
4.2021461469383262e-08 1.2699537900682129e-07 5.6047206469221251e-08 1.6700061320640296e-08 3.1076522685138436e-09 3.6423989731714783e-10 2.4254274168411629e-11 7.1342397649231650e-13 5.2160488874871043e-15 1.6207626254262106e-18 
8.0275000862947541e-09 5.6047206469221251e-08 1.0940850115414040e-07 5.2290390067854955e-08 1.8817636928943892e-08 3.9960812576148131e-09 4.7175846316172242e-10 2.5169006285978252e-11 3.5937522174597573e-13 2.6036757070292730e-16 
1.0214482064578804e-09 1.6700061320640296e-08 5.2290390067854955e-08 9.5785438610555782e-08 4.5773427724543774e-08 1.7449092767230389e-08 3.5987413690624628e-09 3.3642250726900073e-10 8.8892810872292293e-12 1.4226004479801279e-14 
9.1774965274449506e-11 3.1076522685138436e-09 1.8817636928943892e-08 4.5773427724543774e-08 8.5106020860088042e-08 3.8996611972407303e-08 1.4298873551359574e-08 2.3871728575692868e-09 1.1757865043204207e-10 4.1386938901707528e-13 
5.3950099457282079e-12 3.6423989731714783e-10 3.9960812576148131e-09 1.7449092767230389e-08 3.8996611972407303e-08 7.6476176788172395e-08 3.2301963363765213e-08 1.0064548031952939e-08 9.7308409616406921e-10 7.9218198585049602e-12 
1.7793716927896403e-13 2.4254274168411629e-11 4.7175846316172242e-10 3.5987413690624628e-09 1.4298873551359574e-08 3.2301963363765213e-08 6.9047617016646749e-08 2.5279869378881493e-08 5.2347987486110767e-09 1.1014755353885171e-10 
2.4826311710620194e-15 7.1342397649231650e-13 2.5169006285978252e-11 3.3642250726900073e-10 2.3871728575692868e-09 1.0064548031952939e-08 2.5279869378881493e-08 6.2114166236893109e-08 1.7231169342989526e-08 1.1334445880290773e-09 
7.9880154180723734e-18 5.2160488874871043e-15 3.5937522174597573e-13 8.8892810872292293e-12 1.1757865043204207e-10 9.7308409616406921e-10 5.2347987486110767e-09 1.7231169342989526e-08 5.5211024975952703e-08 7.9018719456776421e-09 
9.3515037516582746e-22 1.6207626254262106e-18 2.6036757070292730e-16 1.4226004479801279e-14 4.1386938901707528e-13 7.9218198585049602e-12 1.1014755353885171e-10 1.1334445880290773e-09 7.9018719456776421e-09 4.4098251012945939e-08 
