7.169888252755e-08 2.025020428599e-08 4.060560198884e-09 5.346854423712e-10 4.927914885087e-11 2.954181146654e-12 9.878305332144e-14 1.394527931151e-15 4.501769555107e-18 5.246414820545e-22 
2.025020428599e-08 7.778613153662e-08 2.909701719436e-08 8.896251466906e-09 1.690171447302e-09 2.010966438113e-10 1.354937367116e-11 4.018359139727e-13 2.937441798640e-15 9.072096718526e-19 
4.060560198884e-09 2.909701719436e-08 7.131311123698e-08 2.829451621842e-08 1.033670291746e-08 2.220341184903e-09 2.647116661605e-10 1.418655246488e-11 2.022571030710e-13 1.452963066122e-16 
5.346854423712e-10 8.896251466906e-09 2.829451621842e-08 6.525661344751e-08 2.535423857891e-08 9.754055582394e-09 2.025523708182e-09 1.895828556782e-10 4.999568840031e-12 7.908024830716e-15 
4.927914885087e-11 1.690171447302e-09 1.033670291746e-08 2.535423857891e-08 5.996843452323e-08 2.191425073881e-08 8.059254181987e-09 1.344308912559e-09 6.605414843209e-11 2.289689109966e-13 
2.954181146654e-12 2.010966438113e-10 2.220341184903e-09 9.754055582394e-09 2.191425073881e-08 5.540797922984e-08 1.820026259230e-08 5.662757406296e-09 5.453660817191e-10 4.357144876671e-12 
9.878305332144e-14 1.354937367116e-11 2.647116661605e-10 2.025523708182e-09 8.059254181987e-09 1.820026259230e-08 5.119235610667e-08 1.420139424011e-08 2.918982127150e-09 6.014219906684e-11 
1.394527931151e-15 4.018359139727e-13 1.418655246488e-11 1.895828556782e-10 1.344308912559e-09 5.662757406296e-09 1.420139424011e-08 4.716108597157e-08 9.514248061735e-09 6.130086715045e-10 
4.501769555107e-18 2.937441798640e-15 2.022571030710e-13 4.999568840031e-12 6.605414843209e-11 5.453660817191e-10 2.918982127150e-09 9.514248061735e-09 4.288670695172e-08 4.211881858506e-09 
5.246414820545e-22 9.072096718526e-19 1.452963066122e-16 7.908024830716e-15 2.289689109966e-13 4.357144876671e-12 6.014219906684e-11 6.130086715045e-10 4.211881858506e-09 3.638599420838e-08 
