8.7032258751834680e-08 2.6565001695673523e-08 5.2353919964645460e-09 6.8055861363130737e-10 6.2074354355165032e-11 3.6886579200536108e-12 1.2257712519009915e-13 1.7175992178864696e-15 5.5275511827794983e-18 6.4146853508673697e-22 
2.6565001695673523e-08 9.2315364990426003e-08 3.7150864204457246e-08 1.1244383161288635e-08 2.1167941516810636e-09 2.5018993038849881e-10 1.6750771776144945e-11 4.9390224888205312e-13 3.6055660791549318e-15 1.1090889985463240e-18 
5.2353919964645460e-09 3.7150864204457246e-08 8.2770228368641867e-08 3.5518371681416284e-08 1.2888830938692756e-08 2.7536673806595723e-09 3.2627760099148241e-10 1.7423980519897839e-11 2.4806419297535697e-13 1.7772281258376117e-16 
6.8055861363130737e-10 1.1244383161288635e-08 3.5518371681416284e-08 7.4443156153223479e-08 3.1495294525022162e-08 1.2053586580660078e-08 2.4909808710893050e-09 2.3277510621370105e-10 6.1249969268166862e-12 9.6838102589999041e-15 
6.2074354355165032e-11 2.1167941516810636e-09 1.2888830938692756e-08 3.1495294525022162e-08 6.7492063315287444e-08 2.6982278187983735e-08 9.8989607415623455e-09 1.6498451853333755e-09 8.0829900392622610e-11 2.8084778707666139e-13 
3.6886579200536108e-12 2.5018993038849881e-10 2.7536673806595723e-09 1.2053586580660078e-08 2.6982278187983735e-08 6.1624487706194995e-08 2.2345339735829778e-08 6.9417774312147453e-09 6.6688031940589464e-10 5.3554341843450058e-12 
1.2257712519009915e-13 1.6750771776144945e-11 3.2627760099148241e-10 2.4909808710893050e-09 9.8989607415623455e-09 2.2345339735829778e-08 5.6398469316615192e-08 1.7377173768491532e-08 3.5716782959708964e-09 7.4090405179653801e-11 
1.7175992178864696e-15 4.9390224888205312e-13 1.7423980519897839e-11 2.3277510621370105e-10 1.6498451853333755e-09 6.9417774312147453e-09 1.7377173768491532e-08 5.1387639019756538e-08 1.1678073938508926e-08 7.5658966213777282e-10 
5.5275511827794983e-18 3.6055660791549318e-15 2.4806419297535697e-13 6.1249969268166862e-12 8.0829900392622610e-11 6.6688031940589464e-10 3.5716782959708964e-09 1.1678073938508926e-08 4.6306060216035294e-08 5.2050782771764328e-09 
6.4146853508673697e-22 1.1090889985463240e-18 1.7772281258376117e-16 9.6838102589999041e-15 2.8084778707666139e-13 5.3554341843450058e-12 7.4090405179653801e-11 7.5658966213777282e-10 5.2050782771764328e-09 3.8418326906734501e-08 
