1.5246937816542181e-07 5.1114086750292644e-08 9.6460853989009449e-09 1.2176497047658283e-09 1.0887465112729140e-10 6.3845442274840882e-12 2.1041953726297467e-13 2.9388942125092438e-15 9.4909605899061074e-18 1.1207901450294141e-21 
5.1114086750292644e-08 1.4714080107509670e-07 6.6938440370424443e-08 1.9838379678536538e-08 3.6804008338733799e-09 4.3079939360787472e-10 2.8690332834281668e-11 8.4547562660315766e-13 6.2076078292120568e-15 1.9460217854489574e-18 
9.6460853989009449e-09 6.6938440370424443e-08 1.2472874402312480e-07 6.1966527134963708e-08 2.2263622086976015e-08 4.7258337146567011e-09 5.5838270546344566e-10 2.9864184356684777e-11 4.2838274428354756e-13 3.1318187604951470e-16 
1.2176497047658283e-09 1.9838379678536538e-08 6.1966527134963708e-08 1.0817347560198745e-07 5.4132075240922956e-08 2.0642111476944770e-08 4.2635445393335281e-09 3.9974136319966387e-10 1.0614385149080244e-11 1.7143989528735131e-14 
1.0887465112729140e-10 3.6804008338733799e-09 2.2263622086976015e-08 5.4132075240922956e-08 9.5509633273776247e-08 4.6172222380829020e-08 1.6963851892483535e-08 2.8413636063362102e-09 1.4067199684312215e-10 4.9978480752738291e-13 
6.3845442274840882e-12 4.3079939360787472e-10 4.7258337146567011e-09 2.0642111476944770e-08 4.6172222380829020e-08 8.5447259628400493e-08 3.8397678817466482e-08 1.2006219798974995e-08 1.1670322325223635e-09 9.5889264773915835e-12 
2.1041953726297467e-13 2.8690332834281668e-11 5.5838270546344566e-10 4.2635445393335281e-09 1.6963851892483535e-08 3.8397678817466482e-08 7.6886985768381217e-08 3.0247248845930507e-08 6.2983187397231861e-09 1.3372497255680270e-10 
2.9388942125092438e-15 8.4547562660315766e-13 2.9864184356684777e-11 3.9974136319966387e-10 2.8413636063362102e-09 1.2006219798974995e-08 3.0247248845930507e-08 6.8945454635134161e-08 2.0824322541424252e-08 1.3819534295491677e-09 
9.4909605899061074e-18 6.2076078292120568e-15 4.2838274428354756e-13 1.0614385149080244e-11 1.4067199684312215e-10 1.1670322325223635e-09 6.2983187397231861e-09 2.0824322541424252e-08 6.1056795560296717e-08 9.7026112876054490e-09 
1.1207901450294141e-21 1.9460217854489574e-18 3.1318187604951470e-16 1.7143989528735131e-14 4.9978480752738291e-13 9.5889264773915835e-12 1.3372497255680270e-10 1.3819534295491677e-09 9.7026112876054490e-09 4.7971023545278350e-08 
