1.9719736198433704e-07 6.6695873735458915e-08 1.2415281715700763e-08 1.5563301102844581e-09 1.3874712762243652e-10 8.1360031600097452e-12 2.6882476463639091e-13 3.7747985474470110e-15 1.2303770898410278e-17 1.4788665337710343e-21 
6.6695873735458915e-08 1.8158485466738617e-07 8.5683172927548924e-08 2.5298712680496348e-08 4.6889811294142353e-09 5.4963968425615196e-10 3.6740125982789476e-11 1.0893803967104735e-12 8.0759091321037359e-15 2.5764974502979664e-18 
1.2415281715700763e-08 8.5683172927548924e-08 1.5133883310492309e-07 7.8947736505766915e-08 2.8382337677677581e-08 6.0396500577874058e-09 7.1680365710974338e-10 3.8595139971093482e-11 5.5919778414190765e-13 4.1602519350473245e-16 
1.5563301102844581e-09 2.5298712680496348e-08 7.8947736505766915e-08 1.3012826363465083e-07 6.9117113843298322e-08 2.6442724290451329e-08 5.4887673199278445e-09 5.1825946781978615e-10 1.3904046333908332e-11 2.2851937406174443e-14 
1.3874712762243652e-10 4.6889811294142353e-09 2.8382337677677581e-08 6.9117113843298322e-08 1.1436734797523929e-07 5.9336231789989626e-08 2.1915838535083564e-08 3.6975615470754437e-09 1.8498431696364171e-10 6.6864208563571177e-13 
8.1360031600097452e-12 5.4963968425615196e-10 6.0396500577874058e-09 2.6442724290451329e-08 5.9336231789989626e-08 1.0207796836436921e-07 4.9828267858511816e-08 1.5696713173869407e-08 1.5417994055481299e-09 1.2882563810786434e-11 
2.6882476463639091e-13 3.6740125982789476e-11 7.1680365710974338e-10 5.4887673199278445e-09 2.1915838535083564e-08 4.9828267858511816e-08 9.1743877004187712e-08 3.9780956668801747e-08 8.3705147453717964e-09 1.8059662052339010e-10 
3.7747985474470110e-15 1.0893803967104735e-12 3.8595139971093482e-11 5.1825946781978615e-10 3.6975615470754437e-09 1.5696713173869407e-08 3.9780956668801747e-08 8.2208405384341786e-08 2.7898392495277805e-08 1.8799917081375079e-09 
1.2303770898410278e-17 8.0759091321037359e-15 5.5919778414190765e-13 1.3904046333908332e-11 1.8498431696364171e-10 1.5417994055481299e-09 8.3705147453717964e-09 2.7898392495277805e-08 7.2722544008757787e-08 1.3349639084306454e-08 
1.4788665337710343e-21 2.5764974502979664e-18 4.1602519350473245e-16 2.2851937406174443e-14 6.6864208563571177e-13 1.2882563810786434e-11 1.8059662052339010e-10 1.8799917081375079e-09 1.3349639084306454e-08 5.5891820043547225e-08 
