6.5162079300128450e-08 1.7494657805854959e-08 3.5436367598336983e-09 4.7028954324286270e-10 4.3605443955332847e-11 2.6267149089828973e-12 8.8290393252721077e-14 1.2491482440756733e-15 4.0507264166528792e-18 4.7190329710220376e-22 
1.7494657805854959e-08 7.1402182426135544e-08 2.5540773875449126e-08 7.8582627334256648e-09 1.4999909603645727e-09 1.7936751512218744e-10 1.2126393302975814e-11 3.6039301749453821e-13 2.6463758082125045e-15 8.1578737389086689e-19 
3.5436367598336983e-09 2.5540773875449126e-08 6.6252830665027851e-08 2.5079759313514584e-08 9.2016457907735363e-09 1.9847471685467113e-09 2.3708767549734161e-10 1.2743944448231003e-11 1.8226036411086480e-13 1.3067440599960454e-16 
4.7028954324286270e-10 7.8582627334256648e-09 2.5079759313514584e-08 6.1164903885238022e-08 2.2642025664461679e-08 8.7307496342506889e-09 1.8160006329227904e-09 1.7057620763257472e-10 4.5033724625458748e-12 7.1159721359665873e-15 
4.3605443955332847e-11 1.4999909603645727e-09 9.2016457907735363e-09 2.2642025664461679e-08 5.6629617019235773e-08 1.9633869523303662e-08 7.2382937937752601e-09 1.2109699153618805e-09 5.9454149664691770e-11 2.0619967119943715e-13 
2.6267149089828973e-12 1.7936751512218744e-10 1.9847471685467113e-09 8.7307496342506889e-09 1.9633869523303662e-08 5.2622822303463831e-08 1.6382409051322139e-08 5.1019585494838988e-09 4.9054363710080270e-10 3.9271995745768303e-12 
8.8290393252721077e-14 1.2126393302975814e-11 2.3708767549734161e-10 1.8160006329227904e-09 7.2382937937752601e-09 1.6382409051322139e-08 4.8918315491818583e-08 1.2781838909510964e-08 2.6257414977089609e-09 5.4230522575352229e-11 
1.2491482440756733e-15 3.6039301749453821e-13 1.2743944448231003e-11 1.7057620763257472e-10 1.2109699153618805e-09 5.1019585494838988e-09 1.2781838909510964e-08 4.5253759540971550e-08 8.5702820074092972e-09 5.5201260656622685e-10 
4.0507264166528792e-18 2.6463758082125045e-15 1.8226036411086480e-13 4.5033724625458748e-12 5.9454149664691770e-11 4.9054363710080270e-10 2.6257414977089609e-09 8.5702820074092972e-09 4.1434427952908373e-08 3.7734737966666902e-09 
4.7190329710220376e-22 8.1578737389086689e-19 1.3067440599960454e-16 7.1159721359665873e-15 2.0619967119943715e-13 3.9271995745768303e-12 5.4230522575352229e-11 5.5201260656622685e-10 3.7734737966666902e-09 3.5499651291958425e-08 
