1.9408814350873359e-06 8.1060584034159857e-07 1.6451990446028997e-07 2.2767778880233904e-08 2.1820402971770647e-09 1.3319887850068180e-10 4.5466220058878116e-12 6.7246323369812656e-14 2.3919167825026425e-16 3.2516742576108452e-20 
8.1060584034159857e-07 2.0254890912954847e-06 1.2212385315375089e-06 3.8979632905827643e-07 7.5769238399962484e-08 9.1616296669895369e-09 6.3576616667450767e-10 2.0010671265924579e-11 1.6177269791777228e-13 5.7603142039399022e-17 
1.6451990446028997e-07 1.2212385315375089e-06 1.9074771951787510e-06 1.2627363010498645e-06 4.6778166311059971e-07 1.0249070755818170e-07 1.2702245180617258e-08 7.2943627064564760e-10 1.1496079010913463e-11 9.4352974781242384e-15 
2.2767778880233904e-08 3.8979632905827643e-07 1.2627363010498645e-06 1.7013783038551690e-06 1.1619272865572485e-06 4.5909766304787009e-07 9.9989425295794655e-08 1.0081486520016322e-08 2.9282544692205164e-10 5.2503437921837499e-13 
2.1820402971770647e-09 7.5769238399962484e-08 4.6778166311059971e-07 1.1619272865572485e-06 1.5148617343885952e-06 1.0625887720668857e-06 4.1287612394754663e-07 7.4212773883518469e-08 3.9900491328831992e-09 1.5548670538803125e-11 
1.3319887850068180e-10 9.1616296669895369e-09 1.0249070755818170e-07 4.5909766304787009e-07 1.0625887720668857e-06 1.4059754124590653e-06 9.7716866547016436e-07 3.2620327617038631e-07 3.4095421073997288e-08 3.0305984585727956e-10 
4.5466220058878116e-12 6.3576616667450767e-10 1.2702245180617258e-08 9.9989425295794655e-08 4.1287612394754663e-07 9.7716866547016436e-07 1.3329000463190734e-06 8.5878771980238781e-07 1.9006770792570195e-07 4.2974129723097002e-09 
6.7246323369812656e-14 2.0010671265924579e-11 7.2943627064564760e-10 1.0081486520016322e-08 7.4212773883518469e-08 3.2620327617038631e-07 8.5878771980238781e-07 1.2412634758880343e-06 6.5096496106356786e-07 4.5235713426041572e-08 
2.3919167825026425e-16 1.6177269791777228e-13 1.1496079010913463e-11 2.9282544692205164e-10 3.9900491328831992e-09 3.4095421073997288e-08 1.9006770792570195e-07 6.5096496106356786e-07 1.0929560288818726e-06 3.2382417338910094e-07 
3.2516742576108452e-20 5.7603142039399022e-17 9.4352974781242384e-15 5.2503437921837499e-13 1.5548670538803125e-11 3.0305984585727956e-10 4.2974129723097002e-09 4.5235713426041572e-08 3.2382417338910094e-07 6.9442147915177471e-07 
