1.290081544490e-07 4.258609169542e-08 8.127220029487e-09 1.033082243709e-09 9.275864660832e-11 5.451601234930e-12 1.799895363900e-13 2.508809740066e-15 8.089668253302e-18 9.456572980601e-22 
4.258609169542e-08 1.282424953204e-07 5.669749575241e-08 1.688334424100e-08 3.140058951537e-09 3.682972605206e-10 2.452589374577e-11 7.210510277912e-13 5.286972140040e-15 1.638492452554e-18 
8.127220029487e-09 5.669749575241e-08 1.103074021081e-07 5.283957990586e-08 1.901922039114e-08 4.041815407103e-09 4.768102759702e-10 2.546069828317e-11 3.642703296447e-13 2.633088399205e-16 
1.033082243709e-09 1.688334424100e-08 5.283957990586e-08 9.650050565632e-08 4.629371299163e-08 1.764348710735e-08 3.637052582930e-09 3.406875321413e-10 9.004924139586e-12 1.440057833875e-14 
9.275864660832e-11 3.140058951537e-09 1.901922039114e-08 4.629371299163e-08 8.574804383516e-08 3.940907858228e-08 1.446283265466e-08 2.419360227823e-09 1.189978484274e-10 4.195453115804e-13 
5.451601234930e-12 3.682972605206e-10 4.041815407103e-09 1.764348710735e-08 3.940907858228e-08 7.701289188541e-08 3.272107839552e-08 1.019892419307e-08 9.840568154197e-10 8.043653682429e-12 
1.799895363900e-13 2.452589374577e-11 4.768102759702e-10 3.637052582930e-09 1.446283265466e-08 3.272107839552e-08 6.960174624578e-08 2.558347364727e-08 5.295695016574e-09 1.120011083040e-10 
2.508809740066e-15 7.210510277912e-13 2.546069828317e-11 3.406875321413e-10 2.419360227823e-09 1.019892419307e-08 2.558347364727e-08 6.249547634971e-08 1.747661912306e-08 1.152636979797e-09 
8.089668253302e-18 5.286972140040e-15 3.642703296447e-13 9.004924139586e-12 1.189978484274e-10 9.840568154197e-10 5.295695016574e-09 1.747661912306e-08 5.566517057375e-08 8.010850960783e-09 
9.456572980601e-22 1.638492452554e-18 2.633088399205e-16 1.440057833875e-14 4.195453115804e-13 8.043653682429e-12 1.120011083040e-10 1.152636979797e-09 8.010850960783e-09 4.433290508303e-08 
