6.093054154950e-08 1.562902459813e-08 3.184882435038e-09 4.247666724587e-10 3.957617035411e-11 2.391536456220e-12 8.069843460838e-14 1.145824650524e-15 3.720942816534e-18 4.355371601068e-22 
1.562902459813e-08 6.698839542582e-08 2.303891435364e-08 7.120841190203e-09 1.364304056022e-09 1.636337091706e-10 1.110863562358e-11 3.306591365209e-13 2.434811042924e-15 7.524907347302e-19 
3.184882435038e-09 2.303891435364e-08 6.265867060353e-08 2.279290874656e-08 8.383652546471e-09 1.814648704025e-09 2.174230535413e-10 1.169693776876e-11 1.679470954816e-13 1.204495371005e-16 
4.247666724587e-10 7.120841190203e-09 2.279290874656e-08 5.822285086434e-08 2.067763214496e-08 7.999346681196e-09 1.666104829538e-09 1.567100088508e-10 4.154326105354e-12 6.555177187808e-15 
3.957617035411e-11 1.364304056022e-09 8.383652546471e-09 2.067763214496e-08 5.423746301540e-08 1.801009485423e-08 6.643318771531e-09 1.114295297671e-09 5.487356580097e-11 1.898990645745e-13 
2.391536456220e-12 1.636337091706e-10 1.814648704025e-09 7.999346681196e-09 1.801009485423e-08 5.061180052615e-08 1.505590179381e-08 4.703654409762e-09 4.526261340928e-10 3.617828624755e-12 
8.069843460838e-14 1.110863562358e-11 2.174230535413e-10 1.666104829538e-09 6.643318771531e-09 1.505590179381e-08 4.728997821655e-08 1.179700072217e-08 2.420287852691e-09 5.001236293254e-11 
1.145824650524e-15 3.306591365209e-13 1.169693776876e-11 1.567100088508e-10 1.114295297671e-09 4.703654409762e-09 1.179700072217e-08 4.392659220475e-08 7.894657930800e-09 5.099615621309e-10 
3.720942816534e-18 2.434811042924e-15 1.679470954816e-13 4.154326105354e-12 5.487356580097e-11 4.526261340928e-10 2.420287852691e-09 7.894657930800e-09 4.041588540911e-08 3.486646163131e-09 
4.355371601068e-22 7.524907347302e-19 1.204495371005e-16 6.555177187808e-15 1.898990645745e-13 3.617828624755e-12 5.001236293254e-11 5.099615621309e-10 3.486646163131e-09 3.491066278082e-08 
