1.1807319054912720e-07 3.8590714509179377e-08 7.4137373117538933e-09 9.4622454196276975e-10 8.5188646549560251e-11 5.0156685105146285e-12 1.6557957336475601e-13 2.3105894626297653e-15 7.4285042709799438e-18 8.6687214954606699e-22 
3.8590714509179377e-08 1.1936719355356663e-07 5.1884376741775171e-08 1.5491806629892847e-08 2.8875697497418875e-09 3.3883380721856153e-10 2.2573614890109966e-11 6.6386936930272469e-13 4.8481531403085968e-15 1.5013798578940217e-18 
7.4137373117538933e-09 5.1884376741775171e-08 1.0351274931994848e-07 4.8567387122522001e-08 1.7498675910530205e-08 3.7186096276660111e-09 4.3906700229694458e-10 2.3414406187252711e-11 3.3383428466606236e-13 2.4102299411710912e-16 
9.4622454196276975e-10 1.5491806629892847e-08 4.8567387122522001e-08 9.1039410819969745e-08 4.2589081833410038e-08 1.6240041556236145e-08 3.3489356653693831e-09 3.1284935734688498e-10 8.2521441570223377e-12 1.3159459664760329e-14 
8.5188646549560251e-11 2.8875697497418875e-09 1.7498675910530205e-08 4.2589081833410038e-08 8.1162505618547955e-08 3.6293108345170413e-08 1.3302495536763686e-08 2.2186740880781658e-09 1.0906843207427144e-10 3.8253091925389699e-13 
5.0156685105146285e-12 3.3883380721856153e-10 3.7186096276660111e-09 1.6240041556236145e-08 3.6293108345170413e-08 7.3117246765947447e-08 3.0034836454699454e-08 9.3465796375251619e-09 9.0180592876293224e-10 7.3148997244606610e-12 
1.6557957336475601e-13 2.2573614890109966e-11 4.3906700229694458e-10 3.3489356653693831e-09 1.3302495536763686e-08 3.0034836454699454e-08 6.6145737564381296e-08 2.3449464128862599e-08 4.8453601694905296e-09 1.0157903540599522e-10 
2.3105894626297653e-15 6.6386936930272469e-13 2.3414406187252711e-11 3.1284935734688498e-10 2.2186740880781658e-09 9.3465796375251619e-09 2.3449464128862599e-08 5.9608740320711580e-08 1.5921252311844231e-08 1.0432750495440368e-09 
7.4285042709799438e-18 4.8481531403085968e-15 3.3383428466606236e-13 8.2521441570223377e-12 1.0906843207427144e-10 9.0180592876293224e-10 4.8453601694905296e-09 1.5921252311844231e-08 5.3088020054750005e-08 7.2503082330675229e-09 
8.6687214954606699e-22 1.5013798578940217e-18 2.4102299411710912e-16 1.3159459664760329e-14 3.8253091925389699e-13 7.3148997244606610e-12 1.0157903540599522e-10 1.0432750495440368e-09 7.2503082330675229e-09 4.2708871979867126e-08 
