2.714445128904e-07 9.189208112108e-08 1.696101674383e-08 2.124911194569e-09 1.900682013428e-10 1.122802126183e-11 3.741913967332e-13 5.295718515160e-15 1.751891202831e-17 2.164069171247e-21 
9.189208112108e-08 2.379290319499e-07 1.169508104031e-07 3.460818515049e-08 6.450471446074e-09 7.624096388458e-10 5.132882794208e-11 1.535617431064e-12 1.156687397389e-14 3.788165126575e-18 
1.696101674383e-08 1.169508104031e-07 1.965604950795e-07 1.083933369770e-07 3.924349892141e-08 8.410837898101e-09 1.004871884639e-09 5.467140368440e-11 8.052874984823e-13 6.144420631486e-16 
2.124911194569e-09 3.460818515049e-08 1.083933369770e-07 1.689690604432e-07 9.607203960410e-08 3.696069859232e-08 7.726997008514e-09 7.380466489873e-10 2.013101885089e-11 3.390508530344e-14 
1.900682013428e-10 6.450471446074e-09 3.924349892141e-08 9.607203960410e-08 1.485301195710e-07 8.331096505338e-08 3.102709683145e-08 5.298207598673e-09 2.693714772416e-10 9.967907606840e-13 
1.122802126183e-11 7.624096388458e-10 8.410837898101e-09 3.696069859232e-08 8.331096505338e-08 1.326060531996e-07 7.106955897022e-08 2.265857611041e-08 2.260044976827e-09 1.930566378266e-11 
3.741913967332e-13 5.132882794208e-11 1.004871884639e-09 7.726997008514e-09 3.102709683145e-08 7.106955897022e-08 1.196839235015e-07 5.794038960573e-08 1.237012457713e-08 2.723360641978e-10 
5.295718515160e-15 1.535617431064e-12 5.467140368440e-11 7.380466489873e-10 5.298207598673e-09 2.265857611041e-08 5.794038960573e-08 1.077319513911e-07 4.166032008079e-08 2.859148734424e-09 
1.751891202831e-17 1.156687397389e-14 8.052874984823e-13 2.013101885089e-11 2.693714772416e-10 2.260044976827e-09 1.237012457713e-08 4.166032008079e-08 9.560257130901e-08 2.057617467146e-08 
2.164069171247e-21 3.788165126575e-18 6.144420631486e-16 3.390508530344e-14 9.967907606840e-13 1.930566378266e-11 2.723360641978e-10 2.859148734424e-09 2.057617467146e-08 7.173047591155e-08 
