7.700476378245e-08 2.246519482064e-08 4.475470962478e-09 5.862164778373e-10 5.381390099021e-11 3.212478669843e-12 1.073075278685e-13 1.508587680428e-15 4.865706688162e-18 5.655719305008e-22 
2.246519482064e-08 8.291434098059e-08 3.193979114101e-08 9.728484246414e-09 1.840561262971e-09 2.185184683453e-10 1.469593953335e-11 4.339672802042e-13 3.178702041892e-15 9.767403755726e-19 
4.475470962478e-09 3.193979114101e-08 7.537214083449e-08 3.084743237474e-08 1.123662701393e-08 2.411291330881e-09 2.865189637623e-10 1.532064686017e-11 2.189205872047e-13 1.563521360225e-16 
5.862164778373e-10 9.728484246414e-09 3.084743237474e-08 6.849138414027e-08 2.754435933328e-08 1.057660305161e-08 2.188508685742e-09 2.049181208600e-10 5.407169816527e-12 8.513088396566e-15 
5.381390099021e-11 1.840561262971e-09 1.123662701393e-08 2.754435933328e-08 6.266522747999e-08 2.369993823222e-08 8.703218064460e-09 1.454548352819e-09 7.132589217448e-11 2.468225273811e-13 
3.212478669843e-12 2.185184683453e-10 2.411291330881e-09 1.057660305161e-08 2.369993823222e-08 5.757892476864e-08 1.967876053442e-08 6.127188674054e-09 5.877436636930e-10 4.707502936781e-12 
1.073075278685e-13 1.469593953335e-11 2.865189637623e-10 2.188508685742e-09 8.703218064460e-09 1.967876053442e-08 5.308398120830e-08 1.533321461528e-08 3.142393992980e-09 6.516188724405e-11 
1.508587680428e-15 4.339672802042e-13 1.532064686017e-11 2.049181208600e-10 1.454548352819e-09 6.127188674054e-09 1.533321461528e-08 4.861478491732e-08 1.026516120933e-08 6.654635884862e-10 
4.865706688162e-18 3.178702041892e-15 2.189205872047e-13 5.407169816527e-12 7.132589217448e-11 5.877436636930e-10 3.142393992980e-09 1.026516120933e-08 4.412576254805e-08 4.561897301675e-09 
5.655719305008e-22 9.767403755726e-19 1.563521360225e-16 8.513088396566e-15 2.468225273811e-13 4.707502936781e-12 6.516188724405e-11 6.654635884862e-10 4.561897301675e-09 3.707222281613e-08 
