1.223598295935e-05 4.568149952748e-06 8.653712690603e-07 1.112166455287e-07 1.011630142563e-08 6.011785228429e-10 1.998889133371e-11 2.801787184623e-13 9.012597270136e-16 1.043174289516e-19 
4.568149952748e-06 1.067128472730e-05 6.082941206659e-06 1.833364039297e-06 3.449484260804e-07 4.078930863277e-08 2.732149340222e-09 8.056184837384e-11 5.876683181054e-13 1.802341827750e-16 
8.653712690603e-07 6.082941206659e-06 8.927325326531e-06 5.787793181681e-06 2.100873346929e-06 4.490576016613e-07 5.322211499599e-08 2.841621097994e-09 4.041450649259e-11 2.885896677897e-14 
1.112166455287e-07 1.833364039297e-06 5.787793181681e-06 7.564417051271e-06 5.135493673225e-06 1.966037960101e-06 4.063181819158e-07 3.795288631063e-08 9.973656201790e-10 1.571115206120e-12 
1.011630142563e-08 3.449484260804e-07 2.100873346929e-06 5.135493673225e-06 6.435964249199e-06 4.401364233494e-06 1.614422384025e-06 2.688949134722e-07 1.315326820595e-08 4.551883356378e-11 
6.011785228429e-10 4.078930863277e-08 4.490576016613e-07 1.966037960101e-06 4.401364233494e-06 5.478890609297e-06 3.642994519808e-06 1.130695596072e-06 1.084213466681e-07 8.668845985135e-10 
1.998889133371e-11 2.732149340222e-09 5.322211499599e-08 4.063181819158e-07 1.614422384025e-06 3.642994519808e-06 4.621485123741e-06 2.827676439352e-06 5.798994833527e-07 1.197176891619e-08 
2.801787184623e-13 8.056184837384e-11 2.841621097994e-09 3.795288631063e-08 2.688949134722e-07 1.130695596072e-06 2.827676439352e-06 3.794438218988e-06 1.891935898482e-06 1.219021703975e-07 
9.012597270136e-16 5.876683181054e-13 4.041450649259e-11 9.973656201790e-10 1.315326820595e-08 1.084213466681e-07 5.798994833527e-07 1.891935898482e-06 2.949132437187e-06 8.340414731134e-07 
1.043174289516e-19 1.802341827750e-16 2.885896677897e-14 1.571115206120e-12 4.551883356378e-11 8.668845985135e-10 1.197176891619e-08 1.219021703975e-07 8.340414731134e-07 1.642550713764e-06 
