3.144272742395e-07 1.065189568539e-07 1.965641930677e-08 2.469130608907e-09 2.217723179789e-10 1.311525194130e-11 4.387559441406e-13 6.281879307552e-15 2.105442493891e-17 2.638748959920e-21 
1.065189568539e-07 2.712051090909e-07 1.357666163805e-07 4.032774613571e-08 7.533750583911e-09 8.917971588093e-10 6.050563680512e-11 1.831201088597e-12 1.395129291542e-14 4.629521186436e-18 
1.965641930677e-08 1.357666163805e-07 2.242676478424e-07 1.265673394833e-07 4.585800710875e-08 9.870245871764e-09 1.190579229836e-09 6.546221023471e-11 9.742062522805e-13 7.525629259537e-16 
2.469130608907e-09 4.032774613571e-08 1.265673394833e-07 1.926623388349e-07 1.125239817831e-07 4.359955862447e-08 9.201248205745e-09 8.870168718949e-10 2.442103711368e-11 4.162119560177e-14 
2.217723179789e-10 7.533750583911e-09 4.585800710875e-08 1.125239817831e-07 1.699419551968e-07 9.891157755288e-08 3.713452592360e-08 6.391684812464e-09 3.276928859261e-10 1.226587478943e-12 
1.311525194130e-11 8.917971588093e-10 9.870245871764e-09 4.359955862447e-08 9.891157755288e-08 1.529813690932e-07 8.550060004372e-08 2.744522809989e-08 2.758078432472e-09 2.381788977870e-11 
4.387559441406e-13 6.050563680512e-11 1.190579229836e-09 9.201248205745e-09 3.713452592360e-08 8.550060004372e-08 1.388567252056e-07 7.049170643498e-08 1.515575473393e-08 3.369365842418e-10 
6.281879307552e-15 1.831201088597e-12 6.546221023471e-11 8.870168718949e-10 6.391684812464e-09 2.744522809989e-08 7.049170643498e-08 1.254725713992e-07 5.130699158161e-08 3.548089146659e-09 
2.105442493891e-17 1.395129291542e-14 9.742062522805e-13 2.442103711368e-11 3.276928859261e-10 2.758078432472e-09 1.515575473393e-08 5.130699158161e-08 1.117052023888e-07 2.563019901646e-08 
2.638748959920e-21 4.629521186436e-18 7.525629259537e-16 4.162119560177e-14 1.226587478943e-12 2.381788977870e-11 3.369365842418e-10 3.548089146659e-09 2.563019901646e-08 8.293462042824e-08 
