3.751950549591e-06 1.581761545706e-06 3.161054390373e-07 4.362227185766e-08 4.234337855772e-09 2.637259379717e-10 9.045122789071e-12 1.296425112570e-13 4.270179182407e-16 5.172209011763e-20 
1.581761545706e-06 3.872803845409e-06 2.339068853868e-06 7.521215939561e-07 1.489210373004e-07 1.823814830917e-08 1.250885997405e-09 3.759991315115e-11 2.808524721373e-13 9.021812320165e-17 
3.161054390373e-07 2.339068853868e-06 3.646540637410e-06 2.468450547408e-06 9.284602983531e-07 2.035073204765e-07 2.457917663639e-08 1.336238434100e-09 1.947764425551e-11 1.458432328601e-14 
4.362227185766e-08 7.521215939561e-07 2.468450547408e-06 3.343830521121e-06 2.312701671592e-06 9.012818624961e-07 1.891956610858e-07 1.798624669576e-08 4.849882269558e-10 8.020660186723e-13 
4.234337855772e-09 1.489210373004e-07 9.284602983531e-07 2.312701671592e-06 2.958086361374e-06 2.039459465134e-06 7.585251307768e-07 1.286000086125e-07 6.461839963049e-09 2.349848068140e-11 
2.637259379717e-10 1.823814830917e-08 2.035073204765e-07 9.012818624961e-07 2.039459465134e-06 2.582400497376e-06 1.730341886846e-06 5.470855308459e-07 5.394720588954e-08 4.533952927035e-10 
9.045122789071e-12 1.250885997405e-09 2.457917663639e-08 1.891956610858e-07 7.585251307768e-07 1.730341886846e-06 2.241167773467e-06 1.389691055147e-06 2.934921251259e-07 6.367014221941e-09 
1.296425112570e-13 3.759991315115e-11 1.336238434100e-09 1.798624669576e-08 1.286000086125e-07 5.470855308459e-07 1.389691055147e-06 1.919971230212e-06 9.809244178133e-07 6.642403895757e-08 
4.270179182407e-16 2.808524721373e-13 1.947764425551e-11 4.849882269558e-10 6.461839963049e-09 5.394720588954e-08 2.934921251259e-07 9.809244178133e-07 1.599296497461e-06 4.728293290366e-07 
5.172209011763e-20 9.021812320165e-17 1.458432328601e-14 8.020660186723e-13 2.349848068140e-11 4.533952927035e-10 6.367014221941e-09 6.642403895757e-08 4.728293290366e-07 1.008110117805e-06 
