6.858396326771e-08 1.893571219007e-08 3.813366429970e-09 5.039268717102e-10 4.654763417783e-11 2.798002147451e-12 9.375418939465e-14 1.324020857336e-15 4.290665925909e-18 4.988573001277e-22 
1.893571219007e-08 7.473518382082e-08 2.739757437379e-08 8.398309966420e-09 1.598911175967e-09 1.907550494922e-10 1.285856287023e-11 3.820870984115e-13 2.799491296297e-15 8.631960176645e-19 
3.813366429970e-09 2.739757437379e-08 6.888901705056e-08 2.674765058417e-08 9.796190844781e-09 2.107196131752e-09 2.513145024862e-10 1.350816072137e-11 1.926037626026e-13 1.383830705520e-16 
5.039268717102e-10 8.398309966420e-09 2.674765058417e-08 6.330578529870e-08 2.405949557364e-08 9.257250086133e-09 1.925155999909e-09 1.806621739527e-10 4.756660631514e-12 7.539809222311e-15 
4.654763417783e-11 1.598911175967e-09 9.796190844781e-09 2.405949557364e-08 5.834989826427e-08 2.081195286461e-08 7.672612277750e-09 1.280966022617e-09 6.281161939305e-11 2.185073824966e-13 
2.798002147451e-12 1.907550494922e-10 2.107196131752e-09 9.257250086133e-09 2.081195286461e-08 5.409119253872e-08 1.734599412082e-08 5.390301031981e-09 5.187400437441e-10 4.159964500946e-12 
9.375418939465e-14 1.285856287023e-11 2.513145024862e-10 1.925155999909e-09 7.672612277750e-09 1.734599412082e-08 5.009555371184e-08 1.350419611589e-08 2.780479869087e-09 5.738822511364e-11 
1.324020857336e-15 3.820870984115e-13 1.350816072137e-11 1.806621739527e-10 1.280966022617e-09 5.390301031981e-09 1.350419611589e-08 4.624927765817e-08 9.079678103372e-09 5.834515163000e-10 
4.290665925909e-18 2.799491296297e-15 1.926037626026e-13 4.756660631514e-12 6.281161939305e-11 5.187400437441e-10 2.780479869087e-09 9.079678103372e-09 4.219642319221e-08 3.994318343620e-09 
4.988573001277e-22 8.631960176645e-19 1.383830705520e-16 7.539809222311e-15 2.185073824966e-13 4.159964500946e-12 5.738822511364e-11 5.834515163000e-10 3.994318343620e-09 3.597128834075e-08 
