2.535972493571e-07 8.584421630911e-08 1.585915833377e-08 1.985488254438e-09 1.774349672264e-10 1.045027564787e-11 3.481726016182e-13 4.926158509835e-15 1.618257072126e-17 1.982994069404e-21 
8.584421630911e-08 2.243003623971e-07 1.093005336209e-07 3.232085888614e-08 6.011219071313e-09 7.091426988025e-10 4.778663056651e-11 1.425089118536e-12 1.066215221570e-14 3.467143677606e-18 
1.585915833377e-08 1.093005336209e-07 1.854549541922e-07 1.010964859880e-07 3.651294752435e-08 7.826701405386e-09 9.348785353170e-10 5.061515822628e-11 7.410499454730e-13 5.617463586616e-16 
1.985488254438e-09 3.232085888614e-08 1.010964859880e-07 1.592052771542e-07 8.936951699310e-08 3.440738220091e-08 7.175617330513e-09 6.817519409178e-10 1.849708676408e-11 3.096325173663e-14 
1.774349672264e-10 6.011219071313e-09 3.651294752435e-08 8.936951699310e-08 1.402210416153e-07 7.746421882365e-08 2.873299016318e-08 4.883287398238e-09 2.471360222506e-10 9.093251908002e-13 
1.045027564787e-11 7.091426988025e-10 7.826701405386e-09 3.440738220091e-08 7.746421882365e-08 1.249675202408e-07 6.560906484677e-08 2.083700396143e-08 2.070059409032e-09 1.759317187208e-11 
3.481726016182e-13 4.778663056651e-11 9.348785353170e-10 7.175617330513e-09 2.873299016318e-08 6.560906484677e-08 1.123937265538e-07 5.315499192667e-08 1.130775627557e-08 2.479054132945e-10 
4.926158509835e-15 1.425089118536e-12 5.061515822628e-11 6.817519409178e-10 4.883287398238e-09 2.083700396143e-08 5.315499192667e-08 1.009637824220e-07 3.799309205220e-08 2.598577095977e-09 
1.618257072126e-17 1.066215221570e-14 7.410499454730e-13 1.849708676408e-11 2.471360222506e-10 2.070059409032e-09 1.130775627557e-08 3.799309205220e-08 8.951242597978e-08 1.863520867171e-08 
1.982994069404e-21 3.467143677606e-18 5.617463586616e-16 3.096325173663e-14 9.093251908002e-13 1.759317187208e-11 2.479054132945e-10 2.598577095977e-09 1.863520867171e-08 6.747497909057e-08 
