2.568729398213e-09 4.827706794373e-11 5.505168842269e-11 5.913801257287e-11 6.207129911090e-11 6.440331292309e-11 6.640168844894e-11 6.824133347872e-11 7.010824456131e-11 7.266395944946e-11 
4.827706794373e-11 2.627264485560e-09 1.080609738449e-10 1.201638753056e-10 1.288549871029e-10 1.357548066675e-10 1.416676834904e-10 1.471112907141e-10 1.526356309318e-10 1.601989384912e-10 
5.505168842269e-11 1.080609738449e-10 2.676209930829e-09 1.578361926227e-10 1.724963246506e-10 1.840940837317e-10 1.940183966671e-10 2.031554368963e-10 2.124285879017e-10 2.251250473517e-10 
5.913801257287e-11 1.201638753056e-10 1.578361926227e-10 2.724143099817e-09 2.069837457942e-10 2.239663684724e-10 2.384283045775e-10 2.517207448529e-10 2.652116363005e-10 2.836847801785e-10 
6.207129911090e-11 1.288549871029e-10 1.724963246506e-10 2.069837457942e-10 2.773755678117e-09 2.586071892408e-10 2.784991328592e-10 2.966787072040e-10 3.151039761052e-10 3.403405096477e-10 
6.440331292309e-11 1.357548066675e-10 1.840940837317e-10 2.239663684724e-10 2.586071892408e-10 2.827207869579e-09 3.150559810040e-10 3.390462934263e-10 3.631926430567e-10 3.962527377430e-10 
6.640168844894e-11 1.416676834904e-10 1.940183966671e-10 2.384283045775e-10 2.784991328592e-10 3.150559810040e-10 2.887048314284e-09 3.797723838439e-10 4.108021114524e-10 4.529497456196e-10 
6.824133347872e-11 1.471112907141e-10 2.031554368963e-10 2.517207448529e-10 2.966787072040e-10 3.390462934263e-10 3.797723838439e-10 2.958371792529e-09 4.603906696250e-10 5.135160287453e-10 
7.010824456131e-11 1.526356309318e-10 2.124285879017e-10 2.652116363005e-10 3.151039761052e-10 3.631926430567e-10 4.108021114524e-10 4.603906696250e-10 3.053813980350e-09 5.855644529912e-10 
7.266395944946e-11 1.601989384912e-10 2.251250473517e-10 2.836847801785e-10 3.403405096477e-10 3.962527377430e-10 4.529497456196e-10 5.135160287453e-10 5.855644529912e-10 3.239604733933e-09 
