2.541985260589e-09 5.996034864893e-12 6.997121327842e-12 7.603328905901e-12 8.038363602306e-12 8.384202124683e-12 8.680566882204e-12 8.953392444282e-12 9.230261749119e-12 9.609298622279e-12 
5.996034864893e-12 2.550670320064e-09 1.545701372389e-11 1.754012587720e-11 1.903547883864e-11 2.022171669584e-11 2.123830644152e-11 2.217425327213e-11 2.312408563525e-11 2.442453179826e-11 
6.997121327842e-12 1.545701372389e-11 2.559314366904e-09 2.460900566136e-11 2.737275458337e-11 2.955495609932e-11 3.142129237112e-11 3.313965981884e-11 3.488367680387e-11 3.727159755478e-11 
7.603328905901e-12 1.754012587720e-11 2.460900566136e-11 2.568594244106e-09 3.440860670442e-11 3.783046782178e-11 4.073910682270e-11 4.341130633330e-11 4.612351049844e-11 4.983752771325e-11 
8.038363602306e-12 1.903547883864e-11 2.737275458337e-11 3.440860670442e-11 2.578845902307e-09 4.532481656837e-11 4.954706113142e-11 5.339959108682e-11 5.730330411625e-11 6.265061627734e-11 
8.384202124683e-12 2.022171669584e-11 2.955495609932e-11 3.783046782178e-11 4.532481656837e-11 2.590439912528e-09 5.778371334051e-11 6.308085665308e-11 6.840666292943e-11 7.569908170164e-11 
8.680566882204e-12 2.123830644152e-11 3.142129237112e-11 4.073910682270e-11 4.954706113142e-11 5.778371334051e-11 2.603893029054e-09 7.253165525885e-11 7.959784996758e-11 8.919394264347e-11 
8.953392444282e-12 2.217425327213e-11 3.313965981884e-11 4.341130633330e-11 5.339959108682e-11 6.308085665308e-11 7.253165525885e-11 2.620381446466e-09 9.136196496712e-11 1.037810802575e-10 
9.230261749119e-12 2.312408563525e-11 3.488367680387e-11 4.612351049844e-11 5.730330411625e-11 6.840666292943e-11 7.959784996758e-11 9.136196496712e-11 2.642875749746e-09 1.211607418176e-10 
9.609298622279e-12 2.442453179826e-11 3.727159755478e-11 4.983752771325e-11 6.265061627734e-11 7.569908170164e-11 8.919394264347e-11 1.037810802575e-10 1.211607418176e-10 2.687102973838e-09 
