2.552548864640e-09 2.319060093233e-11 2.671684077234e-11 2.884672483614e-11 3.037552088953e-11 3.159092172663e-11 3.263244119620e-11 3.359123385304e-11 3.456423724081e-11 3.589626055817e-11 
2.319060093233e-11 2.583069638875e-09 5.518711408764e-11 6.187500348746e-11 6.667758214284e-11 7.048968019806e-11 7.375653410761e-11 7.676414332907e-11 7.981636069426e-11 8.399517579399e-11 
2.671684077234e-11 5.518711408764e-11 2.610374477527e-09 8.333774415844e-11 9.169218549235e-11 9.829907485058e-11 1.039521531426e-10 1.091568512864e-10 1.144391069585e-10 1.216714697457e-10 
2.884672483614e-11 6.187500348746e-11 8.333774415844e-11 2.637914593035e-09 1.118229936427e-10 1.216922413670e-10 1.300941797479e-10 1.378163441412e-10 1.456538615945e-10 1.563859412819e-10 
3.037552088953e-11 6.667758214284e-11 9.169218549235e-11 1.118229936427e-10 2.666936649868e-09 1.421958781254e-10 1.539070969657e-10 1.646091066712e-10 1.754559307545e-10 1.903126654243e-10 
3.159092172663e-11 7.048968019806e-11 9.829907485058e-11 1.216922413670e-10 1.421958781254e-10 2.698549746077e-09 1.756977823038e-10 1.899374879951e-10 2.042723988384e-10 2.239001129681e-10 
3.263244119620e-11 7.375653410761e-11 1.039521531426e-10 1.300941797479e-10 1.539070969657e-10 1.756977823038e-10 2.734157934015e-09 2.142797123659e-10 2.327915439305e-10 2.579510877203e-10 
3.359123385304e-11 7.676414332907e-11 1.091568512864e-10 1.378163441412e-10 1.646091066712e-10 1.899374879951e-10 2.142797123659e-10 2.776702928237e-09 2.624069681592e-10 2.942408329975e-10 
3.456423724081e-11 7.981636069426e-11 1.144391069585e-10 1.456538615945e-10 1.754559307545e-10 2.042723988384e-10 2.327915439305e-10 2.624069681592e-10 2.833538461537e-09 3.370668498398e-10 
3.589626055817e-11 8.399517579399e-11 1.216714697457e-10 1.563859412819e-10 1.903126654243e-10 2.239001129681e-10 2.579510877203e-10 2.942408329975e-10 3.370668498398e-10 2.943227208075e-09 
