2.557683038770e-09 3.126790460873e-11 3.587909626086e-11 3.866265488907e-11 4.066071155559e-11 4.224918852818e-11 4.361040724250e-11 4.486350524231e-11 4.613517595276e-11 4.787605615168e-11 
3.126790460873e-11 2.597567220714e-09 7.263897118427e-11 8.117198599035e-11 8.729963990615e-11 9.216394281770e-11 9.633248992327e-11 1.001702202942e-10 1.040648689174e-10 1.093970331594e-10 
3.587909626086e-11 7.263897118427e-11 2.632266026004e-09 1.082004081710e-10 1.187175716388e-10 1.270365092028e-10 1.341548683236e-10 1.407085794698e-10 1.473599313598e-10 1.564667877335e-10 
3.866265488907e-11 8.117198599035e-11 1.082004081710e-10 2.666807685181e-09 1.437837547572e-10 1.560963191548e-10 1.665801103976e-10 1.762159999546e-10 1.859957917999e-10 1.993873908019e-10 
4.066071155559e-11 8.729963990615e-11 1.187175716388e-10 1.437837547572e-10 2.702898638018e-09 1.814462628799e-10 1.959617849545e-10 2.092279885486e-10 2.226738088648e-10 2.410901909666e-10 
4.224918852818e-11 9.216394281770e-11 1.270365092028e-10 1.560963191548e-10 1.814462628799e-10 2.741984407173e-09 2.227845178497e-10 2.403542796643e-10 2.580413291806e-10 2.822583724198e-10 
4.361040724250e-11 9.633248992327e-11 1.341548683236e-10 1.665801103976e-10 1.959617849545e-10 2.227845178497e-10 2.785844182439e-09 2.702474229773e-10 2.930153997341e-10 3.239549417660e-10 
4.486350524231e-11 1.001702202942e-10 1.407085794698e-10 1.762159999546e-10 2.092279885486e-10 2.403542796643e-10 2.702474229773e-10 2.838132974510e-09 3.293459505820e-10 3.684007674838e-10 
4.613517595276e-11 1.040648689174e-10 1.473599313598e-10 1.859957917999e-10 2.226738088648e-10 2.580413291806e-10 2.930153997341e-10 3.293459505820e-10 2.907937632265e-09 4.210020208587e-10 
4.787605615168e-11 1.093970331594e-10 1.564667877335e-10 1.993873908019e-10 2.410901909666e-10 2.822583724198e-10 3.239549417660e-10 3.684007674838e-10 4.210020208587e-10 3.042930344199e-09 
