2.542290452473e-09 6.507483142821e-12 7.589370351388e-12 8.244415254836e-12 8.714504203780e-12 9.088210886920e-12 9.408456923420e-12 9.703266969614e-12 1.000244698191e-11 1.041213559874e-11 
6.507483142821e-12 2.551675514633e-09 1.671109207755e-11 1.895164184872e-11 2.056004969218e-11 2.183602730916e-11 2.292952315513e-11 2.393627309597e-11 2.495795963590e-11 2.635705722081e-11 
7.589370351388e-12 1.671109207755e-11 2.560964896086e-09 2.653186034826e-11 2.949446508086e-11 3.183397640732e-11 3.383492071782e-11 3.567721817995e-11 3.754701315143e-11 4.010756538962e-11 
8.244415254836e-12 1.895164184872e-11 2.653186034826e-11 2.570901768788e-09 3.701226258214e-11 4.067012784998e-11 4.377969009396e-11 4.663658061380e-11 4.953623864067e-11 5.350749648059e-11 
8.714504203780e-12 2.056004969218e-11 2.949446508086e-11 3.701226258214e-11 2.581847679135e-09 4.865473978183e-11 5.315669827884e-11 5.726504550847e-11 6.142807088251e-11 6.713124394424e-11 
9.088210886920e-12 2.183602730916e-11 3.183397640732e-11 4.067012784998e-11 4.865473978183e-11 2.594195239774e-09 6.191074612423e-11 6.754704377756e-11 7.321443928541e-11 8.097542784578e-11 
9.408456923420e-12 2.292952315513e-11 3.383492071782e-11 4.377969009396e-11 5.315669827884e-11 6.191074612423e-11 2.608493274527e-09 7.757168035227e-11 8.507599785883e-11 9.526933321462e-11 
9.703266969614e-12 2.393627309597e-11 3.567721817995e-11 4.663658061380e-11 5.726504550847e-11 6.754704377756e-11 7.757168035227e-11 2.625981384866e-09 9.752776538521e-11 1.106981991743e-10 
1.000244698191e-11 2.495795963590e-11 3.754701315143e-11 4.953623864067e-11 6.142807088251e-11 7.321443928541e-11 8.507599785883e-11 9.752776538521e-11 2.649796435801e-09 1.290617433972e-10 
1.041213559874e-11 2.635705722081e-11 4.010756538962e-11 5.350749648059e-11 6.713124394424e-11 8.097542784578e-11 9.526933321462e-11 1.106981991743e-10 1.290617433972e-10 2.696525533261e-09 
