2.546871046167e-09 1.405600023083e-11 1.628276343918e-11 1.762909674394e-11 1.859540882912e-11 1.936362012926e-11 2.002192996651e-11 2.062795161627e-11 2.124295626350e-11 2.208512410445e-11 
1.405600023083e-11 2.566163400978e-09 3.460908427358e-11 3.899731448352e-11 4.214826404548e-11 4.464888214939e-11 4.679185477182e-11 4.876478966035e-11 5.076699097734e-11 5.350879955330e-11 
1.628276343918e-11 3.460908427358e-11 2.584196723984e-09 5.339340241256e-11 5.900398109411e-11 6.343881152245e-11 6.723292353784e-11 7.072614385105e-11 7.427144679260e-11 7.912646982002e-11 
1.762909674394e-11 3.899731448352e-11 5.339340241256e-11 2.602817811703e-09 7.279891699571e-11 7.954038431042e-11 8.527695715317e-11 9.054879068373e-11 9.589943943485e-11 1.032273601999e-10 
1.859540882912e-11 4.214826404548e-11 5.900398109411e-11 7.279891699571e-11 2.622770250080e-09 9.380475010157e-11 1.019119382308e-10 1.093175317870e-10 1.168229984122e-10 1.271046748835e-10 
1.936362012926e-11 4.464888214939e-11 6.343881152245e-11 7.954038431042e-11 9.380475010157e-11 2.644777137470e-09 1.172306221746e-10 1.271890038489e-10 1.372115357762e-10 1.509363416328e-10 
2.002192996651e-11 4.679185477182e-11 6.723292353784e-11 8.527695715317e-11 1.019119382308e-10 1.172306221746e-10 2.669793980640e-09 1.444336904895e-10 1.574839026740e-10 1.752212081833e-10 
2.062795161627e-11 4.876478966035e-11 7.072614385105e-11 9.054879068373e-11 1.093175317870e-10 1.271890038489e-10 1.444336904895e-10 2.699901706839e-09 1.785769624963e-10 2.011675315552e-10 
2.124295626350e-11 5.076699097734e-11 7.427144679260e-11 9.589943943485e-11 1.168229984122e-10 1.372115357762e-10 1.574839026740e-10 1.785769624963e-10 2.740305479430e-09 2.318060019372e-10 
2.208512410445e-11 5.350879955330e-11 7.912646982002e-11 1.032273601999e-10 1.271046748835e-10 1.509363416328e-10 1.752212081833e-10 2.011675315552e-10 2.318060019372e-10 2.818509384791e-09 
