8.4840939463590928e-08 2.5704256658273526e-08 5.0777186229956852e-09 6.6085783499909021e-10 6.0340229234757184e-11 3.5896621425316354e-12 1.1940489793005229e-13 1.6744785242917879e-15 5.3916079450908805e-18 6.2575030049290098e-22 
2.5704256658273526e-08 9.0363511429909985e-08 3.6065700454807906e-08 1.0926268052051755e-08 2.0591171124856976e-09 2.4361717688576682e-10 1.6324203041262604e-11 4.8162025002517172e-13 3.5172007863816460e-15 1.0818329747592825e-18 
5.0777186229956852e-09 3.6065700454807906e-08 8.1218570453739783e-08 3.4540329469219439e-08 1.2545680425562329e-08 2.6825532114553433e-09 3.1806439108389374e-10 1.6993381508724889e-11 2.4199617855896573e-13 1.7333876425602858e-16 
6.6085783499909021e-10 1.0926268052051755e-08 3.4540329469219439e-08 7.3206147784316978e-08 3.0675139978545383e-08 1.1747156718635889e-08 2.4288776070728749e-09 2.2704937457865998e-10 5.9752653855311631e-12 9.4438198371375793e-15 
6.0340229234757184e-11 2.0591171124856976e-09 1.2545680425562329e-08 3.0675139978545383e-08 6.6489738253581161e-08 2.6305915008583246e-08 9.6541670449731484e-09 1.6094097854338725e-09 7.8852390194562885e-11 2.7384835521874312e-13 
3.5896621425316354e-12 2.4361717688576682e-10 2.6825532114553433e-09 1.1747156718635889e-08 2.6305915008583246e-08 6.0796366827457872e-08 2.1796319535454360e-08 6.7720249687942167e-09 6.5051839951411809e-10 5.2210228012440682e-12 
1.1940489793005229e-13 1.6324203041262604e-11 3.1806439108389374e-10 2.4288776070728749e-09 9.6541670449731484e-09 2.1796319535454360e-08 5.5708715498405010e-08 1.6952016683272607e-08 3.4834945355082594e-09 7.2213132277103231e-11 
1.6744785242917879e-15 4.8162025002517172e-13 1.6993381508724889e-11 2.2704937457865998e-10 1.6094097854338725e-09 6.7720249687942167e-09 1.6952016683272607e-08 5.0817036942890689e-08 1.1386326094931087e-08 7.3713445081919645e-10 
5.3916079450908805e-18 3.5172007863816460e-15 2.4199617855896573e-13 5.9752653855311631e-12 7.8852390194562885e-11 6.5051839951411809e-10 3.4834945355082594e-09 1.1386326094931087e-08 4.5844282464557265e-08 5.0674736584652940e-09 
6.2575030049290098e-22 1.0818329747592825e-18 1.7333876425602858e-16 9.4438198371375793e-15 2.7384835521874312e-13 5.2210228012440682e-12 7.2213132277103231e-11 7.3713445081919645e-10 5.0674736584652940e-09 3.8131355602277764e-08 
