1.2281789495862511e-07 4.0362929460947484e-08 7.7315850817517747e-09 9.8493123853338889e-10 8.8563714541547535e-11 5.2102222522321304e-12 1.7192472863382416e-13 2.3989817222403676e-15 7.7157337918748521e-18 9.0180629633075131e-22 
4.0362929460947484e-08 1.2331877229346943e-07 5.4030852098908800e-08 1.6111415412881953e-08 3.0003828132062499e-09 3.5187348919846771e-10 2.3436870857227452e-11 6.8932990383333741e-13 5.0368635062846708e-15 1.5624321629857023e-18 
7.7315850817517747e-09 5.4030852098908800e-08 1.0653755793185057e-07 5.0475251786901639e-08 1.8175327301213473e-08 3.8610868063406539e-09 4.5586239177595276e-10 2.4315619167614245e-11 3.4692554540886454e-13 2.5091055860525232e-16 
9.8493123853338889e-10 1.6111415412881953e-08 5.0475251786901639e-08 9.3473778119412477e-08 4.4223863372546357e-08 1.6861080873035095e-08 3.4772824691820216e-09 3.2495026718606681e-10 8.5784959680835660e-12 1.3704240479256661e-14 
8.8563714541547535e-11 3.0003828132062499e-09 1.8175327301213473e-08 4.4223863372546357e-08 8.3187975325227041e-08 3.7682125433219279e-08 1.3814285120063954e-08 2.3050996489806845e-09 1.1342476452115296e-10 3.9852466461900178e-13 
5.2102222522321304e-12 3.5187348919846771e-10 3.8610868063406539e-09 1.6861080873035095e-08 3.7682125433219279e-08 7.4842790183895971e-08 3.1198407510006783e-08 9.7144716263290563e-09 9.3826806830468133e-10 7.6243010171533089e-12 
1.7192472863382416e-13 2.3436870857227452e-11 4.5586239177595276e-10 3.4772824691820216e-09 1.3814285120063954e-08 3.1198407510006783e-08 6.7633181080104252e-08 2.4386422577132539e-08 5.0443853281361895e-09 1.0594078928426538e-10 
2.3989817222403676e-15 6.8932990383333741e-13 2.4315619167614245e-11 3.2495026718606681e-10 2.3050996489806845e-09 9.7144716263290563e-09 2.4386422577132539e-08 6.0889743412941934e-08 1.6589509033764997e-08 1.0890881072699978e-09 
7.7157337918748521e-18 5.0368635062846708e-15 3.4692554540886454e-13 8.5784959680835660e-12 1.1342476452115296e-10 9.3826806830468133e-10 5.0443853281361895e-09 1.6589509033764997e-08 5.4167753689625403e-08 7.5806140501466298e-09 
9.0180629633075131e-22 1.5624321629857023e-18 2.5091055860525232e-16 1.3704240479256661e-14 3.9852466461900178e-13 7.6243010171533089e-12 1.0594078928426538e-10 1.0890881072699978e-09 7.5806140501466298e-09 4.3410405112354662e-08 
