6.205165198728e-08 1.612600951183e-08 3.280518466007e-09 4.369238269634e-10 4.065417134004e-11 2.453952115355e-12 8.276635196193e-14 1.173170559492e-15 3.810807349978e-18 4.451259709602e-22 
1.612600951183e-08 6.816539906520e-08 2.370546416298e-08 7.318554106879e-09 1.400336911374e-09 1.678726851241e-10 1.138380580732e-11 3.384759069308e-13 2.493648384946e-15 7.689388038479e-19 
3.280518466007e-09 2.370546416298e-08 6.362238088760e-08 2.340187734517e-08 8.601818092091e-09 1.860884800240e-09 2.226538013479e-10 1.197601501694e-11 1.719402549226e-13 1.231023396810e-16 
4.369238269634e-10 7.318554106879e-09 2.340187734517e-08 5.900531024681e-08 2.121007597792e-08 8.196717076133e-09 1.705582826107e-09 1.604867278628e-10 4.250564430864e-12 6.702459528929e-15 
4.065417134004e-11 1.400336911374e-09 8.601818092091e-09 2.121007597792e-08 5.488558106218e-08 1.843940210612e-08 6.801577929734e-09 1.141123428543e-09 5.610876297923e-11 1.942837944965e-13 
2.453952115355e-12 1.678726851241e-10 1.860884800240e-09 8.196717076133e-09 1.843940210612e-08 5.114358789763e-08 1.541951012357e-08 4.814214743017e-09 4.625994132726e-10 3.703658070430e-12 
8.276635196193e-14 1.138380580732e-11 2.226538013479e-10 1.705582826107e-09 6.801577929734e-09 1.541951012357e-08 4.774366974403e-08 1.206218583463e-08 2.473948307311e-09 5.121749288851e-11 
1.173170559492e-15 3.384759069308e-13 1.197601501694e-11 1.604867278628e-10 1.141123428543e-09 4.814214743017e-09 1.206218583463e-08 4.427252363791e-08 8.078340221590e-09 5.220532456226e-10 
3.810807349978e-18 2.493648384946e-15 1.719402549226e-13 4.250564430864e-12 5.610876297923e-11 4.625994132726e-10 2.473948307311e-09 8.078340221590e-09 4.070742494175e-08 3.564451689383e-09 
4.451259709602e-22 7.689388038479e-19 1.231023396810e-16 6.702459528929e-15 1.942837944965e-13 3.703658070430e-12 5.121749288851e-11 5.220532456226e-10 3.564451689383e-09 3.506723043869e-08 
