4.496231708012e-07 1.541202852943e-07 2.864784314265e-08 3.647114538036e-09 3.333122695005e-10 2.014944598667e-11 6.900754809455e-13 1.010407307660e-14 3.475543062674e-17 4.480089494239e-21 
1.541202852943e-07 3.817332414336e-07 1.997310973202e-07 6.023921638016e-08 1.147465232372e-08 1.388799617500e-09 9.624916931474e-11 2.973667213176e-12 2.321609660907e-14 7.887386273945e-18 
2.864784314265e-08 1.997310973202e-07 3.203332349392e-07 1.916638156958e-07 7.080973055305e-08 1.554789494794e-08 1.911160135028e-09 1.071951276025e-10 1.631444087409e-12 1.286788672243e-15 
3.647114538036e-09 6.023921638016e-08 1.916638156958e-07 2.813783104959e-07 1.762553584141e-07 6.944766898716e-08 1.490354348191e-08 1.464376437626e-09 4.111226310261e-11 7.146673322817e-14 
3.333122695005e-10 1.147465232372e-08 7.080973055305e-08 1.762553584141e-07 2.533762511331e-07 1.593489828130e-07 6.075147234908e-08 1.064028149214e-08 5.543126774718e-10 2.117015021460e-12 
2.014944598667e-11 1.388799617500e-09 1.554789494794e-08 6.944766898716e-08 1.593489828130e-07 2.317408982670e-07 1.414698794892e-07 4.606944443692e-08 4.688948042063e-09 4.137764987414e-11 
6.900754809455e-13 9.624916931474e-11 1.911160135028e-09 1.490354348191e-08 6.075147234908e-08 1.414698794892e-07 2.134440498521e-07 1.192571121419e-07 2.593562655193e-08 5.903671035743e-10 
1.010407307660e-14 2.973667213176e-12 1.071951276025e-10 1.464376437626e-09 1.064028149214e-08 4.606944443692e-08 1.192571121419e-07 1.941513885156e-07 8.876092553857e-08 6.284228415777e-09 
3.475543062674e-17 2.321609660907e-14 1.631444087409e-12 4.111226310261e-11 5.543126774718e-10 4.688948042063e-09 2.593562655193e-08 8.876092553857e-08 1.752720778624e-07 4.577842392131e-08 
4.480089494239e-21 7.887386273945e-18 1.286788672243e-15 7.146673322817e-14 2.117015021460e-12 4.137764987414e-11 5.903671035743e-10 6.284228415777e-09 4.577842392131e-08 1.256482186834e-07 
