7.2686421309074340e-08 2.0699102439840359e-08 4.1485610409446747e-09 5.4592598571161262e-10 5.0273891099010613e-11 3.0113695479235449e-12 1.0073282536696772e-13 1.4191791430030119e-15 4.5857681198585300e-18 5.3287299122251627e-22 
2.0699102439840359e-08 7.8867141636493216e-08 2.9711785334396418e-08 9.0794142411843014e-09 1.7231528151104377e-09 2.0505252223661688e-10 1.3804974467328034e-11 4.0883444511223589e-13 2.9934182484244309e-15 9.2109687589808120e-19 
4.1485610409446747e-09 2.9711785334396418e-08 7.2206542358127580e-08 2.8853330724503493e-08 1.0537866739130012e-08 2.2637872999329310e-09 2.6946079853403316e-10 1.4440957150983409e-11 2.0603405446384988e-13 1.4754333679659913e-16 
5.4592598571161262e-10 9.0794142411843014e-09 2.8853330724503493e-08 6.5975420448383503e-08 2.5854055532917729e-08 9.9368916846019685e-09 2.0609298566355120e-09 1.9310864368839764e-10 5.0883218483263310e-12 8.0352698414986868e-15 
5.0273891099010613e-11 1.7231528151104377e-09 1.0537866739130012e-08 2.5854055532917729e-08 6.0572464371084483e-08 2.2300913643028021e-08 8.2031427175874264e-09 1.3697362450759019e-09 6.7151548123506218e-11 2.3287787138693637e-13 
3.0113695479235449e-12 2.0505252223661688e-10 2.2637872999329310e-09 9.9368916846019685e-09 2.2300913643028021e-08 5.5887931808125142e-08 1.8541891240608338e-08 5.7661942566817599e-09 5.5391520846525431e-10 4.4365390982108401e-12 
1.0073282536696772e-13 1.3804974467328034e-11 2.6946079853403316e-10 2.0609298566355120e-09 8.2031427175874264e-09 1.8541891240608338e-08 5.1620911325479230e-08 1.4436515096734696e-08 2.9648247353928717e-09 6.1292398342630531e-11 
1.4191791430030119e-15 4.0883444511223589e-13 1.4440957150983409e-11 1.9310864368839764e-10 1.3697362450759019e-09 5.7661942566817599e-09 1.4436515096734696e-08 4.7455022593331873e-08 9.6801488300784964e-09 6.2444017944661694e-10 
4.5857681198585300e-18 2.9934182484244309e-15 2.0603405446384988e-13 5.0883218483263310e-12 6.7151548123506218e-11 5.5391520846525431e-10 2.9648247353928717e-09 9.6801488300784964e-09 4.3163171331099937e-08 4.2769047022114486e-09 
5.3287299122251627e-22 9.2109687589808120e-19 1.4754333679659913e-16 8.0352698414986868e-15 2.3287787138693637e-13 4.4365390982108401e-12 6.1292398342630531e-11 6.2444017944661694e-10 4.2769047022114486e-09 3.6515188176840171e-08 
