7.8252792526717730e-08 2.3015044489132538e-08 4.5805333379834611e-09 5.9950925015470407e-10 5.4974602683530197e-11 3.2816439459846472e-12 1.0945900210814543e-13 1.5384552518148085e-15 4.9614643192492065e-18 5.7603110144823813e-22 
2.3015044489132538e-08 8.4208006013021653e-08 3.2672242212501516e-08 9.9414388515600986e-09 1.8801348117527816e-09 2.2307666330500994e-10 1.4982189718169119e-11 4.4282270900621343e-13 3.2373875989483383e-15 9.9573881939034530e-19 
4.5805333379834611e-09 3.2672242212501516e-08 7.6412047739399909e-08 3.1510041098668782e-08 1.1476273040288150e-08 2.4594907284752513e-09 2.9216903425106574e-10 1.5631964897858735e-11 2.2277281446401655e-13 1.5951250511536383e-16 
5.9950925015470407e-10 9.9414388515600986e-09 3.1510041098668782e-08 6.9354837408557944e-08 2.8107223129792675e-08 1.0782794199155955e-08 2.2327722533940046e-09 2.0893221248139444e-10 5.5009168345591945e-12 8.6881967367361953e-15 
5.4974602683530197e-11 1.8801348117527816e-09 1.1476273040288150e-08 2.8107223129792675e-08 6.3337580122987575e-08 2.4171890315163381e-08 8.8802785299739468e-09 1.4813689247528116e-09 7.2591474864947446e-11 2.5184722565273390e-13 
3.2816439459846472e-12 2.2307666330500994e-10 2.4594907284752513e-09 1.0782794199155955e-08 2.4171890315163381e-08 5.8179133286179253e-08 2.0058756629182971e-08 6.2342447082707515e-09 5.9879234728582652e-10 4.7992596654876109e-12 
1.0945900210814543e-13 1.4982189718169119e-11 2.9216903425106574e-10 2.2327722533940046e-09 8.8802785299739468e-09 2.0058756629182971e-08 5.3523683529724649e-08 1.5605998150363592e-08 3.2054443062281342e-09 6.6333956284137847e-11 
1.5384552518148085e-15 4.4282270900621343e-13 1.5631964897858735e-11 2.0893221248139444e-10 1.4813689247528116e-09 6.2342447082707515e-09 1.5605998150363592e-08 4.9015746866658130e-08 1.0469757643524076e-08 6.7637903290050542e-10 
4.9614643192492065e-18 3.2373875989483383e-15 2.2277281446401655e-13 5.5009168345591945e-12 7.2591474864947446e-11 5.9879234728582652e-10 3.2054443062281342e-09 1.0469757643524076e-08 4.4399971974946875e-08 4.6406339870848825e-09 
5.7603110144823813e-22 9.9573881939034530e-19 1.5951250511536383e-16 8.6881967367361953e-15 2.5184722565273390e-13 4.7992596654876109e-12 6.6333956284137847e-11 6.7637903290050542e-10 4.6406339870848825e-09 3.7255313580099291e-08 
