7.6171332194637836e-08 2.2139623999173148e-08 4.4158517249093682e-09 5.7891486136322080e-10 5.3154059654979945e-11 3.1762199730691015e-12 1.0603070784327171e-13 1.4912650862174078e-15 4.8117137447656269e-18 5.5869436101013538e-22 
2.2139623999173148e-08 8.2175072891323985e-08 3.1536880933906553e-08 9.6084162548818713e-09 1.8190656381063882e-09 2.1601725037259857e-10 1.4518037064505056e-11 4.2933787065047522e-13 3.1399222590559906e-15 9.6573292763231034e-19 
4.4158517249093682e-09 3.1536880933906553e-08 7.4789082626193990e-08 3.0478439930458844e-08 1.1109682104903908e-08 2.3825675811369899e-09 2.8319053266520469e-10 1.5158313144808036e-11 2.1607370480979878e-13 1.5469786759926756e-16 
5.7891486136322080e-10 9.6084162548818713e-09 3.0478439930458844e-08 6.8035857915434933e-08 2.7223153101222218e-08 1.0449136547250401e-08 2.1646459029997398e-09 2.0262494478710584e-10 5.3355450304857865e-12 8.4253891669676364e-15 
5.3154059654979945e-11 1.8190656381063882e-09 1.1109682104903908e-08 2.7223153101222218e-08 6.2247806073243866e-08 2.3431323234971893e-08 8.6110599329342071e-09 1.4367675785301989e-09 7.0408295680360872e-11 2.4420680736090513e-13 
3.1762199730691015e-12 2.1601725037259857e-10 2.3825675811369899e-09 1.0449136547250401e-08 2.3431323234971893e-08 5.7268937821593363e-08 1.9453751612772493e-08 6.0467998253456786e-09 5.8076067329996804e-10 4.6530577159686981e-12 
1.0603070784327171e-13 1.4518037064505056e-11 2.8319053266520469e-10 2.1646459029997398e-09 8.6110599329342071e-09 1.9453751612772493e-08 5.2762241167884366e-08 1.5136637701165164e-08 3.1086467204357578e-09 6.4300338640595693e-11 
1.4912650862174078e-15 4.2933787065047522e-13 1.5158313144808036e-11 2.0262494478710584e-10 1.4367675785301989e-09 6.0467998253456786e-09 1.5136637701165164e-08 4.8388209246555389e-08 1.0151648462189504e-08 6.5541835490233097e-10 
4.8117137447656269e-18 3.1399222590559906e-15 2.1607370480979878e-13 5.3355450304857865e-12 7.0408295680360872e-11 5.8076067329996804e-10 3.1086467204357578e-09 1.0151648462189504e-08 4.3900974327052817e-08 4.4939634062231530e-09 
5.5869436101013538e-22 9.6573292763231034e-19 1.5469786759926756e-16 8.4253891669676364e-15 2.4420680736090513e-13 4.6530577159686981e-12 6.4300338640595693e-11 6.5541835490233097e-10 4.4939634062231530e-09 3.6957891705249288e-08 
