1.2255196449249029e-07 4.0234945555069050e-08 7.7058082126739784e-09 9.8153230407058798e-10 8.8249973545029392e-11 5.1913634557843769e-12 1.7129065311038014e-13 2.3899816630414555e-15 7.6863267529429620e-18 8.9832006733069301e-22 
4.0234945555069050e-08 1.2300415484909659e-07 5.3845960307378679e-08 1.6054803019171394e-08 2.9896070484996018e-09 3.5058581060776379e-10 2.3349673172717584e-11 6.8672704909802665e-13 5.0175888871496323e-15 1.5563834788786653e-18 
7.7058082126739784e-09 5.3845960307378679e-08 1.0626329489467009e-07 5.0294982370963574e-08 1.8109268466924106e-08 3.8468300764804503e-09 4.5415480536689594e-10 2.4223350400367669e-11 3.4559375973831055e-13 2.4993814984185948e-16 
9.8153230407058798e-10 1.6054803019171394e-08 5.0294982370963574e-08 9.3237145905119581e-08 4.4061284418719221e-08 1.6798286723459064e-08 3.4641754552855808e-09 3.2371180288940368e-10 8.5454756195904363e-12 1.3651084501549281e-14 
8.8249973545029392e-11 2.9896070484996018e-09 1.8109268466924106e-08 4.4061284418719221e-08 8.2983619515901502e-08 3.7540606744248701e-08 1.3761893367224074e-08 2.2962771652821649e-09 1.1298709776531572e-10 3.9697788054404974e-13 
5.1913634557843769e-12 3.5058581060776379e-10 3.8468300764804503e-09 1.6798286723459064e-08 3.7540606744248701e-08 7.4666211397386182e-08 3.1079364415446314e-08 9.6771344856066862e-09 9.3463927914201713e-10 7.5946965838810481e-12 
1.7129065311038014e-13 2.3349673172717584e-11 4.5415480536689594e-10 3.4641754552855808e-09 1.3761893367224074e-08 3.1079364415446314e-08 6.7481849869116833e-08 2.4292316176246981e-08 5.0248354443524492e-09 1.0552939496269819e-10 
2.3899816630414555e-15 6.8672704909802665e-13 2.4223350400367669e-11 3.2371180288940368e-10 2.2962771652821649e-09 9.6771344856066862e-09 2.4292316176246981e-08 6.0763172637198708e-08 1.6525115960869587e-08 1.0848616581595019e-09 
7.6863267529429620e-18 5.0175888871496323e-15 3.4559375973831055e-13 8.5454756195904363e-12 1.1298709776531572e-10 9.3463927914201713e-10 5.0248354443524492e-09 1.6525115960869587e-08 5.4066966909697397e-08 7.5512743595127920e-09 
8.9832006733069301e-22 1.5563834788786653e-18 2.4993814984185948e-16 1.3651084501549281e-14 3.9697788054404974e-13 7.5946965838810481e-12 1.0552939496269819e-10 1.0848616581595019e-09 7.5512743595127920e-09 4.3352088095617200e-08 
