1.191517044662e-07 3.895144440254e-08 7.476111255757e-09 9.536421340476e-10 8.587066588051e-11 5.054086983656e-12 1.668652316267e-13 2.331284694723e-15 7.484316168428e-18 8.768901766911e-22 
3.895144440254e-08 1.201455664919e-07 5.229862508987e-08 1.561355647635e-08 2.910443123446e-09 3.413677130847e-10 2.276767961732e-11 6.694144649787e-13 4.887974530218e-15 1.518023780157e-18 
7.476111255757e-09 5.229862508987e-08 1.041011925054e-07 4.895678910169e-08 1.763099554955e-08 3.748012616315e-09 4.429608269241e-10 2.359590261833e-11 3.369723473583e-13 2.434911416035e-16 
9.536421340476e-10 1.561355647635e-08 4.895678910169e-08 9.151906310897e-08 4.291278314842e-08 1.638034932184e-08 3.377521805548e-09 3.152489532248e-10 8.339264558165e-12 1.328142775866e-14 
8.587066588051e-11 2.910443123446e-09 1.763099554955e-08 4.291278314842e-08 8.161187922508e-08 3.661378032972e-08 1.340658471092e-08 2.237265221718e-09 1.103027572444e-10 3.857718281089e-13 
5.054086983656e-12 3.413677130847e-10 3.748012616315e-09 1.638034932184e-08 3.661378032972e-08 7.347670182704e-08 3.026723432325e-08 9.439300066059e-09 9.119932398104e-10 7.375125799938e-12 
1.668652316267e-13 2.276767961732e-11 4.429608269241e-10 3.377521805548e-09 1.340658471092e-08 3.026723432325e-08 6.650076679324e-08 2.371520246557e-08 4.894415824139e-09 1.025061549580e-10 
2.331284694723e-15 6.694144649787e-13 2.359590261833e-11 3.152489532248e-10 2.237265221718e-09 9.439300066059e-09 2.371520246557e-08 5.994487766447e-08 1.605769946587e-08 1.055674211022e-09 
7.484316168428e-18 4.887974530218e-15 3.369723473583e-13 8.339264558165e-12 1.103027572444e-10 9.119932398104e-10 4.894415824139e-09 1.605769946587e-08 5.334991299921e-08 7.360758232096e-09 
8.768901766911e-22 1.518023780157e-18 2.434911416035e-16 1.328142775866e-14 3.857718281089e-13 7.375125799938e-12 1.025061549580e-10 1.055674211022e-09 7.360758232096e-09 4.289928570108e-08 
