2.541050949077e-09 4.433328672655e-12 5.186134616209e-12 5.642205492600e-12 5.969485083457e-12 6.229663394504e-12 6.452626746498e-12 6.657884772446e-12 6.866189126390e-12 7.151368419575e-12 
4.433328672655e-12 2.547584631104e-09 1.159343188869e-11 1.318346854343e-11 1.432470293069e-11 1.522989874609e-11 1.600565719509e-11 1.671989590391e-11 1.744474582507e-11 1.843719013663e-11 
5.186134616209e-12 1.159343188869e-11 2.554200978222e-09 1.863279136758e-11 2.076581868902e-11 2.244934386737e-11 2.388901820757e-11 2.521458366514e-11 2.655997189353e-11 2.840214225823e-11 
5.642205492600e-12 1.318346854343e-11 1.863279136758e-11 2.561390049400e-09 2.625751600209e-11 2.892483759980e-11 3.119106413445e-11 3.327284394976e-11 3.538585015152e-11 3.827944639726e-11 
5.969485083457e-12 1.432470293069e-11 2.076581868902e-11 2.625751600209e-11 2.569415339162e-09 3.483706121154e-11 3.815804099970e-11 4.118688021357e-11 4.425571545367e-11 4.845963238567e-11 
6.229663394504e-12 1.522989874609e-11 2.244934386737e-11 2.892483759980e-11 3.483706121154e-11 2.578573179829e-09 4.471292282001e-11 4.891247043412e-11 5.313253746908e-11 5.891108342690e-11 
6.452626746498e-12 1.600565719509e-11 2.388901820757e-11 3.119106413445e-11 3.815804099970e-11 4.471292282001e-11 2.589285161269e-09 5.649332552305e-11 6.213307453290e-11 6.978932005369e-11 
6.657884772446e-12 1.671989590391e-11 2.521458366514e-11 3.327284394976e-11 4.118688021357e-11 4.891247043412e-11 5.649332552305e-11 2.602510336553e-09 7.164008750470e-11 8.161268886545e-11 
6.866189126390e-12 1.744474582507e-11 2.655997189353e-11 3.538585015152e-11 4.425571545367e-11 5.313253746908e-11 6.213307453290e-11 7.164008750470e-11 2.620690440704e-09 9.577651920967e-11 
7.151368419575e-12 1.843719013663e-11 2.840214225823e-11 3.827944639726e-11 4.845963238567e-11 5.891108342690e-11 6.978932005369e-11 8.161268886545e-11 9.577651920967e-11 2.656713536582e-09 
