2.585513427238e-09 7.346118296531e-11 8.323371705815e-11 8.912485554425e-11 9.335384542590e-11 9.671604264170e-11 9.959726251975e-11 1.022496750978e-10 1.049414521014e-10 1.086264147689e-10 
7.346118296531e-11 2.669860559895e-09 1.583906097460e-10 1.753164015913e-10 1.874704913442e-10 1.971199841140e-10 2.053893440138e-10 2.130025406948e-10 2.207287963836e-10 2.313068997345e-10 
8.323371705815e-11 1.583906097460e-10 2.738006816827e-09 2.273107080226e-10 2.475613765374e-10 2.635822117991e-10 2.772914770199e-10 2.899133622763e-10 3.027235292465e-10 3.202630844212e-10 
8.912485554425e-11 1.753164015913e-10 2.273107080226e-10 2.804039002866e-09 2.948407771697e-10 3.181638271838e-10 3.380234514017e-10 3.562762003080e-10 3.748017771720e-10 4.001695785861e-10 
9.335384542590e-11 1.874704913442e-10 2.475613765374e-10 2.948407771697e-10 2.872080364693e-09 3.655684396824e-10 3.928205104426e-10 4.177193919400e-10 4.429528830890e-10 4.775158634344e-10 
9.671604264170e-11 1.971199841140e-10 2.635822117991e-10 3.181638271838e-10 3.655684396824e-10 2.945306549242e-09 4.429087070624e-10 4.757723264373e-10 5.088301708407e-10 5.540911442990e-10 
9.959726251975e-11 2.053893440138e-10 2.772914770199e-10 3.380234514017e-10 3.928205104426e-10 4.429087070624e-10 3.027417339721e-09 5.318266980818e-10 5.744080906720e-10 6.321991912044e-10 
1.022496750978e-10 2.130025406948e-10 2.899133622763e-10 3.562762003080e-10 4.177193919400e-10 4.757723264373e-10 5.318266980818e-10 3.125763511922e-09 6.432386982777e-10 7.163122091019e-10 
1.049414521014e-10 2.207287963836e-10 3.027235292465e-10 3.748017771720e-10 4.429528830890e-10 5.088301708407e-10 5.744080906720e-10 6.432386982777e-10 3.258556379932e-09 8.175524819998e-10 
1.086264147689e-10 2.313068997345e-10 3.202630844212e-10 4.001695785861e-10 4.775158634344e-10 5.540911442990e-10 6.321991912044e-10 7.163122091019e-10 8.175524819998e-10 3.520801172801e-09 
