2.572044551028e-09 5.328760512948e-11 6.067011416288e-11 6.512247354816e-11 6.831859125645e-11 7.085961033177e-11 7.303712724327e-11 7.504172062151e-11 7.707606424468e-11 7.986105020380e-11 
5.328760512948e-11 2.635814474387e-09 1.181880393287e-10 1.312741528401e-10 1.406713578005e-10 1.481319220828e-10 1.545254512962e-10 1.604116694802e-10 1.663853004201e-10 1.745639230722e-10 
6.067011416288e-11 1.181880393287e-10 2.688674183516e-09 1.718625550364e-10 1.876594519894e-10 2.001567700130e-10 2.108511387500e-10 2.206973217385e-10 2.306903703071e-10 2.443728233162e-10 
6.512247354816e-11 1.312741528401e-10 1.718625550364e-10 2.740283029155e-09 2.247354698114e-10 2.430026046283e-10 2.585587947994e-10 2.728571195012e-10 2.873691736098e-10 3.072411076350e-10 
6.831859125645e-11 1.406713578005e-10 1.876594519894e-10 2.247354698114e-10 2.793622203076e-09 2.802193498455e-10 3.015990148046e-10 3.211375979073e-10 3.409403186480e-10 3.680642745672e-10 
7.085961033177e-11 1.481319220828e-10 2.001567700130e-10 2.430026046283e-10 2.802193498455e-10 2.851062497261e-09 3.408687134595e-10 3.666413590794e-10 3.925794873124e-10 4.280934878118e-10 
7.303712724327e-11 1.545254512962e-10 2.108511387500e-10 2.585587947994e-10 3.015990148046e-10 3.408687134595e-10 2.915351753313e-09 4.103982166540e-10 4.437281494994e-10 4.889937472945e-10 
7.504172062151e-11 1.604116694802e-10 2.206973217385e-10 2.728571195012e-10 3.211375979073e-10 3.666413590794e-10 4.103982166540e-10 2.992015535978e-09 4.970769072059e-10 5.541424124324e-10 
7.707606424468e-11 1.663853004201e-10 2.306903703071e-10 2.873691736098e-10 3.409403186480e-10 3.925794873124e-10 4.437281494994e-10 4.970769072059e-10 3.094756410660e-09 6.318326658137e-10 
7.986105020380e-11 1.745639230722e-10 2.443728233162e-10 3.072411076350e-10 3.680642745672e-10 4.280934878118e-10 4.889937472945e-10 5.541424124324e-10 6.318326658137e-10 3.295313459141e-09 
