2.556211408783e-09 2.895599102218e-11 3.325867115226e-11 3.585637972791e-11 3.772101434711e-11 3.920341199911e-11 4.047372360670e-11 4.164313004971e-11 4.282986199551e-11 4.445445034985e-11 
2.895599102218e-11 2.593433250116e-09 6.767127834505e-11 7.568387714012e-11 8.143782509360e-11 8.600535372588e-11 8.991956453205e-11 9.352313078642e-11 9.718012180702e-11 1.021868666632e-10 
3.325867115226e-11 6.767127834505e-11 2.626049077152e-09 1.011483951108e-10 1.110576730230e-10 1.188953418274e-10 1.256018121177e-10 1.317762883571e-10 1.380427225958e-10 1.466224863991e-10 
3.585637972791e-11 7.568387714012e-11 1.011483951108e-10 2.658624102117e-09 1.347383365630e-10 1.463647150636e-10 1.562639157988e-10 1.653623493230e-10 1.745966187783e-10 1.872411202930e-10 
3.772101434711e-11 8.143782509360e-11 1.110576730230e-10 1.347383365630e-10 2.692729550484e-09 1.703543098920e-10 1.840824024977e-10 1.966284952679e-10 2.093444804840e-10 2.267610717624e-10 
3.920341199911e-11 8.600535372588e-11 1.188953418274e-10 1.463647150636e-10 1.703543098920e-10 2.729716982535e-09 2.094892243528e-10 2.261223931981e-10 2.428671802133e-10 2.657937608141e-10 
4.047372360670e-11 8.991956453205e-11 1.256018121177e-10 1.562639157988e-10 1.840824024977e-10 2.094892243528e-10 2.771252493875e-09 2.544514954213e-10 2.760227845106e-10 3.053359046404e-10 
4.164313004971e-11 9.352313078642e-11 1.317762883571e-10 1.653623493230e-10 1.966284952679e-10 2.261223931981e-10 2.544514954213e-10 2.820798185699e-09 3.104532051196e-10 3.474635201989e-10 
4.282986199551e-11 9.718012180702e-11 1.380427225958e-10 1.745966187783e-10 2.093444804840e-10 2.428671802133e-10 2.760227845106e-10 3.104532051196e-10 2.886919522781e-09 3.972820971858e-10 
4.445445034985e-11 1.021868666632e-10 1.466224863991e-10 1.872411202930e-10 2.267610717624e-10 2.657937608141e-10 3.053359046404e-10 3.474635201989e-10 3.972820971858e-10 3.014737966582e-09 
