2.551613671959e-09 2.169189622727e-11 2.500758356176e-11 2.701055351213e-11 2.844823808460e-11 2.959119893229e-11 3.057063887066e-11 3.147227895032e-11 3.238727744624e-11 3.363988230742e-11 
2.169189622727e-11 2.580315742839e-09 5.184654116828e-11 5.816755997476e-11 6.270664594274e-11 6.630949494129e-11 6.939702245308e-11 7.223952648753e-11 7.512417372609e-11 7.907353245703e-11 
2.500758356176e-11 5.184654116828e-11 2.606145538531e-09 7.851309189684e-11 8.643361660578e-11 9.269699946730e-11 9.805607911359e-11 1.029900789074e-10 1.079975779414e-10 1.148536889426e-10 
2.701055351213e-11 5.816755997476e-11 7.851309189684e-11 2.632278514382e-09 1.055689726977e-10 1.149462821565e-10 1.229289500791e-10 1.302656257331e-10 1.377118698157e-10 1.479080837094e-10 
2.844823808460e-11 6.270664594274e-11 8.643361660578e-11 1.055689726977e-10 2.659876308864e-09 1.344731737017e-10 1.456190177179e-10 1.558039935986e-10 1.661267337875e-10 1.802655136581e-10 
2.959119893229e-11 6.630949494129e-11 9.269699946730e-11 1.149462821565e-10 1.344731737017e-10 2.689983574420e-09 1.663954026866e-10 1.799643833573e-10 1.936237880963e-10 2.123263362260e-10 
3.057063887066e-11 6.939702245308e-11 9.805607911359e-11 1.229289500791e-10 1.456190177179e-10 1.663954026866e-10 2.723931425232e-09 2.031945296703e-10 2.208504611763e-10 2.448467159501e-10 
3.147227895032e-11 7.223952648753e-11 1.029900789074e-10 1.302656257331e-10 1.558039935986e-10 1.799643833573e-10 2.031945296703e-10 2.764524191943e-09 2.491203213464e-10 2.795029007843e-10 
3.238727744624e-11 7.512417372609e-11 1.079975779414e-10 1.377118698157e-10 1.661267337875e-10 1.936237880963e-10 2.208504611763e-10 2.491203213464e-10 2.818763437385e-09 3.204071926509e-10 
3.363988230742e-11 7.907353245703e-11 1.148536889426e-10 1.479080837094e-10 1.802655136581e-10 2.123263362260e-10 2.448467159501e-10 2.795029007843e-10 3.204071926509e-10 2.923452927774e-09 
