2.634383442007e-09 1.447438551581e-10 1.624549371676e-10 1.731264553894e-10 1.807867199277e-10 1.868767412646e-10 1.920954489850e-10 1.968996159384e-10 2.017749663058e-10 2.084509501455e-10 
1.447438551581e-10 2.787023466009e-09 2.960363687680e-10 3.257822874984e-10 3.471363879691e-10 3.640871256626e-10 3.786131017344e-10 3.919862675710e-10 4.055577217339e-10 4.241420634202e-10 
1.624549371676e-10 2.960363687680e-10 2.906424263037e-09 4.165755565947e-10 4.520282934523e-10 4.800582442505e-10 5.040384291117e-10 5.261161502723e-10 5.485229169637e-10 5.792067770968e-10 
1.731264553894e-10 3.257822874984e-10 4.165755565947e-10 3.022190052096e-09 5.352870307213e-10 5.763706745222e-10 6.113235450806e-10 6.434379487595e-10 6.760318069384e-10 7.206703485192e-10 
1.807867199277e-10 3.471363879691e-10 4.520282934523e-10 5.352870307213e-10 3.142647734392e-09 6.611958733606e-10 7.097834964886e-10 7.541173208058e-10 7.990323692893e-10 8.605647129678e-10 
1.868767412646e-10 3.640871256626e-10 4.800582442505e-10 5.763706745222e-10 6.611958733606e-10 3.274216665715e-09 8.011075715268e-10 8.605440500461e-10 9.202296235749e-10 1.001952543544e-09 
1.920954489850e-10 3.786131017344e-10 5.040384291117e-10 6.113235450806e-10 7.097834964886e-10 8.011075715268e-10 3.424288944712e-09 9.648968506711e-10 1.043122216905e-09 1.149099595621e-09 
1.968996159384e-10 3.919862675710e-10 5.261161502723e-10 6.434379487595e-10 7.541173208058e-10 8.605440500461e-10 9.648968506711e-10 3.607797415733e-09 1.174624229433e-09 1.310853109323e-09 
2.017749663058e-10 4.055577217339e-10 5.485229169637e-10 6.760318069384e-10 7.990323692893e-10 9.202296235749e-10 1.043122216905e-09 1.174624229433e-09 3.862082560446e-09 1.509698021333e-09 
2.084509501455e-10 4.241420634202e-10 5.792067770968e-10 7.206703485192e-10 8.605647129678e-10 1.001952543544e-09 1.149099595621e-09 1.310853109323e-09 1.509698021333e-09 4.380068150818e-09 
