2.591667342603e-09 8.260265122610e-11 9.343623060266e-11 9.996605256425e-11 1.046534344116e-10 1.083799893781e-10 1.115733741306e-10 1.145130951044e-10 1.174963694510e-10 1.215802204866e-10 
8.260265122610e-11 2.685148534376e-09 1.764066323688e-10 1.950356544118e-10 2.084121772063e-10 2.190318910060e-10 2.281324947477e-10 2.365107907093e-10 2.450132948705e-10 2.566537211776e-10 
9.343623060266e-11 1.764066323688e-10 2.760082179223e-09 2.521111250886e-10 2.743452602685e-10 2.919341173581e-10 3.069845438705e-10 3.208408878932e-10 3.349035894835e-10 3.541573780744e-10 
9.996605256425e-11 1.950356544118e-10 2.521111250886e-10 2.832552482864e-09 3.261965855803e-10 3.517832766543e-10 3.735681533107e-10 3.935892328798e-10 4.139090617997e-10 4.417328216141e-10 
1.046534344116e-10 2.084121772063e-10 2.743452602685e-10 3.261965855803e-10 2.907203736791e-09 4.038124996220e-10 4.337231323683e-10 4.610461508734e-10 4.887345181604e-10 5.266589366074e-10 
1.083799893781e-10 2.190318910060e-10 2.919341173581e-10 3.517832766543e-10 4.038124996220e-10 2.987625242944e-09 4.888058719690e-10 5.249201108775e-10 5.612383818016e-10 6.109610028539e-10 
1.115733741306e-10 2.281324947477e-10 3.069845438705e-10 3.735681533107e-10 4.337231323683e-10 4.888058719690e-10 3.077968127874e-09 5.867269942794e-10 6.336002194461e-10 6.971930165641e-10 
1.145130951044e-10 2.365107907093e-10 3.208408878932e-10 3.935892328798e-10 4.610461508734e-10 5.249201108775e-10 5.867269942794e-10 3.186458371057e-09 7.097709367916e-10 7.903245086765e-10 
1.174963694510e-10 2.450132948705e-10 3.349035894835e-10 4.139090617997e-10 4.887345181604e-10 5.612383818016e-10 6.336002194461e-10 7.097709367916e-10 3.333469037653e-09 9.028320744836e-10 
1.215802204866e-10 2.566537211776e-10 3.541573780744e-10 4.417328216141e-10 5.266589366074e-10 6.109610028539e-10 6.971930165641e-10 7.903245086765e-10 9.028320744836e-10 3.625394002059e-09 
