2.653460004319e-09 1.721424160279e-10 1.928169796013e-10 2.052747997058e-10 2.142171506449e-10 2.213264234692e-10 2.274185612273e-10 2.330267781230e-10 2.387180830948e-10 2.465088032556e-10 
1.721424160279e-10 2.831593642435e-09 3.484665279203e-10 3.831622728906e-10 4.080677967637e-10 4.278361722012e-10 4.447767194395e-10 4.603728866220e-10 4.762002956926e-10 4.978686764087e-10 
1.928169796013e-10 3.484665279203e-10 2.970957613100e-09 4.894358391283e-10 5.309744805640e-10 5.638077005221e-10 5.918943695987e-10 6.177528777748e-10 6.439969045576e-10 6.799284436736e-10 
2.052747997058e-10 3.831622728906e-10 4.894358391283e-10 3.106869552815e-09 6.291676931055e-10 6.775791820916e-10 7.187517067750e-10 7.565777369482e-10 7.949688159140e-10 8.475382459835e-10 
2.142171506449e-10 4.080677967637e-10 5.309744805640e-10 6.291676931055e-10 3.249214705815e-09 7.783534692717e-10 8.359584962041e-10 8.885055776853e-10 9.417369241479e-10 1.014652308619e-09 
2.213264234692e-10 4.278361722012e-10 5.638077005221e-10 6.775791820916e-10 7.783534692717e-10 3.405697716455e-09 9.452580913309e-10 1.016194376625e-09 1.087386156397e-09 1.184843982684e-09 
2.274185612273e-10 4.447767194395e-10 5.918943695987e-10 7.187517067750e-10 8.359584962041e-10 9.452580913309e-10 3.585449698170e-09 1.141964234256e-09 1.235758776813e-09 1.362716496295e-09 
2.330267781230e-10 4.603728866220e-10 6.177528777748e-10 7.565777369482e-10 8.885055776853e-10 1.016194376625e-09 1.141964234256e-09 3.806488036085e-09 1.394923264040e-09 1.558606089373e-09 
2.387180830948e-10 4.762002956926e-10 6.439969045576e-10 7.949688159140e-10 9.417369241479e-10 1.087386156397e-09 1.235758776813e-09 1.394923264040e-09 4.114449872306e-09 1.802101007425e-09 
2.465088032556e-10 4.978686764087e-10 6.799284436736e-10 8.475382459835e-10 1.014652308619e-09 1.184843982684e-09 1.362716496295e-09 1.558606089373e-09 1.802101007425e-09 4.749643786961e-09 
