2.551613688823e-09 2.169190925135e-11 2.500759892189e-11 2.701057028661e-11 2.844825587046e-11 2.959121753422e-11 3.057065822741e-11 3.147229921720e-11 3.238729986591e-11 3.364025821787e-11 
2.169190925135e-11 2.580315739364e-09 5.184653757782e-11 5.816755634299e-11 6.270664228883e-11 6.630949130485e-11 6.939701896313e-11 7.223952363327e-11 7.512417438465e-11 7.907436202291e-11 
2.500759892189e-11 5.184653757782e-11 2.606145534779e-09 7.851308807878e-11 8.643361276267e-11 9.269699566363e-11 9.805607553624e-11 1.029900762601e-10 1.079975803793e-10 1.148548954664e-10 
2.701057028661e-11 5.816755634299e-11 7.851308807878e-11 2.632278510460e-09 1.055689687233e-10 1.149462782233e-10 1.229289464321e-10 1.302656232725e-10 1.377118738629e-10 1.479096384735e-10 
2.844825587046e-11 6.270664228883e-11 8.643361276267e-11 1.055689687233e-10 2.659876304799e-09 1.344731696605e-10 1.456190140044e-10 1.558039913047e-10 1.661267393618e-10 1.802674093046e-10 
2.959121753422e-11 6.630949130485e-11 9.269699566363e-11 1.149462782233e-10 1.344731696605e-10 2.689983570387e-09 1.663953990140e-10 1.799643813250e-10 1.936237952574e-10 2.123285697477e-10 
3.057065822741e-11 6.939701896313e-11 9.805607553624e-11 1.229289464321e-10 1.456190140044e-10 1.663953990140e-10 2.723931421983e-09 2.031945283003e-10 2.208504703493e-10 2.448492926773e-10 
3.147229921720e-11 7.223952363327e-11 1.029900762601e-10 1.302656232725e-10 1.558039913047e-10 1.799643813250e-10 2.031945283003e-10 2.764524192856e-09 2.491203343789e-10 2.795058452403e-10 
3.238729986591e-11 7.512417438465e-11 1.079975803793e-10 1.377118738629e-10 1.661267393618e-10 1.936237952574e-10 2.208504703493e-10 2.491203343789e-10 2.818763465579e-09 3.204105834865e-10 
3.364025821787e-11 7.907436202291e-11 1.148548954664e-10 1.479096384735e-10 1.802674093046e-10 2.123285697477e-10 2.448492926773e-10 2.795058452403e-10 3.204105834865e-10 2.923461037379e-09 
