2.542291926886e-09 6.510056141783e-12 7.592395144997e-12 8.247713417415e-12 8.717997420903e-12 9.091857979692e-12 9.412234658500e-12 9.707163575904e-12 1.000646212806e-11 1.041620051175e-11 
6.510056141783e-12 2.551680911260e-09 1.671802727168e-11 1.895956572436e-11 2.056868181758e-11 2.184521745867e-11 2.293918727691e-11 2.394636886316e-11 2.496848664487e-11 2.636788625086e-11 
7.592395144997e-12 1.671802727168e-11 2.560974418235e-09 2.654322200972e-11 2.950718021452e-11 3.184775642343e-11 3.384960383113e-11 3.569272401238e-11 3.756334178299e-11 4.012457745492e-11 
8.247713417415e-12 1.895956572436e-11 2.654322200972e-11 2.570915850566e-09 3.702848078398e-11 4.068805180197e-11 4.379905592525e-11 4.665725785266e-11 4.955822808926e-11 5.353068604480e-11 
8.717997420903e-12 2.056868181758e-11 2.950718021452e-11 3.702848078398e-11 2.581866882284e-09 4.867643556008e-11 5.318051554991e-11 5.729078417077e-11 6.145572987302e-11 6.716077696729e-11 
9.091857979692e-12 2.184521745867e-11 3.184775642343e-11 4.068805180197e-11 4.867643556008e-11 2.594220284104e-09 6.193873301911e-11 6.757770064090e-11 7.324775011233e-11 8.101144997365e-11 
9.412234658500e-12 2.293918727691e-11 3.384960383113e-11 4.379905592525e-11 5.318051554991e-11 6.193873301911e-11 2.608525124944e-09 7.760713253461e-11 8.511500706879e-11 9.531208177035e-11 
9.707163575904e-12 2.394636886316e-11 3.569272401238e-11 4.665725785266e-11 5.729078417077e-11 6.757770064090e-11 7.760713253461e-11 2.626021573616e-09 9.757272998044e-11 1.107482061456e-10 
1.000646212806e-11 2.496848664487e-11 3.756334178299e-11 4.955822808926e-11 6.145572987302e-11 7.324775011233e-11 8.511500706879e-11 9.757272998044e-11 2.649847940051e-09 1.291203139511e-10 
1.041620051175e-11 2.636788625086e-11 4.012457745492e-11 5.353068604480e-11 6.716077696729e-11 8.101144997365e-11 9.531208177035e-11 1.107482061456e-10 1.291203139511e-10 2.696595804826e-09 
