2.580222132527e-09 6.560411369852e-11 7.446537568573e-11 7.980783977125e-11 8.364285976425e-11 8.669176806726e-11 8.930446063307e-11 9.170961635063e-11 9.415040567568e-11 9.749166697450e-11 
6.560411369852e-11 2.656727624753e-09 1.429220893439e-10 1.583904262931e-10 1.694977799016e-10 1.783160496860e-10 1.858729225445e-10 1.928300097348e-10 1.998902346709e-10 2.095561438291e-10 
7.446537568573e-11 1.429220893439e-10 2.719073415532e-09 2.060525515334e-10 2.246101173759e-10 2.392916951846e-10 2.518548192819e-10 2.634212180770e-10 2.751598488736e-10 2.912317150089e-10 
7.980783977125e-11 1.583904262931e-10 2.060525515334e-10 2.779619059445e-09 2.680053893206e-10 2.894051380735e-10 3.076276891123e-10 3.243758699679e-10 3.413739503171e-10 3.646492442330e-10 
8.364285976425e-11 1.694977799016e-10 2.246101173759e-10 2.680053893206e-10 2.842062986122e-09 3.329211451369e-10 3.579316477822e-10 3.807848212120e-10 4.039452890546e-10 4.356674559207e-10 
8.669176806726e-11 1.783160496860e-10 2.392916951846e-10 2.894051380735e-10 3.329211451369e-10 2.909248166494e-09 4.038564801527e-10 4.339980172453e-10 4.643234274374e-10 5.058421498374e-10 
8.930446063307e-11 1.858729225445e-10 2.518548192819e-10 3.076276891123e-10 3.579316477822e-10 4.038564801527e-10 2.984493756048e-09 4.852862222821e-10 5.242975162577e-10 5.772545361575e-10 
9.170961635063e-11 1.928300097348e-10 2.634212180770e-10 3.243758699679e-10 3.807848212120e-10 4.339980172453e-10 4.852862222821e-10 3.074438374001e-09 5.870926871001e-10 6.539552763117e-10 
9.415040567568e-11 1.998902346709e-10 2.751598488736e-10 3.413739503171e-10 4.039452890546e-10 4.643234274374e-10 5.242975162577e-10 5.870926871001e-10 3.195503042527e-09 7.459501152251e-10 
9.749166697450e-11 2.095561438291e-10 2.912317150089e-10 3.646492442330e-10 4.356674559207e-10 5.058421498374e-10 5.772545361575e-10 6.539552763117e-10 7.459501152251e-10 3.433547972518e-09 
