2.542453973472e-09 6.782224781008e-12 7.907623092006e-12 8.588945802413e-12 9.077893032359e-12 9.466592105814e-12 9.799685735413e-12 1.010632284769e-11 1.041750484166e-11 1.084351563642e-11 
6.782224781008e-12 2.552217391937e-09 1.738765084969e-11 1.971322024546e-11 2.138261522899e-11 2.270699711527e-11 2.384197611984e-11 2.488691756187e-11 2.594736114921e-11 2.739924703659e-11 
7.907623092006e-12 1.738765084969e-11 2.561856346175e-09 2.757062916210e-11 3.064060904546e-11 3.306497944213e-11 3.513852934646e-11 3.704767736767e-11 3.898531847516e-11 4.163834684714e-11 
8.588945802413e-12 1.971322024546e-11 2.757062916210e-11 2.572149024345e-09 3.841974263234e-11 4.220498486114e-11 4.542292061857e-11 4.837943324697e-11 5.138020435801e-11 5.548936154039e-11 
9.077893032359e-12 2.138261522899e-11 3.064060904546e-11 3.841974263234e-11 2.583470728520e-09 5.045507688319e-11 5.510799143464e-11 5.935430372818e-11 6.365716848537e-11 6.955118294638e-11 
9.466592105814e-12 2.270699711527e-11 3.306497944213e-11 4.220498486114e-11 5.045507688319e-11 2.596225901412e-09 6.414239545830e-11 6.996164879344e-11 7.581322938990e-11 8.382562550778e-11 
9.799685735413e-12 2.384197611984e-11 3.513852934646e-11 4.542292061857e-11 5.510799143464e-11 6.414239545830e-11 2.610980907634e-09 8.029655080599e-11 8.803707764689e-11 9.855091025317e-11 
1.010632284769e-11 2.488691756187e-11 3.704767736767e-11 4.837943324697e-11 5.935430372818e-11 6.996164879344e-11 8.029655080599e-11 2.629009045217e-09 1.008615488459e-10 1.144358506568e-10 
1.041750484166e-11 2.594736114921e-11 3.898531847516e-11 5.138020435801e-11 6.365716848537e-11 7.581322938990e-11 8.803707764689e-11 1.008615488459e-10 2.653538971016e-09 1.333297497495e-10 
1.084351563642e-11 2.739924703659e-11 4.163834684714e-11 5.548936154039e-11 6.955118294638e-11 8.382562550778e-11 9.855091025317e-11 1.144358506568e-10 1.333297497495e-10 2.701614663728e-09 
