2.619989110013e-09 1.239092872065e-10 1.393340326691e-10 1.486280058811e-10 1.552995060237e-10 1.606034753279e-10 1.651486082763e-10 1.693327220454e-10 1.735788495856e-10 1.793914108409e-10 
1.239092872065e-10 2.752976527471e-09 2.560281339946e-10 2.820292339305e-10 3.006956768263e-10 3.155138329858e-10 3.282123544551e-10 3.399031134714e-10 3.517672650072e-10 3.680100091246e-10 
1.393340326691e-10 2.560281339946e-10 2.857353067419e-09 3.613065363949e-10 3.922321282873e-10 4.166874599848e-10 4.376108874139e-10 4.568744164645e-10 4.764250870416e-10 5.031928124529e-10 
1.486280058811e-10 2.820292339305e-10 3.613065363949e-10 2.958216876471e-09 4.645595944663e-10 5.002597897789e-10 5.306393383290e-10 5.585545206360e-10 5.868866510764e-10 6.256822312396e-10 
1.552995060237e-10 3.006956768263e-10 3.922321282873e-10 4.645595944663e-10 3.062680695790e-09 5.735144821247e-10 6.155345435020e-10 6.538913020962e-10 6.927544302379e-10 7.459872324009e-10 
1.606034753279e-10 3.155138329858e-10 4.166874599848e-10 5.002597897789e-10 5.735144821247e-10 3.176179468181e-09 6.939508537749e-10 7.451239345970e-10 7.965308235816e-10 8.669084865736e-10 
1.651486082763e-10 3.282123544551e-10 4.376108874139e-10 5.306393383290e-10 6.155345435020e-10 6.939508537749e-10 3.304997772258e-09 8.342303134965e-10 9.012372356414e-10 9.920374782396e-10 
1.693327220454e-10 3.399031134714e-10 4.568744164645e-10 5.585545206360e-10 6.538913020962e-10 7.451239345970e-10 8.342303134965e-10 3.461565642837e-09 1.012629743446e-09 1.128715632333e-09 
1.735788495856e-10 3.517672650072e-10 4.764250870416e-10 5.868866510764e-10 6.927544302379e-10 7.965308235816e-10 9.012372356414e-10 1.012629743446e-09 3.676901629670e-09 1.296514708074e-09 
1.793914108409e-10 3.680100091246e-10 5.031928124529e-10 6.256822312396e-10 7.459872324009e-10 8.669084865736e-10 9.920374782396e-10 1.128715632333e-09 1.296514708074e-09 4.113470891296e-09 
