2.872902826675e-09 4.941188719017e-10 5.531744376842e-10 5.888157584657e-10 6.143950205258e-10 6.347302332431e-10 6.521562889071e-10 6.681982321122e-10 6.844779380590e-10 7.067631187937e-10 
4.941188719017e-10 3.382288631224e-09 1.011738141128e-09 1.117873974141e-09 1.194033744051e-09 1.254455866785e-09 1.306236435361e-09 1.353909161624e-09 1.402289136663e-09 1.468524711182e-09 
5.531744376842e-10 1.011738141128e-09 3.814705688394e-09 1.459402296361e-09 1.593438961795e-09 1.699260572164e-09 1.789755964906e-09 1.873074530955e-09 1.957637117172e-09 2.073417483161e-09 
5.888157584657e-10 1.117873974141e-09 1.459402296361e-09 4.260869015790e-09 1.927472959384e-09 2.090919465559e-09 2.229766713985e-09 2.357286668578e-09 2.486712915133e-09 2.663945654631e-09 
6.143950205258e-10 1.194033744051e-09 1.593438961795e-09 1.927472959384e-09 4.749714685538e-09 2.447608281906e-09 2.648765053728e-09 2.832044464393e-09 3.017665017945e-09 3.271946797177e-09 
6.347302332431e-10 1.254455866785e-09 1.699260572164e-09 2.090919465559e-09 2.447608281906e-09 5.303343400289e-09 3.043675613572e-09 3.296729019850e-09 3.550393268401e-09 3.897657468139e-09 
6.521562889071e-10 1.306236435361e-09 1.789755964906e-09 2.229766713985e-09 2.648765053728e-09 3.043675613572e-09 5.951065784047e-09 3.757439502856e-09 4.097152233539e-09 4.556535096194e-09 
6.681982321122e-10 1.353909161624e-09 1.873074530955e-09 2.357286668578e-09 2.832044464393e-09 3.296729019850e-09 3.757439502856e-09 6.760611232578e-09 4.690057312352e-09 5.290940709542e-09 
6.844779380590e-10 1.402289136663e-09 1.957637117172e-09 2.486712915133e-09 3.017665017945e-09 3.550393268401e-09 4.097152233539e-09 4.690057312352e-09 7.907994640408e-09 6.213629719412e-09 
7.067631187937e-10 1.468524711182e-09 2.073417483161e-09 2.663945654631e-09 3.271946797177e-09 3.897657468139e-09 4.556535096194e-09 5.290940709542e-09 6.213629719412e-09 1.030998648344e-08 
