2.543448943979e-09 8.440428564979e-12 9.824556796127e-12 1.066220416573e-11 1.126336042564e-11 1.174126675264e-11 1.215080511440e-11 1.252781510210e-11 1.291041349315e-11 1.343433256373e-11 
8.440428564979e-12 2.555452854622e-09 2.141172730936e-11 2.423526600827e-11 2.626233196352e-11 2.787064372885e-11 2.924894004353e-11 3.051788955592e-11 3.180566469612e-11 3.356914305194e-11 
9.824556796127e-12 2.141172730936e-11 2.567128242817e-09 3.369667458751e-11 3.739037247363e-11 4.030810419209e-11 4.280384017657e-11 4.510169199422e-11 4.743382793921e-11 5.062751959151e-11 
1.066220416573e-11 2.423526600827e-11 3.369667458751e-11 2.579475415354e-09 4.666756911332e-11 5.118681080375e-11 5.503000059780e-11 5.856126747122e-11 6.214537297172e-11 6.705399662676e-11 
1.126336042564e-11 2.626233196352e-11 3.739037247363e-11 4.666756911332e-11 2.592949319218e-09 6.094831103858e-11 6.646658429380e-11 7.150405660455e-11 7.660891903255e-11 8.360226282054e-11 
1.174126675264e-11 2.787064372885e-11 4.030810419209e-11 5.118681080375e-11 6.094831103858e-11 2.608030721812e-09 7.709122870457e-11 8.395346581526e-11 9.085616444288e-11 1.003088524771e-10 
1.215080511440e-11 2.924894004353e-11 4.280384017657e-11 5.503000059780e-11 6.646658429380e-11 7.709122870457e-11 2.625378489217e-09 9.604164397994e-11 1.051270011953e-10 1.174710677313e-10 
1.252781510210e-11 3.051788955592e-11 4.510169199422e-11 5.856126747122e-11 7.150405660455e-11 8.395346581526e-11 9.604164397994e-11 2.646470928286e-09 1.200578275535e-10 1.359241690561e-10 
1.291041349315e-11 3.180566469612e-11 4.743382793921e-11 6.214537297172e-11 7.660891903255e-11 9.085616444288e-11 1.051270011953e-10 1.200578275535e-10 2.675031769683e-09 1.577986278554e-10 
1.343433256373e-11 3.356914305194e-11 5.062751959151e-11 6.705399662676e-11 8.360226282054e-11 1.003088524771e-10 1.174710677313e-10 1.359241690561e-10 1.577986278554e-10 2.730754813273e-09 
