2.568737131911e-09 4.828956462151e-11 5.506532808353e-11 5.915224560402e-11 6.208594605661e-11 6.441828891431e-11 6.641694669424e-11 6.825685159529e-11 7.012402640228e-11 7.268010223752e-11 
4.828956462151e-11 2.627289140901e-09 1.080901129353e-10 1.201951351822e-10 1.288875220649e-10 1.357883256353e-10 1.417020526472e-10 1.471464446957e-10 1.526715815889e-10 1.602359796906e-10 
5.506532808353e-11 1.080901129353e-10 2.676246841449e-09 1.578773616576e-10 1.725397064379e-10 1.841389169172e-10 1.940644623556e-10 2.032026516717e-10 2.124769723902e-10 2.251750334875e-10 
5.915224560402e-11 1.201951351822e-10 1.578773616576e-10 2.724191278426e-09 2.070362030748e-10 2.240213185775e-10 2.384850910404e-10 2.517792101089e-10 2.652718240955e-10 2.837473317913e-10 
6.208594605661e-11 1.288875220649e-10 1.725397064379e-10 2.070362030748e-10 2.773815278122e-09 2.586715196437e-10 2.785665635741e-10 2.967486585222e-10 3.151764932316e-10 3.404165770516e-10 
6.441828891431e-11 1.357883256353e-10 1.841389169172e-10 2.240213185775e-10 2.586715196437e-10 2.827279790016e-09 3.151332711610e-10 3.391274233499e-10 3.632773500620e-10 3.963424545623e-10 
6.641694669424e-11 1.417020526472e-10 1.940644623556e-10 2.384850910404e-10 2.785665635741e-10 3.151332711610e-10 2.887133963928e-09 3.798643356398e-10 4.108990532046e-10 4.530534411797e-10 
6.825685159529e-11 1.471464446957e-10 2.032026516717e-10 2.517792101089e-10 2.967486585222e-10 3.391274233499e-10 3.798643356398e-10 2.958473759526e-09 4.605006406480e-10 5.136354242393e-10 
7.012402640228e-11 1.526715815889e-10 2.124769723902e-10 2.652718240955e-10 3.151764932316e-10 3.632773500620e-10 4.108990532046e-10 4.605006406480e-10 3.053936957283e-09 5.857029587406e-10 
7.268010223752e-11 1.602359796906e-10 2.251750334875e-10 2.837473317913e-10 3.404165770516e-10 3.963424545623e-10 4.530534411797e-10 5.136354242393e-10 5.857029587406e-10 3.239767387330e-09 
