2.541849181336e-09 5.767438190491e-12 6.732000357268e-12 7.316106782234e-12 7.735275045919e-12 8.068499796333e-12 8.354055428599e-12 8.616930486576e-12 8.883702143508e-12 9.249011786560e-12 
5.767438190491e-12 2.550218940108e-09 1.489240948237e-11 1.690368772623e-11 1.834739444463e-11 1.949263321223e-11 2.047408865963e-11 2.137768994880e-11 2.229469794558e-11 2.355044915339e-11 
6.732000357268e-12 1.489240948237e-11 2.558568974571e-09 2.373897306896e-11 2.641149060988e-11 2.852146025272e-11 3.032598264115e-11 3.198744366783e-11 3.367370855817e-11 3.598293101055e-11 
7.316106782234e-12 1.690368772623e-11 2.373897306896e-11 2.567548037577e-09 3.322649819263e-11 3.653978112051e-11 3.935590622945e-11 4.194307202599e-11 4.456897716334e-11 4.816532719823e-11 
7.735275045919e-12 1.834739444463e-11 2.641149060988e-11 3.322649819263e-11 2.577481037193e-09 4.380884403580e-11 4.790211490612e-11 5.163663613138e-11 5.542072483203e-11 6.060483793303e-11 
8.068499796333e-12 1.949263321223e-11 2.852146025272e-11 3.653978112051e-11 4.380884403580e-11 2.588728165574e-09 5.590077245292e-11 6.104139884488e-11 6.620946069423e-11 7.328669880550e-11 
8.354055428599e-12 2.047408865963e-11 3.032598264115e-11 3.935590622945e-11 4.790211490612e-11 5.590077245292e-11 2.601792290391e-09 7.022780069019e-11 7.709138751364e-11 8.641275750526e-11 
8.616930486576e-12 2.137768994880e-11 3.198744366783e-11 4.194307202599e-11 5.163663613138e-11 6.104139884488e-11 7.022780069019e-11 2.617819125093e-09 8.853859112362e-11 1.006125349087e-10 
8.883702143508e-12 2.229469794558e-11 3.367370855817e-11 4.456897716334e-11 5.542072483203e-11 6.620946069423e-11 7.709138751364e-11 8.853859112362e-11 2.639705215168e-09 1.175384673229e-10 
9.249011786560e-12 2.355044915339e-11 3.598293101055e-11 4.816532719823e-11 6.060483793303e-11 7.328669880550e-11 8.641275750526e-11 1.006125349087e-10 1.175384673229e-10 2.682780338227e-09 
