2.653453546571e-09 1.721335522664e-10 1.928054698328e-10 2.052614459863e-10 2.142024598618e-10 2.213106920750e-10 2.274019622671e-10 2.330094074643e-10 2.386999709199e-10 2.464923205518e-10 
1.721335522664e-10 2.831584305126e-09 3.484536179715e-10 3.831451623006e-10 4.080469587378e-10 4.278123437976e-10 4.447504155613e-10 4.603443844109e-10 4.761696720364e-10 4.978405482691e-10 
1.928054698328e-10 3.484536179715e-10 2.970941952412e-09 4.894154401191e-10 5.309478662379e-10 5.637752667683e-10 5.918570239697e-10 6.177111807105e-10 6.439509791395e-10 6.798841676762e-10 
2.052614459863e-10 3.831451623006e-10 4.894154401191e-10 3.106846054750e-09 6.291384032032e-10 6.775422871452e-10 7.187074564740e-10 7.565268621259e-10 7.949115391110e-10 8.474815722213e-10 
2.142024598618e-10 4.080469587378e-10 5.309478662379e-10 6.291384032032e-10 3.249182430009e-09 7.783148712234e-10 8.359113023748e-10 8.884495781185e-10 9.416723829250e-10 1.014587505510e-09 
2.213106920750e-10 4.278123437976e-10 5.637752667683e-10 6.775422871452e-10 7.783148712234e-10 3.405655856978e-09 9.452089511065e-10 1.016134833274e-09 1.087315422897e-09 1.184771705276e-09 
2.274019622671e-10 4.447504155613e-10 5.918570239697e-10 7.187074564740e-10 8.359113023748e-10 9.452089511065e-10 3.585396570845e-09 1.141901908604e-09 1.235682526477e-09 1.362636681796e-09 
2.330094074643e-10 4.603443844109e-10 6.177111807105e-10 7.565268621259e-10 8.884495781185e-10 1.016134833274e-09 1.141901908604e-09 3.806420752216e-09 1.394842480613e-09 1.558520388167e-09 
2.386999709199e-10 4.761696720364e-10 6.439509791395e-10 7.949115391110e-10 9.416723829250e-10 1.087315422897e-09 1.235682526477e-09 1.394842480613e-09 4.114358446840e-09 1.802010102566e-09 
2.464923205518e-10 4.978405482691e-10 6.798841676762e-10 8.474815722213e-10 1.014587505510e-09 1.184771705276e-09 1.362636681796e-09 1.558520388167e-09 1.802010102566e-09 4.749540262065e-09 
