2.575830850211e-09 5.901087912160e-11 6.708531024975e-11 7.195400187006e-11 7.544891422426e-11 7.822743610269e-11 8.060843722275e-11 8.280031575862e-11 8.502468086047e-11 8.806971351810e-11 
5.901087912160e-11 2.645569731188e-09 1.297345310583e-10 1.439363770700e-10 1.541341017240e-10 1.622301142935e-10 1.691680936833e-10 1.755554435900e-10 1.820375223460e-10 1.909120182955e-10 
6.708531024975e-11 1.297345310583e-10 2.702876511740e-09 1.878390031280e-10 2.049261284188e-10 2.184440170419e-10 2.300115160737e-10 2.406613684630e-10 2.514698668968e-10 2.662684175144e-10 
7.195400187006e-11 1.439363770700e-10 1.878390031280e-10 2.758665213745e-09 2.449550861860e-10 2.646849105780e-10 2.814857425024e-10 2.969275624884e-10 3.125999057141e-10 3.340600995265e-10 
7.544891422426e-11 1.541341017240e-10 2.049261284188e-10 2.449550861860e-10 2.816258843272e-09 3.048456877135e-10 3.279191361627e-10 3.490038208531e-10 3.703727172213e-10 3.996412260402e-10 
7.822743610269e-11 1.622301142935e-10 2.184440170419e-10 2.646849105780e-10 3.048456877135e-10 2.878245578685e-09 3.702862744530e-10 3.980911398888e-10 4.260700536316e-10 4.643770623508e-10 
8.060843722275e-11 1.691680936833e-10 2.300115160737e-10 2.814857425024e-10 3.279191361627e-10 3.702862744530e-10 2.947625199457e-09 4.453354466749e-10 4.812989475617e-10 5.301307887133e-10 
8.280031575862e-11 1.755554435900e-10 2.406613684630e-10 2.969275624884e-10 3.490038208531e-10 3.980911398888e-10 4.453354466749e-10 3.030434947482e-09 5.390045975172e-10 6.006017465594e-10 
8.502468086047e-11 1.820375223460e-10 2.514698668968e-10 3.125999057141e-10 3.703727172213e-10 4.260700536316e-10 4.812989475617e-10 5.390045975172e-10 3.141627496899e-09 6.848578637639e-10 
8.806971351810e-11 1.909120182955e-10 2.662684175144e-10 3.340600995265e-10 3.996412260402e-10 4.643770623508e-10 5.301307887133e-10 6.006017465594e-10 6.848578637639e-10 3.359381269032e-09 
