2.541141543246e-09 4.588720620060e-12 5.367221338362e-12 5.838812522744e-12 6.177222801405e-12 6.446245098181e-12 6.676783266924e-12 6.889010751876e-12 7.104383822808e-12 7.399232760846e-12 
4.588720620060e-12 2.547899059660e-09 1.198963643222e-11 1.363146695188e-11 1.480982955755e-11 1.574447104092e-11 1.654545086134e-11 1.728289707927e-11 1.803128472074e-11 1.905592906503e-11 
5.367221338362e-12 1.198963643222e-11 2.554729674183e-09 1.925311552855e-11 2.145299111005e-11 2.318928705460e-11 2.467407842280e-11 2.604116181189e-11 2.742866137596e-11 2.932844203022e-11 
5.838812522744e-12 1.363146695188e-11 1.925311552855e-11 2.562141866743e-09 2.711083469661e-11 2.985880504237e-11 3.219358150225e-11 3.433833196246e-11 3.651521149967e-11 3.949619630781e-11 
6.177222801405e-12 1.480982955755e-11 2.145299111005e-11 2.711083469661e-11 2.570406806839e-09 3.594239490905e-11 3.936028216749e-11 4.247758972401e-11 4.563603005263e-11 4.996257440912e-11 
6.446245098181e-12 1.574447104092e-11 2.318928705460e-11 2.985880504237e-11 3.594239490905e-11 2.579828004700e-09 4.609827950511e-11 5.041648519594e-11 5.475590945262e-11 6.069777634388e-11 
6.676783266924e-12 1.654545086134e-11 2.467407842280e-11 3.219358150225e-11 3.936028216749e-11 4.609827950511e-11 2.590838024739e-09 5.820140685444e-11 6.399564143398e-11 7.186192792386e-11 
6.889010751876e-12 1.728289707927e-11 2.604116181189e-11 3.433833196246e-11 4.247758972401e-11 5.041648519594e-11 5.820140685444e-11 2.604417994229e-09 7.374954322642e-11 8.398877997177e-11 
7.104383822808e-12 1.803128472074e-11 2.742866137596e-11 3.651521149967e-11 4.563603005263e-11 5.475590945262e-11 6.399564143398e-11 7.374954322642e-11 2.623070017108e-09 9.850449565398e-11 
7.399232760846e-12 1.905592906503e-11 2.932844203022e-11 3.949619630781e-11 4.996257440912e-11 6.069777634388e-11 7.186192792386e-11 8.398877997177e-11 9.850449565398e-11 2.659986230995e-09 
