2.557688403173e-09 3.127686909229e-11 3.588900986994e-11 3.867307088726e-11 4.067147916998e-11 4.226023567889e-11 4.362169422991e-11 4.487501335035e-11 4.614691021059e-11 4.788859896488e-11 
3.127686909229e-11 2.597585726091e-09 7.266129206015e-11 8.119619763899e-11 8.732502417934e-11 9.219023690499e-11 9.635956909147e-11 1.001980245007e-10 1.040934130421e-10 1.094277306141e-10 
3.588900986994e-11 7.266129206015e-11 2.632295020742e-09 1.082332114247e-10 1.187524876830e-10 1.270728742833e-10 1.341924670107e-10 1.407473255305e-10 1.473998501094e-10 1.565099434692e-10 
3.867307088726e-11 8.119619763899e-11 1.082332114247e-10 2.666846670171e-09 1.438266692689e-10 1.561416854652e-10 1.666273540016e-10 1.762649639978e-10 1.860465228457e-10 1.994426240994e-10 
4.067147916998e-11 8.732502417934e-11 1.187524876830e-10 1.438266692689e-10 2.702947900666e-09 1.814998980696e-10 1.960184605115e-10 2.092872174535e-10 2.227356431139e-10 2.411581335757e-10 
4.226023567889e-11 9.219023690499e-11 1.270728742833e-10 1.561416854652e-10 1.814998980696e-10 2.742044792750e-09 2.228498654996e-10 2.404233874189e-10 2.581140274023e-10 2.823390109807e-10 
4.362169422991e-11 9.635956909147e-11 1.341924670107e-10 1.666273540016e-10 1.960184605115e-10 2.228498654996e-10 2.785916950520e-09 2.703260199333e-10 2.930988960780e-10 3.240484609642e-10 
4.487501335035e-11 1.001980245007e-10 1.407473255305e-10 1.762649639978e-10 2.092872174535e-10 2.404233874189e-10 2.703260199333e-10 2.838220404527e-09 3.294408038575e-10 3.685084711141e-10 
4.614691021059e-11 1.040934130421e-10 1.473998501094e-10 1.860465228457e-10 2.227356431139e-10 2.581140274023e-10 2.930988960780e-10 3.294408038575e-10 2.908044003939e-09 4.211267696437e-10 
4.788859896488e-11 1.094277306141e-10 1.565099434692e-10 1.994426240994e-10 2.411581335757e-10 2.823390109807e-10 3.240484609642e-10 3.685084711141e-10 4.211267696437e-10 3.043083081352e-09 
