2.563487207188e-09 4.024151301992e-11 4.600667077837e-11 4.948511116030e-11 5.198200167163e-11 5.396706687188e-11 5.566813298160e-11 5.723408411528e-11 5.882324482865e-11 6.099874347710e-11 
4.024151301992e-11 2.613328098566e-09 9.147508827851e-11 1.019256739244e-10 1.094301389304e-10 1.153876774959e-10 1.204930806479e-10 1.251933072990e-10 1.299632427609e-10 1.364937278648e-10 
4.600667077837e-11 9.147508827851e-11 2.655689236346e-09 1.346869643898e-10 1.474327714584e-10 1.575153591310e-10 1.661431015026e-10 1.740864428097e-10 1.821481188320e-10 1.931859051136e-10 
4.948511116030e-11 1.019256739244e-10 1.346869643898e-10 2.697438732162e-09 1.775684723372e-10 1.923920327121e-10 2.050147610867e-10 2.166166140134e-10 2.283917199745e-10 2.445154754257e-10 
5.198200167163e-11 1.094301389304e-10 1.474327714584e-10 1.775684723372e-10 2.740798732177e-09 2.227321422503e-10 2.401335341088e-10 2.560368147696e-10 2.721554146118e-10 2.942326301831e-10 
5.396706687188e-11 1.153876774959e-10 1.575153591310e-10 1.923920327121e-10 2.227321422503e-10 2.787591991681e-09 2.721648236267e-10 2.931717213306e-10 3.143179022260e-10 3.432708625725e-10 
5.566813298160e-11 1.204930806479e-10 1.661431015026e-10 2.050147610867e-10 2.401335341088e-10 2.721648236267e-10 2.839998535580e-09 3.288518838193e-10 3.560423622917e-10 3.929840795135e-10 
5.723408411528e-11 1.251933072990e-10 1.740864428097e-10 2.166166140134e-10 2.560368147696e-10 2.931717213306e-10 3.288518838193e-10 2.902462475920e-09 3.994495917815e-10 4.460393458471e-10 
5.882324482865e-11 1.299632427609e-10 1.821481188320e-10 2.283917199745e-10 2.721554146118e-10 3.143179022260e-10 3.560423622917e-10 3.994495917815e-10 2.985914764305e-09 5.089278321723e-10 
6.099874347710e-11 1.364937278648e-10 1.931859051136e-10 2.445154754257e-10 2.942326301831e-10 3.432708625725e-10 3.929840795135e-10 4.460393458471e-10 5.089278321723e-10 3.147717708471e-09 
