6.199487072396e-08 1.609789091319e-08 3.274810533848e-09 4.361701185855e-10 4.058490318700e-11 2.449825984846e-12 8.262932341471e-14 1.171278661307e-15 3.804739194800e-18 4.444369970725e-22 
1.609789091319e-08 6.809580997608e-08 2.366449727511e-08 7.306028376588e-09 1.397972765344e-09 1.675926531938e-10 1.136522078860e-11 3.379336215401e-13 2.489705318357e-15 7.677511692108e-19 
3.274810533848e-09 2.366449727511e-08 6.356164927041e-08 2.336223027650e-08 8.587398918943e-09 1.857811507228e-09 2.222939856124e-10 1.195688811069e-11 1.716705661029e-13 1.229120826871e-16 
4.361701185855e-10 7.306028376588e-09 2.336223027650e-08 5.895360127867e-08 2.117485109280e-08 8.183354502862e-09 1.702845905872e-09 1.602314380078e-10 4.243952139179e-12 6.692078379921e-15 
4.058490318700e-11 1.397972765344e-09 8.587398918943e-09 2.117485109280e-08 5.484194596549e-08 1.840970546148e-08 6.790712003417e-09 1.139320696152e-09 5.602211491569e-11 1.939820798660e-13 
2.449825984846e-12 1.675926531938e-10 1.857811507228e-09 8.183354502862e-09 1.840970546148e-08 5.110690176448e-08 1.539501562660e-08 4.806691476894e-09 4.618885748172e-10 3.697895356023e-12 
8.262932341471e-14 1.136522078860e-11 2.222939856124e-10 1.702845905872e-09 6.790712003417e-09 1.539501562660e-08 4.771301510558e-08 1.204356358298e-08 2.470147919988e-09 5.113782340815e-11 
1.171278661307e-15 3.379336215401e-13 1.195688811069e-11 1.602314380078e-10 1.139320696152e-09 4.806691476894e-09 1.204356358298e-08 4.424785546679e-08 8.065875399683e-09 5.212444092700e-10 
3.804739194800e-18 2.489705318357e-15 1.716705661029e-13 4.243952139179e-12 5.602211491569e-11 4.618885748172e-10 2.470147919988e-09 8.065875399683e-09 4.068814861546e-08 3.558949056776e-09 
4.444369970725e-22 7.677511692108e-19 1.229120826871e-16 6.692078379921e-15 1.939820798660e-13 3.697895356023e-12 5.113782340815e-11 5.212444092700e-10 3.558949056776e-09 3.505630732666e-08 
