1.343634327633e-07 4.455894495551e-08 8.479996623913e-09 1.076118172595e-09 9.649575445570e-11 5.670858825388e-12 1.870329976201e-13 2.608541976711e-15 8.421463043937e-18 9.857165780091e-22 
4.455894495551e-08 1.326293056544e-07 5.908447617792e-08 1.756983176581e-08 3.266231930275e-09 3.829288550311e-10 2.548095686274e-11 7.505248434948e-13 5.499650455652e-15 1.710657316569e-18 
8.479996623913e-09 5.908447617792e-08 1.136608130927e-07 5.496220619484e-08 1.978139043935e-08 4.199967019608e-09 4.956841512446e-10 2.651055288550e-11 3.787488167559e-13 2.752730735683e-16 
1.076118172595e-09 1.756983176581e-08 5.496220619484e-08 9.924248121124e-08 4.811879192156e-08 1.833181602970e-08 3.784549750160e-09 3.546312170219e-10 9.364564274729e-12 1.506750703094e-14 
9.649575445570e-11 3.266231930275e-09 1.978139043935e-08 4.811879192156e-08 8.798791298323e-08 4.098371406475e-08 1.505883012264e-08 2.516692478304e-09 1.238741991699e-10 4.390711791043e-13 
5.670858825388e-12 3.829288550311e-10 4.199967019608e-09 1.833181602970e-08 4.098371406475e-08 7.902102653264e-08 3.405503120429e-08 1.060503910380e-08 1.026313806945e-09 8.414526569141e-12 
1.870329976201e-13 2.548095686274e-11 4.956841512446e-10 3.784549750160e-09 1.505883012264e-08 3.405503120429e-08 7.124965646030e-08 2.663387035163e-08 5.535765913537e-09 1.170508623397e-10 
2.608541976711e-15 7.505248434948e-13 2.651055288550e-11 3.546312170219e-10 2.516692478304e-09 1.060503910380e-08 2.663387035163e-08 6.402004042014e-08 1.828514842330e-08 1.203455673406e-09 
8.421463043937e-18 5.499650455652e-15 3.787488167559e-13 9.364564274729e-12 1.238741991699e-10 1.026313806945e-09 5.535765913537e-09 1.828514842330e-08 5.688942755931e-08 8.384374628624e-09 
9.857165780091e-22 1.710657316569e-18 2.752730735683e-16 1.506750703094e-14 4.390711791043e-13 8.414526569141e-12 1.170508623397e-10 1.203455673406e-09 8.384374628624e-09 4.519936356896e-08 
