1.105135326708e-07 3.569315824080e-08 6.891118505190e-09 8.825763247304e-10 7.963820759388e-11 4.699935461392e-12 1.552261011277e-13 2.169176956952e-15 6.975692192231e-18 8.131110757952e-22 
3.569315824080e-08 1.128732803880e-07 4.835605019053e-08 1.447185172984e-08 2.703529100668e-09 3.176424694518e-10 2.116998929936e-11 6.237837969178e-13 4.547394394189e-15 1.409143834398e-18 
6.891118505190e-09 4.835605019053e-08 9.853321917716e-08 4.544288210792e-08 1.640062061181e-08 3.486331307691e-09 4.121054918315e-10 2.200034568660e-11 3.128767922119e-13 2.262733641086e-16 
8.825763247304e-10 1.447185172984e-08 4.544288210792e-08 8.708819289271e-08 3.992760342967e-08 1.523182110864e-08 3.145944991308e-09 2.937546927985e-10 7.732561685438e-12 1.235090486405e-14 
7.963820759388e-11 2.703529100668e-09 1.640062061181e-08 3.992760342967e-08 7.786578972127e-08 3.407713223609e-08 1.249936607281e-08 2.081007050217e-09 1.022404529831e-10 3.587093818041e-13 
4.699935461392e-12 3.176424694518e-10 3.486331307691e-09 1.523182110864e-08 3.407713223609e-08 7.040857564460e-08 2.819420749826e-08 8.759001568177e-09 8.460171444533e-10 6.848369797272e-12 
1.552261011277e-13 2.116998929936e-11 4.121054918315e-10 3.145944991308e-09 1.249936607281e-08 2.819420749826e-08 6.376661476884e-08 2.198251069704e-08 4.547784980519e-09 9.487142254644e-11 
2.169176956952e-15 6.237837969178e-13 2.200034568660e-11 2.937546927985e-10 2.081007050217e-09 8.759001568177e-09 2.198251069704e-08 5.767931717830e-08 1.492020885593e-08 9.716833058001e-10 
6.975692192231e-18 4.547394394189e-15 3.128767922119e-13 7.732561685438e-12 1.022404529831e-10 8.460171444533e-10 4.547784980519e-09 1.492020885593e-08 5.141465607050e-08 6.749892274063e-09 
8.131110757952e-22 1.409143834398e-18 2.262733641086e-16 1.235090486405e-14 3.587093818041e-13 6.848369797272e-12 9.487142254644e-11 9.716833058001e-10 6.749892274063e-09 4.169500596718e-08 
