1.030296953655e-07 3.283016347486e-08 6.375015002390e-09 8.197227601572e-10 7.416510035704e-11 4.383035013604e-12 1.451578328417e-13 2.026040194031e-15 6.526520347283e-18 7.572230661310e-22 
3.283016347486e-08 1.064619011732e-07 4.486520144501e-08 1.346859943500e-08 2.519686252042e-09 2.967155821608e-10 1.979416032844e-11 5.824373211207e-13 4.258771183852e-15 1.310458408557e-18 
6.375015002390e-09 4.486520144501e-08 9.363566229105e-08 4.233901483962e-08 1.530379790026e-08 3.259900178840e-09 3.850119260146e-10 2.055849785281e-11 2.929538713544e-13 2.103199043301e-16 
8.197227601572e-10 1.346859943500e-08 4.233901483962e-08 8.313111059559e-08 3.732034472914e-08 1.424064317298e-08 2.937673351173e-09 2.748264061313e-10 7.230618149694e-12 1.148365160102e-14 
7.416510035704e-11 2.519686252042e-09 1.530379790026e-08 3.732034472914e-08 7.464277250063e-08 3.182691060932e-08 1.167879047281e-08 1.948562892325e-09 9.540348915204e-11 3.338380310786e-13 
4.383035013604e-12 2.967155821608e-10 3.259900178840e-09 1.424064317298e-08 3.182691060932e-08 6.762478764579e-08 2.638633867719e-08 8.196512237864e-09 7.876114855893e-10 6.381852153223e-12 
1.451578328417e-13 1.979416032844e-11 3.850119260146e-10 2.937673351173e-09 1.167879047281e-08 2.638633867719e-08 6.149965375934e-08 2.051000891110e-08 4.228501393054e-09 8.850424991072e-11 
2.026040194031e-15 5.824373211207e-13 2.055849785281e-11 2.748264061313e-10 1.948562892325e-09 8.196512237864e-09 2.051000891110e-08 5.561647231846e-08 1.389192996306e-08 9.055235861034e-10 
6.526520347283e-18 4.258771183852e-15 2.929538713544e-13 7.230618149694e-12 9.540348915204e-11 7.876114855893e-10 4.228501393054e-09 1.389192996306e-08 4.984511679023e-08 6.242022099801e-09 
7.572230661310e-22 1.310458408557e-18 2.103199043301e-16 1.148365160102e-14 3.338380310786e-13 6.381852153223e-12 8.850424991072e-11 9.055235861034e-10 6.242022099801e-09 4.060623505791e-08 
