1.941776295525e-06 8.111151556912e-07 1.646512302088e-07 2.278283153403e-08 2.183402151883e-09 1.333222762087e-10 4.552982584456e-12 6.736357003523e-14 2.395972049342e-16 3.255759822336e-20 
8.111151556912e-07 2.027063088775e-06 1.222109867108e-06 3.900334763200e-07 7.582875104208e-08 9.172593485150e-09 6.367862680154e-10 2.004628631705e-11 1.620313877257e-13 5.767299989229e-17 
1.646512302088e-07 1.222109867108e-06 1.908620293493e-06 1.263625337600e-06 4.682614190159e-07 1.026369514089e-07 1.272407036475e-08 7.307154745309e-10 1.151334322776e-11 9.446429205629e-15 
2.278283153403e-08 3.900334763200e-07 1.263625337600e-06 1.702996139974e-06 1.163454879630e-06 4.598424710747e-07 1.001665179536e-07 1.009851415844e-08 2.932386286239e-10 5.256404909915e-13 
2.183402151883e-09 7.582875104208e-08 4.682614190159e-07 1.163454879630e-06 1.517213521881e-06 1.064447505789e-06 4.136018272569e-07 7.433074335249e-08 3.995348668252e-09 1.556632804848e-11 
1.333222762087e-10 9.172593485150e-09 1.026369514089e-07 4.598424710747e-07 1.064447505789e-06 1.408414832989e-06 9.787973749455e-07 3.266798152020e-07 3.413815832133e-08 3.034004362622e-10 
4.552982584456e-12 6.367862680154e-10 1.272407036475e-08 1.001665179536e-07 4.136018272569e-07 9.787973749455e-07 1.334864715581e-06 8.599260488786e-07 1.902938113936e-07 4.302234848025e-09 
6.736357003523e-14 2.004628631705e-11 7.307154745309e-10 1.009851415844e-08 7.433074335249e-08 3.266798152020e-07 8.599260488786e-07 1.242735679858e-06 6.517097572284e-07 4.528728249051e-08 
2.395972049342e-16 1.620313877257e-13 1.151334322776e-11 2.932386286239e-10 3.995348668252e-09 3.413815832133e-08 1.902938113936e-07 6.517097572284e-07 1.094171211628e-06 3.242153382900e-07 
3.255759822336e-20 5.767299989229e-17 9.446429205629e-15 5.256404909915e-13 1.556632804848e-11 3.034004362622e-10 4.302234848025e-09 4.528728249051e-08 3.242153382900e-07 6.953628143759e-07 
