6.572158014488e-08 1.770872029788e-08 3.581687639572e-09 4.749079742373e-10 4.398149652787e-11 2.648538933174e-12 8.903552702818e-14 1.257682958267e-15 4.086579392024e-18 4.747797613784e-22 
1.770872029788e-08 7.187720987723e-08 2.579593132445e-08 7.929965316085e-09 1.512302320573e-09 1.809114485119e-10 1.221720912975e-11 3.630408327147e-13 2.669608922605e-15 8.210822959603e-19 
3.581687639572e-09 2.579593132445e-08 6.660721832179e-08 2.528767803039e-08 9.279267168355e-09 2.001153594523e-09 2.387448414333e-10 1.284822028265e-11 1.837302514916e-13 1.316345019502e-16 
4.749079742373e-10 7.929965316085e-09 2.528767803039e-08 6.144010785584e-08 2.283553689275e-08 8.795522138013e-09 1.829055550595e-09 1.720648294478e-10 4.535565463356e-12 7.176074097712e-15 
4.398149652787e-11 1.512302320573e-09 9.279267168355e-09 2.283553689275e-08 5.684650686348e-08 1.977012747660e-08 7.296747915885e-09 1.221422721370e-09 5.983606782446e-11 2.081668023132e-13 
2.648538933174e-12 1.809114485119e-10 2.001153594523e-09 8.795522138013e-09 1.977012747660e-08 5.281309585428e-08 1.652680210162e-08 5.141005390239e-09 4.936612705094e-10 3.967911063416e-12 
8.903552702818e-14 1.221720912975e-11 2.387448414333e-10 1.829055550595e-09 7.296747915885e-09 1.652680210162e-08 4.908547031785e-08 1.286363003750e-08 2.645529251981e-09 5.480171058761e-11 
1.257682958267e-15 3.630408327147e-13 1.284822028265e-11 1.720648294478e-10 1.221422721370e-09 5.141005390239e-09 1.286363003750e-08 4.537155481598e-08 8.653433683870e-09 5.571512760202e-10 
4.086579392024e-18 2.669608922605e-15 1.837302514916e-13 4.535565463356e-12 5.983606782446e-11 4.936612705094e-10 2.645529251981e-09 8.653433683870e-09 4.156520572688e-08 3.799207864743e-09 
4.747797613784e-22 8.210822959603e-19 1.316345019502e-16 7.176074097712e-15 2.081668023132e-13 3.967911063416e-12 5.480171058761e-11 5.571512760202e-10 3.799207864743e-09 3.557191480738e-08 
