2.534436502453e-07 8.580519087269e-08 1.585345145638e-08 1.984902199429e-09 1.773910861094e-10 1.044808111293e-11 3.481104474649e-13 4.925361492658e-15 1.617912193323e-17 1.982609980513e-21 
8.580519087269e-08 2.242270031691e-07 1.092666224139e-07 3.231241316661e-08 6.009880257978e-09 7.090074991039e-10 4.777869341285e-11 1.424847245005e-12 1.065963149556e-14 3.466569761297e-18 
1.585345145638e-08 1.092666224139e-07 1.854128441411e-07 1.010729915661e-07 3.650556137613e-08 7.825321272097e-09 9.347268427826e-10 5.060561486105e-11 7.408688214392e-13 5.616651289469e-16 
1.984902199429e-09 3.231241316661e-08 1.010729915661e-07 1.591782214903e-07 8.935314778762e-08 3.440169014838e-08 7.174416622178e-09 6.816070279759e-10 1.849273770891e-11 3.095922071817e-14 
1.773910861094e-10 6.009880257978e-09 3.650556137613e-08 8.935314778762e-08 1.402022872002e-07 7.745161741397e-08 2.872764105110e-08 4.882140094319e-09 2.470840181429e-10 9.092149073499e-13 
1.044808111293e-11 7.090074991039e-10 7.825321272097e-09 3.440169014838e-08 7.745161741397e-08 1.249502097059e-07 6.559466195105e-08 2.083199372429e-08 2.069699968703e-09 1.759112318099e-11 
3.481104474649e-13 4.777869341285e-11 9.347268427826e-10 7.174416622178e-09 2.872764105110e-08 6.559466195105e-08 1.123732849999e-07 5.314389244387e-08 1.130623285148e-08 2.478770047273e-10 
4.925361492658e-15 1.424847245005e-12 5.060561486105e-11 6.816070279759e-10 4.882140094319e-09 2.083199372429e-08 5.314389244387e-08 1.009529262987e-07 3.798890373078e-08 2.598277932165e-09 
1.617912193323e-17 1.065963149556e-14 7.408688214392e-13 1.849273770891e-11 2.470840181429e-10 2.069699968703e-09 1.130623285148e-08 3.798890373078e-08 8.950601914208e-08 1.863299344016e-08 
1.982609980513e-21 3.466569761297e-18 5.616651289469e-16 3.095922071817e-14 9.092149073499e-13 1.759112318099e-11 2.478770047273e-10 2.598277932165e-09 1.863299344016e-08 6.746942660934e-08 
