6.319005875361e-08 1.661130342260e-08 3.372890835596e-09 4.485850914366e-10 4.167518098968e-11 2.513268228245e-12 8.470386275592e-14 1.198764896161e-15 3.895647635650e-18 4.540148203915e-22 
1.661130342260e-08 6.930391811742e-08 2.434649329506e-08 7.506524629816e-09 1.434503533072e-09 1.718792749500e-10 1.163989984794e-11 3.458794050017e-13 2.548404129339e-15 7.844142326552e-19 
3.372890835596e-09 2.434649329506e-08 6.454028579999e-08 2.397855795696e-08 8.808863455530e-09 1.904174934644e-09 2.275435466325e-10 1.224097008879e-11 1.756138643012e-13 1.256320406675e-16 
4.485850914366e-10 7.506524629816e-09 2.397855795696e-08 5.974835680789e-08 2.171112574396e-08 8.380475865202e-09 1.742844141825e-09 1.640475407007e-10 4.338668395755e-12 6.843981657473e-15 
4.167518098968e-11 1.434503533072e-09 8.808863455530e-09 2.171112574396e-08 5.548901906356e-08 1.884211484005e-08 6.951815746812e-09 1.166078672926e-09 5.724388659863e-11 1.984914227910e-13 
2.513268228245e-12 1.718792749500e-10 1.904174934644e-09 8.380475865202e-09 1.884211484005e-08 5.164842610017e-08 1.576129162454e-08 4.915695294555e-09 4.718995286742e-10 3.785113005215e-12 
8.470386275592e-14 1.163989984794e-11 2.275435466325e-10 1.742844141825e-09 6.951815746812e-09 1.576129162454e-08 4.816144916988e-08 1.230601535069e-08 2.525058496889e-09 5.233884999430e-11 
1.198764896161e-15 3.458794050017e-13 1.224097008879e-11 1.640475407007e-10 1.166078672926e-09 4.915695294555e-09 1.230601535069e-08 4.459956157797e-08 8.253682926721e-09 5.330580979795e-10 
3.895647635650e-18 2.548404129339e-15 1.756138643012e-13 4.338668395755e-12 5.724388659863e-11 4.718995286742e-10 2.525058496889e-09 8.253682926721e-09 4.097607993027e-08 3.635262713999e-09 
4.540148203915e-22 7.844142326552e-19 1.256320406675e-16 6.843981657473e-15 1.984914227910e-13 3.785113005215e-12 5.233884999430e-11 5.330580979795e-10 3.635262713999e-09 3.521673877453e-08 
