7.005310507085e-08 1.955399378244e-08 3.929738438510e-09 5.183751531859e-10 4.782763051054e-11 2.871542451585e-12 9.610443014252e-14 1.357276615959e-15 4.389727279451e-18 5.110681816178e-22 
1.955399378244e-08 7.617123733999e-08 2.819697998302e-08 8.631587626017e-09 1.641821136573e-09 1.956063988724e-10 1.318199813040e-11 3.914427634838e-13 2.863668641043e-15 8.841781310750e-19 
3.929738438510e-09 2.819697998302e-08 7.002490451987e-08 2.747387504210e-08 1.005043157420e-08 2.160105542887e-09 2.576229636037e-10 1.382867479067e-11 1.970826942501e-13 1.416890183874e-16 
5.183751531859e-10 8.631587626017e-09 2.747387504210e-08 6.422392005929e-08 2.466568982763e-08 9.490009297030e-09 1.972644758899e-09 1.848473307713e-10 4.869787906174e-12 7.715811811811e-15 
4.782763051054e-11 1.641821136573e-09 1.005043157420e-08 2.466568982763e-08 5.910722860109e-08 2.133225244821e-08 7.855373120265e-09 1.310452654814e-09 6.433433963515e-11 2.234862713204e-13 
2.871542451585e-12 1.956063988724e-10 2.160105542887e-09 9.490009297030e-09 2.133225244821e-08 5.471448933573e-08 1.774583515205e-08 5.516922475417e-09 5.313727398646e-10 4.252994541179e-12 
9.610443014252e-14 1.318199813040e-11 2.576229636037e-10 1.972644758899e-09 7.855373120265e-09 1.774583515205e-08 5.060476008255e-08 1.383178525412e-08 2.846630817189e-09 5.867153369963e-11 
1.357276615959e-15 3.914427634838e-13 1.382867479067e-11 1.848473307713e-10 1.310452654814e-09 5.516922475417e-09 1.383178525412e-08 4.668410468301e-08 9.285808638668e-09 5.971237412367e-10 
4.389727279451e-18 2.863668641043e-15 1.970826942501e-13 4.869787906174e-12 6.433433963515e-11 5.313727398646e-10 2.846630817189e-09 9.285808638668e-09 4.251706880640e-08 4.097050407674e-09 
5.110681816178e-22 8.841781310750e-19 1.416890183874e-16 7.715811811811e-15 2.234862713204e-13 4.252994541179e-12 5.867153369963e-11 5.971237412367e-10 4.097050407674e-09 3.616944571950e-08 
