6.852793923476e-08 1.891036048980e-08 3.808449067356e-09 5.033025623370e-10 4.649227093239e-11 2.794815783512e-12 9.365199060174e-14 1.322635635559e-15 4.286119106989e-18 4.983646872991e-22 
1.891036048980e-08 7.467475174869e-08 2.736325915864e-08 8.388183075061e-09 1.597059770124e-09 1.905432053735e-10 1.284484989337e-11 3.816897876700e-13 2.796483916323e-15 8.623746881170e-19 
3.808449067356e-09 2.736325915864e-08 6.883967531349e-08 2.671632465449e-08 9.785138447218e-09 2.104905935423e-09 2.510505677015e-10 1.349402446811e-11 1.923967983949e-13 1.382553887540e-16 
5.033025623370e-10 8.388183075061e-09 2.671632465449e-08 6.326596093840e-08 2.403306508951e-08 9.247399900005e-09 1.923150860903e-09 1.804706895000e-10 4.751630306064e-12 7.533016847424e-15 
4.649227093239e-11 1.597059770124e-09 9.785138447218e-09 2.403306508951e-08 5.831766465573e-08 2.079019922073e-08 7.664590927628e-09 1.279592454325e-09 6.274730955468e-11 2.183139989162e-13 
2.794815783512e-12 1.905432053735e-10 2.104905935423e-09 9.247399900005e-09 2.079019922073e-08 5.406421088822e-08 1.732753597399e-08 5.384548338769e-09 5.182338851286e-10 4.156331042837e-12 
9.365199060174e-14 1.284484989337e-11 2.510505677015e-10 1.923150860903e-09 7.664590927628e-09 1.732753597399e-08 5.007205835174e-08 1.349039615252e-08 2.777914192169e-09 5.733861548777e-11 
1.322635635559e-15 3.816897876700e-13 1.349402446811e-11 1.804706895000e-10 1.279592454325e-09 5.384548338769e-09 1.349039615252e-08 4.623225872968e-08 9.071664579062e-09 5.829520894134e-10 
4.286119106989e-18 2.796483916323e-15 1.923967983949e-13 4.751630306064e-12 6.274730955468e-11 5.182338851286e-10 2.777914192169e-09 9.071664579062e-09 4.218438080310e-08 3.990944732924e-09 
4.983646872991e-22 8.623746881170e-19 1.382553887540e-16 7.533016847424e-15 2.183139989162e-13 4.156331042837e-12 5.733861548777e-11 5.829520894134e-10 3.990944732924e-09 3.596478585447e-08 
