2.231896454259e-07 7.555201549094e-08 1.400263197862e-08 1.753486070738e-09 1.564102828650e-10 9.195928249305e-12 3.045686470956e-13 4.299237068485e-15 1.411523975949e-17 1.699395897011e-21 
7.555201549094e-08 2.012857617828e-07 9.654894541795e-08 2.850932382191e-08 5.293881884898e-09 6.221247371529e-10 4.170688710261e-11 1.245053570434e-12 9.268965524317e-15 2.963627643776e-18 
1.400263197862e-08 9.654894541795e-08 1.669505611008e-07 8.906842741273e-08 3.209742994633e-08 6.844739623679e-09 8.158790597275e-10 4.421224645135e-11 6.418070747935e-13 4.790689525691e-16 
1.753486070738e-09 2.850932382191e-08 8.906842741273e-08 1.434306096175e-07 7.827901513760e-08 3.002816731636e-08 6.267075477056e-09 5.944739350414e-10 1.595963103667e-11 2.634790644343e-14 
1.564102828650e-10 5.293881884898e-09 3.209742994633e-08 7.827901513760e-08 1.259877030022e-07 6.762047348592e-08 2.509933746299e-08 4.243599847336e-09 2.124315709079e-10 7.720480246942e-13 
9.195928249305e-12 6.221247371529e-10 6.844739623679e-09 3.002816731636e-08 6.762047348592e-08 1.127471807621e-07 5.717001496063e-08 1.801627107326e-08 1.772447430808e-09 1.490094303277e-11 
3.045686470956e-13 4.170688710261e-11 8.158790597275e-10 6.267075477056e-09 2.509933746299e-08 5.717001496063e-08 1.011304283592e-07 4.568479689077e-08 9.641109725096e-09 2.093687981341e-10 
4.299237068485e-15 1.245053570434e-12 4.421224645135e-11 5.944739350414e-10 4.243599847336e-09 1.801627107326e-08 4.568479689077e-08 9.035034253194e-08 3.223260618756e-08 2.186538788652e-09 
1.411523975949e-17 9.268965524317e-15 6.418070747935e-13 1.595963103667e-11 2.124315709079e-10 1.772447430808e-09 9.641109725096e-09 3.223260618756e-08 7.989331781442e-08 1.560317103811e-08 
1.699395897011e-21 2.963627643776e-18 4.790689525691e-16 2.634790644343e-14 7.720480246942e-13 1.490094303277e-11 2.093687981341e-10 2.186538788652e-09 1.560317103811e-08 6.082404512958e-08 
