6.543618577754e-07 2.334470285989e-07 4.477764402434e-08 5.862408545091e-09 5.483719801164e-10 3.381199672803e-11 1.183684267679e-12 1.768717034597e-14 6.119609972246e-17 8.184607840307e-21 
2.334470285989e-07 5.776026979868e-07 3.187632080758e-07 9.838753581090e-08 1.911515008616e-08 2.359204574729e-09 1.669900840087e-10 5.224431506142e-12 4.100171513294e-14 1.453118455045e-17 
4.477764402434e-08 3.187632080758e-07 5.038074681611e-07 3.176570429190e-07 1.193589903828e-07 2.671235370979e-08 3.339853050859e-09 1.885572643409e-10 2.897719900761e-12 2.385589431926e-15 
5.862408545091e-09 9.838753581090e-08 3.176570429190e-07 4.538300203559e-07 3.010947100578e-07 1.206213132241e-07 2.615971916831e-08 2.579371664590e-09 7.362527912482e-11 1.330138285133e-13 
5.483719801164e-10 1.911515008616e-08 1.193589903828e-07 3.010947100578e-07 4.183530681285e-07 2.790943798262e-07 1.068539867137e-07 1.880847978031e-08 1.003129155422e-09 3.945041788066e-12 
3.381199672803e-11 2.359204574729e-09 2.671235370979e-08 1.206213132241e-07 2.790943798262e-07 3.860628671644e-07 2.493161421947e-07 8.212655321159e-08 8.589707392988e-09 7.695470467133e-11 
1.183684267679e-12 1.669900840087e-10 3.339853050859e-09 2.615971916831e-08 1.068539867137e-07 2.493161421947e-07 3.572069163551e-07 2.159224458529e-07 4.806305071533e-08 1.091109462338e-09 
1.768717034597e-14 5.224431506142e-12 1.885572643409e-10 2.579371664590e-09 1.880847978031e-08 8.212655321159e-08 2.159224458529e-07 3.344767032582e-07 1.651773056296e-07 1.147470526861e-08 
6.119609972246e-17 4.100171513294e-14 2.897719900761e-12 7.362527912482e-11 1.003129155422e-09 8.589707392988e-09 4.806305071533e-08 1.651773056296e-07 2.983973513790e-07 8.233628891916e-08 
8.184607840307e-21 1.453118455045e-17 2.385589431926e-15 1.330138285133e-13 3.945041788066e-12 7.695470467133e-11 1.091109462338e-09 1.147470526861e-08 8.233628891916e-08 2.045021922312e-07 
