1.783443363353e-07 6.015923027787e-08 1.125341577075e-08 1.414133104923e-09 1.261654218524e-10 7.400880220700e-12 2.440387613995e-13 3.421522017304e-15 1.111540755398e-17 1.326816097226e-21 
6.015923027787e-08 1.671344073417e-07 7.781795366220e-08 2.300041130125e-08 4.265112182123e-09 4.995129113659e-10 3.331627242090e-11 9.870575806183e-13 7.277298945451e-15 2.311382086930e-18 
1.125341577075e-08 7.781795366220e-08 1.401433653474e-07 7.180285619095e-08 2.581055975291e-08 5.482049643327e-09 6.497568587780e-10 3.492986943363e-11 5.028568851791e-13 3.730578934280e-16 
1.414133104923e-09 2.300041130125e-08 7.180285619095e-08 1.209070172332e-07 6.277654925167e-08 2.397685790984e-08 4.973671510068e-09 4.681427007418e-10 1.248607002416e-11 2.047085618189e-14 
1.261654218524e-10 4.265112182123e-09 2.581055975291e-08 6.277654925167e-08 1.063455889551e-07 5.378036447986e-08 1.983747871322e-08 3.331534359628e-09 1.660009811875e-10 5.978835239386e-13 
7.400880220700e-12 4.995129113659e-10 5.482049643327e-09 2.397685790984e-08 5.378036447986e-08 9.510406174773e-08 4.498155786083e-08 1.410654101530e-08 1.383155586197e-09 1.148616039006e-11 
2.440387613995e-13 3.331627242090e-11 6.497568587780e-10 4.973671510068e-09 1.983747871322e-08 4.498155786083e-08 8.534999136359e-08 3.569910912518e-08 7.503254398064e-09 1.603105213122e-10 
3.421522017304e-15 9.870575806183e-13 3.492986943363e-11 4.681427007418e-10 3.331534359628e-09 1.410654101530e-08 3.569910912518e-08 7.663962777349e-08 2.491836939342e-08 1.657783665116e-09 
1.111540755398e-17 7.277298945451e-15 5.028568851791e-13 1.248607002416e-11 1.660009811875e-10 1.383155586197e-09 7.503254398064e-09 2.491836939342e-08 6.759833514850e-08 1.167019421869e-08 
1.326816097226e-21 2.311382086930e-18 3.730578934280e-16 2.047085618189e-14 5.978835239386e-13 1.148616039006e-11 1.603105213122e-10 1.657783665116e-09 1.167019421869e-08 5.217325168911e-08 
