2.104090179764e-07 7.118422801011e-08 1.322063577989e-08 1.656451863695e-09 1.476925319767e-10 8.670456655397e-12 2.871624236386e-13 4.036287522390e-15 1.323814338194e-17 1.590153327364e-21 
7.118422801011e-08 1.915808993839e-07 9.119480364796e-08 2.692937702172e-08 4.993780561031e-09 5.866016715307e-10 3.926208967286e-11 1.166872132986e-12 8.702958106096e-15 2.768164906867e-18 
1.322063577989e-08 9.119480364796e-08 1.592732819919e-07 8.405513676968e-08 3.026291697095e-08 6.451719831504e-09 7.664114374394e-10 4.143342632096e-11 6.028261269847e-13 4.467768881326e-16 
1.656451863695e-09 2.692937702172e-08 8.405513676968e-08 1.368466034467e-07 7.380517820263e-08 2.826009649443e-08 5.876339738194e-09 5.575621047574e-10 1.498136220735e-11 2.453795644193e-14 
1.476925319767e-10 4.993780561031e-09 3.026291697095e-08 7.380517820263e-08 1.202806814281e-07 6.346620021355e-08 2.352110023145e-08 3.984142905481e-09 1.991126646760e-10 7.180609211427e-13 
8.670456655397e-12 5.866016715307e-10 6.451719831504e-09 2.826009649443e-08 6.346620021355e-08 1.074255378842e-07 5.363627477269e-08 1.691776550634e-08 1.657481157931e-09 1.383943167322e-11 
2.871624236386e-13 3.926208967286e-11 7.664114374394e-10 5.876339738194e-09 2.352110023145e-08 5.363627477269e-08 9.669566015914e-08 4.281666557904e-08 8.990193464366e-09 1.941353619503e-10 
4.036287522390e-15 1.166872132986e-12 4.143342632096e-11 5.575621047574e-10 3.984142905481e-09 1.691776550634e-08 4.281666557904e-08 8.622259908651e-08 2.996521036453e-08 2.023421037393e-09 
1.323814338194e-17 8.702958106096e-15 6.028261269847e-13 1.498136220735e-11 1.991126646760e-10 1.657481157931e-09 8.990193464366e-09 2.996521036453e-08 7.608861346585e-08 1.440087524202e-08 
1.590153327364e-21 2.768164906867e-18 4.467768881326e-16 2.453795644193e-14 7.180609211427e-13 1.383943167322e-11 1.941353619503e-10 2.023421037393e-09 1.440087524202e-08 5.818988799193e-08 
