1.067278272897e-07 3.425745194000e-08 6.632347883617e-09 8.511153716133e-10 7.688743737185e-11 4.541203241029e-12 1.501662429616e-13 2.096533962176e-15 6.751553234979e-18 7.842933044550e-22 
3.425745194000e-08 1.096586600551e-07 4.660782533234e-08 1.396867342704e-08 2.611199766195e-09 3.071686571104e-10 2.047268344099e-11 6.029746622514e-13 4.402237748612e-15 1.358687113745e-18 
6.632347883617e-09 4.660782533234e-08 9.607874105657e-08 4.388249680546e-08 1.585160453285e-08 3.372380225839e-09 3.983608915568e-10 2.127938915770e-11 3.027347469240e-13 2.181973214910e-16 
8.511153716133e-10 1.396867342704e-08 4.388249680546e-08 8.510637775165e-08 3.862028150552e-08 1.472935558903e-08 3.040863446319e-09 2.842943271021e-10 7.474397546212e-12 1.191569557762e-14 
7.688743737185e-11 2.611199766195e-09 1.585160453285e-08 3.862028150552e-08 7.623395202093e-08 3.293699638614e-08 1.208875132200e-08 2.014288810942e-09 9.870973382078e-11 3.462964065862e-13 
4.541203241029e-12 3.071686571104e-10 3.372380225839e-09 1.472935558903e-08 3.293699638614e-08 6.901295836276e-08 2.728984455894e-08 8.471301975607e-09 8.160160236445e-10 6.615592485569e-12 
1.501662429616e-13 2.047268344099e-11 3.983608915568e-10 3.040863446319e-09 1.208875132200e-08 2.728984455894e-08 6.261313859322e-08 2.122217974173e-08 4.386216404045e-09 9.166623362488e-11 
2.096533962176e-15 6.029746622514e-13 2.127938915770e-11 2.842943271021e-10 2.014288810942e-09 8.471301975607e-09 2.122217974173e-08 5.662878123694e-08 1.440641731944e-08 9.375739920509e-10 
6.751553234979e-18 4.402237748612e-15 3.027347469240e-13 7.474397546212e-12 9.870973382078e-11 8.160160236445e-10 4.386216404045e-09 1.440641731944e-08 5.061489297496e-08 6.482999451940e-09 
7.842933044550e-22 1.358687113745e-18 2.181973214910e-16 1.191569557762e-14 3.462964065862e-13 6.615592485569e-12 9.166623362488e-11 9.375739920509e-10 6.482999451940e-09 4.114224700840e-08 
