3.751950549591e-06 1.581761545706e-06 3.161054390373e-07 4.362227185752e-08 4.234337854714e-09 2.637259343817e-10 9.045118382912e-12 1.296412320151e-13 4.269827642103e-16 5.171787143509e-20 
1.581761545706e-06 3.872803845409e-06 2.339068853863e-06 7.521215938577e-07 1.489210365367e-07 1.823814566989e-08 1.250882658950e-09 3.759888979702e-11 2.808210114763e-13 9.021227347824e-17 
3.161054390373e-07 2.339068853863e-06 3.646540637079e-06 2.468450541457e-06 9.284602515869e-07 2.035071555903e-07 2.457896086463e-08 1.336168162988e-09 1.947521135946e-11 1.458345909997e-14 
4.362227185752e-08 7.521215938577e-07 2.468450541457e-06 3.343830412661e-06 2.312700806231e-06 9.012787390849e-07 1.891914087001e-07 1.798476291383e-08 4.849297117014e-10 8.020128779900e-13 
4.234337854714e-09 1.489210365367e-07 9.284602515869e-07 2.312700806231e-06 2.958079318092e-06 2.039433255201e-06 7.584875889674e-07 1.285857482513e-07 6.461176623009e-09 2.349648051231e-11 
2.637259343817e-10 1.823814566989e-08 2.035071555903e-07 9.012787390849e-07 2.039433255201e-06 2.582298359379e-06 1.730184311983e-06 5.470181517460e-07 5.394301045527e-08 4.533440464987e-10 
9.045118382912e-12 1.250882658950e-09 2.457896086463e-08 1.891914087001e-07 7.584875889674e-07 1.730184311983e-06 2.240895369464e-06 1.389550406184e-06 2.934730685744e-07 6.366100757793e-09 
1.296412320151e-13 3.759888979702e-11 1.336168162988e-09 1.798476291383e-08 1.285857482513e-07 5.470181517460e-07 1.389550406184e-06 1.919846472044e-06 9.808307370082e-07 6.641370356397e-08 
4.269827642103e-16 2.808210114763e-13 1.947521135946e-11 4.849297117014e-10 6.461176623009e-09 5.394301045527e-08 2.934730685744e-07 9.808307370082e-07 1.599063067561e-06 4.727817205005e-07 
5.171787143509e-20 9.021227347824e-17 1.458345909997e-14 8.020128779900e-13 2.349648051231e-11 4.533440464987e-10 6.366100757793e-09 6.641370356397e-08 4.727817205005e-07 1.008092760646e-06 
