2.376570685649e-07 8.044671152393e-08 1.488319225218e-08 1.862781851607e-09 1.663373903067e-10 9.783653898100e-12 3.247851177901e-13 4.599940116901e-15 1.506979889045e-17 1.829545728233e-21 
8.044671152393e-08 2.122068823223e-07 1.025716968320e-07 3.030393109990e-08 5.632093050298e-09 6.624561802981e-10 4.457642827891e-11 1.331009172031e-12 9.904734240011e-15 3.195023156579e-18 
1.488319225218e-08 1.025716968320e-07 1.756567843945e-07 9.475042355191e-08 3.415713602494e-08 7.301589968545e-09 8.727471382257e-10 4.722130355319e-11 6.870036647439e-13 5.171068046041e-16 
1.862781851607e-09 3.030393109990e-08 9.475042355191e-08 1.508100166071e-07 8.341683618662e-08 3.209856358649e-08 6.701503291415e-09 6.348117724893e-10 1.711774245755e-11 2.847327615087e-14 
1.663373903067e-10 5.632093050298e-09 3.415713602494e-08 8.341683618662e-08 1.326868996523e-07 7.233692919999e-08 2.681056483908e-08 4.535816318740e-09 2.283206854982e-10 8.352875466334e-13 
9.783653898100e-12 6.624561802981e-10 7.301589968545e-09 3.209856358649e-08 7.233692919999e-08 1.185361764228e-07 6.105374770699e-08 1.930205546687e-08 1.909079350132e-09 1.614055652818e-11 
3.247851177901e-13 4.457642827891e-11 8.727471382257e-10 6.701503291415e-09 2.681056483908e-08 6.105374770699e-08 1.062621437077e-07 4.910528362407e-08 1.040784150879e-08 2.270924681672e-10 
4.599940116901e-15 1.331009172031e-12 4.722130355319e-11 6.348117724893e-10 4.535816318740e-09 1.930205546687e-08 4.910528362407e-08 9.522933934233e-08 3.488507222865e-08 2.376131158592e-09 
1.506979889045e-17 9.904734240011e-15 6.870036647439e-13 1.711774245755e-11 2.283206854982e-10 1.909079350132e-09 1.040784150879e-08 3.488507222865e-08 8.431826409270e-08 1.700663386947e-08 
1.829545728233e-21 3.195023156579e-18 5.171068046041e-16 2.847327615087e-14 8.352875466334e-13 1.614055652818e-11 2.270924681672e-10 2.376131158592e-09 1.700663386947e-08 6.388689272701e-08 
