1.404440891655e-07 4.675969415280e-08 8.870792768153e-09 1.123447205841e-09 1.006327810964e-10 5.911089329630e-12 1.947385131185e-13 2.720482521903e-15 8.774934008509e-18 1.032161612241e-21 
4.675969415280e-08 1.374934730268e-07 6.171538392561e-08 1.832653185172e-08 3.405526806919e-09 3.988456797970e-10 2.654671977709e-11 7.829277308128e-13 5.728971093478e-15 1.792726260208e-18 
8.870792768153e-09 6.171538392561e-08 1.173520273688e-07 5.731229378640e-08 2.061361825392e-08 4.373586407842e-09 5.168320071296e-10 2.764167380428e-11 3.947900918760e-13 2.885142588753e-16 
1.123447205841e-09 1.832653185172e-08 5.731229378640e-08 1.022435624803e-07 5.010831672359e-08 1.910047122182e-08 3.947696389885e-09 3.695423137284e-10 9.774296725499e-12 1.578550167041e-14 
1.006327810964e-10 3.405526806919e-09 2.061361825392e-08 5.010831672359e-08 9.048066981158e-08 4.274382930316e-08 1.570251887749e-08 2.622099878034e-09 1.295177006136e-10 4.596338239524e-13 
5.911089329630e-12 3.988456797970e-10 4.373586407842e-09 1.910047122182e-08 4.274382930316e-08 8.120356864724e-08 3.548174815664e-08 1.106076540488e-08 1.074810227244e-09 8.800819917609e-12 
1.947385131185e-13 2.654671977709e-11 5.168320071296e-10 3.947696389885e-09 1.570251887749e-08 3.548174815664e-08 7.307418462736e-08 2.784972183007e-08 5.800593883137e-09 1.223649252931e-10 
2.720482521903e-15 7.829277308128e-13 2.764167380428e-11 3.695423137284e-10 2.622099878034e-09 1.106076540488e-08 2.784972183007e-08 6.573267347777e-08 1.913598840578e-08 1.259889195457e-09 
8.774934008509e-18 5.728971093478e-15 3.947900918760e-13 9.774296725499e-12 1.295177006136e-10 1.074810227244e-09 5.800593883137e-09 1.913598840578e-08 5.821319226500e-08 8.831878232241e-09 
1.032161612241e-21 1.792726260208e-18 2.885142588753e-16 1.578550167041e-14 4.596338239524e-13 8.800819917609e-12 1.223649252931e-10 1.259889195457e-09 8.831878232241e-09 4.615326789644e-08 
