7.011091089592e-08 1.957997799144e-08 3.934757271234e-09 5.190101477043e-10 4.788377317416e-11 2.874765999813e-12 9.620755752767e-14 1.358659211620e-15 4.393950878285e-18 5.115215590465e-22 
1.957997799144e-08 7.623296076070e-08 2.823191391437e-08 8.641866820291e-09 1.643695742519e-09 1.958204317720e-10 1.319579255624e-11 3.918325145541e-13 2.866379934953e-15 8.849461978190e-19 
3.934757271234e-09 2.823191391437e-08 7.007500897294e-08 2.750561301556e-08 1.006160760233e-08 2.162415534757e-09 2.578867302684e-10 1.384219900763e-11 1.972665958360e-13 1.418089972461e-16 
5.190101477043e-10 8.641866820291e-09 2.750561301556e-08 6.426420134054e-08 2.469237366867e-08 9.499909541019e-09 1.974621194040e-09 1.850251730332e-10 4.874263508624e-12 7.722135093743e-15 
4.788377317416e-11 1.643695742519e-09 1.006160760233e-08 2.469237366867e-08 5.913966614214e-08 2.135390156209e-08 7.863070750029e-09 1.311692076209e-09 6.439240171917e-11 2.236619766859e-13 
2.874765999813e-12 1.958204317720e-10 2.162415534757e-09 9.499909541019e-09 2.135390156209e-08 5.474062611819e-08 1.776283220503e-08 5.522036375997e-09 5.318401077089e-10 4.256173590943e-12 
9.620755752767e-14 1.319579255624e-11 2.578867302684e-10 1.974621194040e-09 7.863070750029e-09 1.776283220503e-08 5.062567510673e-08 1.384426123115e-08 2.849026131438e-09 5.871304583302e-11 
1.358659211620e-15 3.918325145541e-13 1.384219900763e-11 1.850251730332e-10 1.311692076209e-09 5.522036375997e-09 1.384426123115e-08 4.669999304452e-08 9.292992846058e-09 5.975322851324e-10 
4.393950878285e-18 2.866379934953e-15 1.972665958360e-13 4.874263508624e-12 6.439240171917e-11 5.318401077089e-10 2.849026131438e-09 9.292992846058e-09 4.252705112431e-08 4.100017076413e-09 
5.115215590465e-22 8.849461978190e-19 1.418089972461e-16 7.722135093743e-15 2.236619766859e-13 4.256173590943e-12 5.871304583302e-11 5.975322851324e-10 4.100017076413e-09 3.617583579151e-08 
