6.714183956888e-08 1.832067903092e-08 3.697580727893e-09 4.894561841799e-10 4.526504209210e-11 2.723589738985e-12 9.140242587450e-14 1.290739695023e-15 4.189462326371e-18 4.866660243812e-22 
1.832067903092e-08 7.330611400149e-08 2.659853981877e-08 8.164500978841e-09 1.555685286857e-09 1.858608511543e-10 1.253710198384e-11 3.725861358558e-13 2.734762937847e-15 8.419936135166e-19 
3.697580727893e-09 2.659853981877e-08 6.775039079751e-08 2.601817521844e-08 9.539033152901e-09 2.054295896247e-09 2.450102233285e-10 1.318042179430e-11 1.881469614072e-13 1.350074922607e-16 
4.894561841799e-10 8.164500978841e-09 2.601817521844e-08 6.237712322002e-08 2.345033799655e-08 9.025787319877e-09 1.877135738266e-09 1.763944959684e-10 4.644877121369e-12 7.358868948552e-15 
4.526504209210e-11 1.555685286857e-09 9.539033152901e-09 2.345033799655e-08 5.759688964862e-08 2.028986396017e-08 7.485855022231e-09 1.251261729793e-09 6.130341419335e-11 2.133800236136e-13 
2.723589738985e-12 1.858608511543e-10 2.054295896247e-09 9.025787319877e-09 2.028986396017e-08 5.345531869920e-08 1.693913462765e-08 5.264712046996e-09 5.060749432464e-10 4.064724084353e-12 
9.140242587450e-14 1.253710198384e-11 2.450102233285e-10 1.877135738266e-09 7.485855022231e-09 1.693913462765e-08 4.958839568011e-08 1.317954771412e-08 2.712994084686e-09 5.609839186398e-11 
1.290739695023e-15 3.725861358558e-13 1.318042179430e-11 1.763944959684e-10 1.251261729793e-09 5.264712046996e-09 1.317954771412e-08 4.580853818043e-08 8.868181619389e-09 5.701442062188e-10 
4.189462326371e-18 2.734762937847e-15 1.881469614072e-13 4.644877121369e-12 6.130341419335e-11 5.060749432464e-10 2.712994084686e-09 8.868181619389e-09 4.187939011072e-08 3.894462544708e-09 
4.866660243812e-22 8.419936135166e-19 1.350074922607e-16 7.358868948552e-15 2.133800236136e-13 4.064724084353e-12 5.609839186398e-11 5.701442062188e-10 3.894462544708e-09 3.577140077681e-08 
