9.655030227061e-08 3.031271726876e-08 5.918269295822e-09 7.637670722058e-10 6.932972373596e-11 4.102919400317e-12 1.360835510017e-13 1.903458355107e-15 6.115832257923e-18 7.116493330919e-22 
3.031271726876e-08 1.007904177403e-07 4.176703063103e-08 1.257650687163e-08 2.358071703677e-09 2.779053380734e-10 1.858572073372e-11 5.466336674843e-13 3.993509299980e-15 1.229821005962e-18 
5.918269295822e-09 4.176703063103e-08 8.927312028050e-08 3.960984837003e-08 1.432813573770e-08 3.056856267616e-09 3.616679818993e-10 1.927485467487e-11 2.750417271885e-13 1.969935205208e-16 
7.637670722058e-10 1.257650687163e-08 3.960984837003e-08 7.962520094577e-08 3.497137638986e-08 1.337225930865e-08 2.757949126943e-09 2.575838780911e-10 6.795608657060e-12 1.073375844318e-14 
6.932972373596e-11 2.358071703677e-09 1.432813573770e-08 3.497137638986e-08 7.179940923720e-08 2.989512963291e-08 1.095093584149e-08 1.827511338552e-09 8.969357239493e-11 3.114919429910e-13 
4.102919400317e-12 2.779053380734e-10 3.056856267616e-09 1.337225930865e-08 2.989512963291e-08 6.517975362079e-08 2.473160225223e-08 7.699023196854e-09 7.397260814864e-10 5.948675119271e-12 
1.360835510017e-13 1.858572073372e-11 3.616679818993e-10 2.757949126943e-09 1.095093584149e-08 2.473160225223e-08 5.946240590351e-08 1.928232121503e-08 3.959698272748e-09 8.251613545802e-11 
1.903458355107e-15 5.466336674843e-13 1.927485467487e-11 2.575838780911e-10 1.827511338552e-09 7.699023196854e-09 1.928232121503e-08 5.390905949928e-08 1.296099714296e-08 8.458811600091e-10 
6.115832257923e-18 3.993509299980e-15 2.750417271885e-13 6.795608657060e-12 8.969357239493e-11 7.397260814864e-10 3.959698272748e-09 1.296099714296e-08 4.840162184512e-08 5.839304803039e-09 
7.116493330919e-22 1.229821005962e-18 1.969935205208e-16 1.073375844318e-14 3.114919429910e-13 5.948675119271e-12 8.251613545802e-11 8.458811600091e-10 5.839304803039e-09 3.969979340590e-08 
