7.7117086022465568e-07 2.8406240853813122e-07 5.5309809937523719e-08 7.3196270822440046e-09 6.9212027405879830e-10 4.2997436180476269e-11 1.4995388947212605e-12 2.2591297637074855e-14 8.0676576352196671e-17 1.0401721028591397e-20 
2.8406240853813122e-07 7.0518383742912136e-07 3.9693506882598625e-07 1.2370996046223123e-07 2.4260603892781101e-08 2.9953822800734990e-09 2.1170274640734897e-10 6.7579794507880676e-12 5.4164559300784294e-14 1.8257836890678886e-17 
5.5309809937523719e-08 3.9693506882598625e-07 6.2527757923428577e-07 4.0234460728405046e-07 1.5173009549400496e-07 3.3847396811181079e-08 4.2603219440055402e-09 2.4656976046519379e-10 3.8110183533458938e-12 2.9703580092458990e-15 
7.3196270822440046e-09 1.2370996046223123e-07 4.0234460728405046e-07 5.6934640672159964e-07 3.8186898333477435e-07 1.5303771392423684e-07 3.3721130260090350e-08 3.3974442425413715e-09 9.5947668001617461e-11 1.6456067737563896e-13 
6.9212027405879830e-10 2.4260603892781101e-08 1.5173009549400496e-07 3.8186898333477435e-07 5.2268914756173299e-07 3.5729597394024898e-07 1.3955822485837218e-07 2.4816072461817115e-08 1.2904762603172219e-09 4.8653854992409313e-12 
4.2997436180476269e-11 2.9953822800734990e-09 3.3847396811181079e-08 1.5303771392423684e-07 3.5729597394024898e-07 4.9391586442888041e-07 3.2885084009247796e-07 1.0757642941093408e-07 1.0874659760041838e-08 9.5019561357959021e-11 
1.4995388947212605e-12 2.1170274640734897e-10 4.2603219440055402e-09 3.3721130260090350e-08 1.3955822485837218e-07 3.2885084009247796e-07 4.6083042040129501e-07 2.7760153291616931e-07 5.9857599541985605e-08 1.3580154451861267e-09 
2.2591297637074855e-14 6.7579794507880676e-12 2.4656976046519379e-10 3.3974442425413715e-09 2.4816072461817115e-08 1.0757642941093408e-07 2.7760153291616931e-07 4.1196359020669419e-07 2.0399865834946391e-07 1.4574342104561663e-08 
8.0676576352196671e-17 5.4164559300784294e-14 3.8110183533458938e-12 9.5947668001617461e-11 1.2904762603172219e-09 1.0874659760041838e-08 5.9857599541985605e-08 2.0399865834946391e-07 3.6785171870844273e-07 1.0878557456082935e-07 
1.0401721028591397e-20 1.8257836890678886e-17 2.9703580092458990e-15 1.6456067737563896e-13 4.8653854992409313e-12 9.5019561357959021e-11 1.3580154451861267e-09 1.4574342104561663e-08 1.0878557456082935e-07 2.6798307156336867e-07 
