5.6232712536946098e-07 1.9747808216164708e-07 3.7467467681319376e-08 4.8560547532346044e-09 4.5040264619518609e-10 2.7612846223651951e-11 9.5747213137991136e-13 1.4175365662166239e-14 4.9628228900696934e-17 6.4468164742776640e-21 
1.9747808216164708e-07 4.8882535376822717e-07 2.6474559276160685e-07 8.1018016555949913e-08 1.5642098600420006e-08 1.9174890124688079e-09 1.3424278439126754e-10 4.1988869286551830e-12 3.3292104852448360e-14 1.1344809828544163e-17 
3.7467467681319376e-08 2.6474559276160685e-07 4.2029727215095157e-07 2.6031601346271735e-07 9.7314371716205403e-08 2.1587322647298578e-08 2.6785088577079673e-09 1.5225544809562361e-10 2.3449807137987979e-12 1.8502530586396022e-15 
4.8560547532346044e-09 8.1018016555949913e-08 2.6031601346271735e-07 3.7554697148264215e-07 2.4406994110485017e-07 9.6929458103857093e-08 2.1007391260559798e-08 2.0908008287270369e-09 5.9158288850923255e-11 1.0276208149180728e-13 
4.5040264619518609e-10 1.5642098600420006e-08 9.7314371716205403e-08 2.4406994110485017e-07 3.4207562991286734e-07 2.2380702510603026e-07 8.6231482590069331e-08 1.5258065069494730e-08 7.9782162927293002e-10 3.0459218564011673e-12 
2.7612846223651951e-11 1.9174890124688079e-09 2.1587322647298578e-08 9.6929458103857093e-08 2.2380702510603026e-07 3.1652023093628451e-07 2.0225624230365524e-07 6.6252429097076075e-08 6.7463451752399346e-09 5.9632337904418580e-11 
9.5747213137991136e-13 1.3424278439126754e-10 2.6785088577079673e-09 2.1007391260559798e-08 8.6231482590069331e-08 2.0225624230365524e-07 2.9441253776872686e-07 1.7164259490643747e-07 3.7298288506566353e-08 8.5397329830107661e-10 
1.4175365662166239e-14 4.1988869286551830e-12 1.5225544809562361e-10 2.0908008287270369e-09 1.5258065069494730e-08 6.6252429097076075e-08 1.7164259490643747e-07 2.6687448999654277e-07 1.2780635338055029e-07 9.1637894923736008e-09 
4.9628228900696934e-17 3.3292104852448360e-14 2.3449807137987979e-12 5.9158288850923255e-11 7.9782162927293002e-10 6.7463451752399346e-09 3.7298288506566353e-08 1.2780635338055029e-07 2.4177692106700797e-07 6.7818619306829361e-08 
6.4468164742776640e-21 1.1344809828544163e-17 1.8502530586396022e-15 1.0276208149180728e-13 3.0459218564011673e-12 5.9632337904418580e-11 8.5397329830107661e-10 9.1637894923736008e-09 6.7818619306829361e-08 1.7337787041511429e-07 
