7.2498550557326135e-08 2.0625640069798602e-08 4.1352586454269552e-09 5.4411315056604245e-10 5.0099690459601745e-11 3.0005525614327246e-12 1.0035916852508775e-13 1.4137505190872661e-15 4.5676651805291373e-18 5.3069245813759038e-22 
2.0625640069798602e-08 7.8704011132796967e-08 2.9614341613345136e-08 9.0483725758119856e-09 1.7170435382799746e-09 2.0430203598298742e-10 1.3752964970692524e-11 4.0725103672855083e-13 2.9814950977102631e-15 9.1730863752368548e-19 
4.1352586454269552e-09 2.9614341613345136e-08 7.2056989389181736e-08 2.8751987784316954e-08 1.0499746386368748e-08 2.2553722517611189e-09 2.6843294129762231e-10 1.4384468453296296e-11 2.0520722006974779e-13 1.4693378867636744e-16 
5.4411315056604245e-10 9.0483725758119856e-09 2.8751987784316954e-08 6.5839364708049685e-08 2.5758681462557205e-08 9.8993875106430973e-09 2.0529746584637832e-09 1.9234628234039020e-10 5.0677602356073485e-12 8.0019314714974789e-15 
5.0099690459601745e-11 1.7170435382799746e-09 1.0499746386368748e-08 2.5758681462557205e-08 6.0450745177715921e-08 2.2215432797219058e-08 8.1710896617515189e-09 1.3642777355157431e-09 6.6878312533165572e-11 2.3190757766166752e-13 
3.0005525614327246e-12 2.0430203598298742e-10 2.2553722517611189e-09 9.8993875106430973e-09 2.2215432797219058e-08 5.5780134028092811e-08 1.8468507238363422e-08 5.7429826931367269e-09 5.5164464340470659e-10 4.4179729532241033e-12 
1.0035916852508775e-13 1.3752964970692524e-11 2.6843294129762231e-10 2.0529746584637832e-09 8.1710896617515189e-09 1.8468507238363422e-08 5.1526976640164037e-08 1.4377759517894561e-08 2.9525708331716703e-09 6.1034647271941567e-11 
1.4137505190872661e-15 4.0725103672855083e-13 1.4384468453296296e-11 1.9234628234039020e-10 1.3642777355157431e-09 5.7429826931367269e-09 1.4377759517894561e-08 4.7375735720152340e-08 9.6397624850663800e-09 6.2179884544839082e-10 
4.5676651805291373e-18 2.9814950977102631e-15 2.0520722006974779e-13 5.0677602356073485e-12 6.6878312533165572e-11 5.5164464340470659e-10 2.9525708331716703e-09 9.6397624850663800e-09 4.3100100513207596e-08 4.2586839937109537e-09 
5.3069245813759038e-22 9.1730863752368548e-19 1.4693378867636744e-16 8.0019314714974789e-15 2.3190757766166752e-13 4.4179729532241033e-12 6.1034647271941567e-11 6.2179884544839082e-10 4.2586839937109537e-09 3.6479594301724970e-08 
