3.0852199234925426e-08 1.3914193216569434e-08 1.0203170991620467e-08 7.9856199212170710e-09 6.3932734411911411e-09 5.1282866631456445e-09 4.0472873477817799e-09 3.0585685738555543e-09 2.0696567319397176e-09 7.5177592692626935e-10 
1.3914193216569434e-08 9.4598816637234520e-09 5.1188530913994985e-09 4.0417148131234338e-09 3.2684829720782177e-09 2.6542578570055316e-09 2.1292699677583071e-09 1.6489836206126751e-09 1.1686089557899202e-09 5.3000525423939675e-10 
1.0203170991620467e-08 5.1188530913994985e-09 6.3465539052611977e-09 3.0247929391776449e-09 2.4626020988612109e-09 2.0160414367626246e-09 1.6343141143576375e-09 1.2850318498565313e-09 9.3568724751562264e-10 4.7210285010733882e-10 
7.9856199212170710e-09 4.0417148131234338e-09 3.0247929391776449e-09 4.9556086792601096e-09 1.9810656817105912e-09 1.6346838387982171e-09 1.3385505724680819e-09 1.0675458260003910e-09 7.9649731964184314e-10 4.3749393218379330e-10 
6.3932734411911411e-09 3.2684829720782177e-09 2.4626020988612109e-09 1.9810656817105912e-09 4.1741075018215446e-09 1.3612338951278448e-09 1.1265760056048327e-09 9.1178203364345192e-10 6.9696598585304926e-10 4.1307988464810102e-10 
5.1282866631456445e-09 2.6542578570055316e-09 2.0160414367626246e-09 1.6346838387982171e-09 1.3612338951278448e-09 3.6825446796921033e-09 9.5828344025072438e-10 7.8813777427317909e-10 6.1797444434648362e-10 3.9375810201795281e-10 
4.0472873477817799e-09 2.1292699677583071e-09 1.6343141143576375e-09 1.3385505724680819e-09 1.1265760056048327e-09 9.5828344025072438e-10 3.3527890534140913e-09 6.8237035554621943e-10 5.5032428940813511e-10 3.7704113633817476e-10 
3.0585685738555543e-09 1.6489836206126751e-09 1.2850318498565313e-09 1.0675458260003910e-09 9.1178203364345192e-10 7.8813777427317909e-10 6.8237035554621943e-10 3.1239764632484091e-09 4.8842174987208292e-10 3.6153850893693230e-10 
2.0696567319397176e-09 1.1686089557899202e-09 9.3568724751562264e-10 7.9649731964184314e-10 6.9696598585304926e-10 6.1797444434648362e-10 5.5032428940813511e-10 4.8842174987208292e-10 2.9652735017146184e-09 3.4635351383400248e-10 
7.5177592692626935e-10 5.3000525423939675e-10 4.7210285010733882e-10 4.3749393218379330e-10 4.1307988464810102e-10 3.9375810201795281e-10 3.7704113633817476e-10 3.6153850893693230e-10 3.4635351383400248e-10 2.8682398079779576e-09 
