6.1740684973374028e-08 2.9305925812318034e-08 2.1600095903340847e-08 1.6994876024571163e-08 1.3688039508205131e-08 1.1060732912776127e-08 8.8146985526510350e-09 6.7588591533808610e-09 4.7004873454671790e-09 1.9646132858129783e-09 
2.9305925812318034e-08 1.7199970486838029e-08 1.0886219502605491e-08 8.6299912240698117e-09 7.0102428472673419e-09 5.7233897327669786e-09 4.6230764416854806e-09 3.6156669009763201e-09 2.6068667254498807e-09 1.2687086438118470e-09 
2.1600095903340847e-08 1.0886219502605491e-08 1.0662407511809986e-08 6.4730750442336812e-09 5.2880769381485545e-09 4.3466470284631186e-09 3.5415892759360051e-09 2.8043675073163591e-09 2.0660478571295599e-09 1.0880821820745065e-09 
1.6994876024571163e-08 8.6299912240698117e-09 6.4730750442336812e-09 7.7225275102044564e-09 4.2588980928613685e-09 3.5238854116868785e-09 2.8952599361028175e-09 2.3195015484963091e-09 1.7428253793973431e-09 9.8011531387303222e-10 
1.3688039508205131e-08 7.0102428472673419e-09 5.2880769381485545e-09 4.2588980928613685e-09 6.0589125695721042e-09 2.9337273323976110e-09 2.4318129104275159e-09 1.9719988301564924e-09 1.5114100550544684e-09 9.0330161267912552e-10 
1.1060732912776127e-08 5.7233897327669786e-09 4.3466470284631186e-09 3.5238854116868785e-09 2.9337273323976110e-09 5.0033937072724230e-09 2.0637356250036421e-09 1.6960279767481724e-09 1.3276372445140440e-09 8.4235023603923447e-10 
8.8146985526510350e-09 4.6230764416854806e-09 3.5415892759360051e-09 2.8952599361028175e-09 2.4318129104275159e-09 2.0637356250036421e-09 4.2872214011160272e-09 1.4598600576079941e-09 1.1702158671142025e-09 7.8982212552156697e-10 
6.7588591533808610e-09 3.6156669009763201e-09 2.8043675073163591e-09 2.3195015484963091e-09 1.9719988301564924e-09 1.6960279767481724e-09 1.4598600576079941e-09 3.7818154510916628e-09 1.0259544972843614e-09 7.4123648292142723e-10 
4.7004873454671790e-09 2.6068667254498807e-09 2.0660478571295599e-09 1.7428253793973431e-09 1.5114100550544684e-09 1.3276372445140440e-09 1.1702158671142025e-09 1.0259544972843614e-09 3.4202400290827263e-09 6.9287906657071006e-10 
1.9646132858129783e-09 1.2687086438118470e-09 1.0880821820745065e-09 9.8011531387303222e-10 9.0330161267912552e-10 8.4235023603923447e-10 7.8982212552156697e-10 7.4123648292142723e-10 6.9287906657071006e-10 3.1734922300267425e-09 
