5.1289531635848451e-07 2.5477780501186035e-07 1.8888786364931015e-07 1.4950584210670773e-07 1.2123109362285880e-07 9.8765769547221938e-08 7.9555890831083157e-08 6.1967275047047869e-08 4.4339491781385417e-08 2.0995529266275938e-08 
2.5477780501186035e-07 1.3057113452825895e-07 9.5353522301280177e-08 7.5820774436225239e-08 6.1798364790617938e-08 5.0656944104183607e-08 4.1128265413884172e-08 3.2400864109066573e-08 2.3651439580334412e-08 1.2082105321164143e-08 
1.8888786364931015e-07 9.5353522301280177e-08 7.3774125160614612e-08 5.6819722445802227e-08 4.6471144009085407e-08 3.8248676021598615e-08 3.1215574451625503e-08 2.4772400971139590e-08 1.8311617497682784e-08 9.7774780064920019e-09 
1.4950584210670773e-07 7.5820774436225239e-08 5.6819722445802227e-08 4.8000681777398086e-08 3.7309533521925292e-08 3.0831570966088189e-08 2.5289909826913179e-08 2.0211921140386613e-08 1.5118988033447294e-08 8.3988795963532528e-09 
1.2123109362285880e-07 6.1798364790617938e-08 4.6471144009085407e-08 3.7309533521925292e-08 3.3272370783275216e-08 2.5508810345072285e-08 2.1038010926152997e-08 1.6940136408098765e-08 1.2829304735262322e-08 7.4117125942638241e-09 
9.8765769547221938e-08 5.0656944104183607e-08 3.8248676021598615e-08 3.0831570966088189e-08 2.5508810345072285e-08 2.3817995115327775e-08 1.7659888127345204e-08 1.4340655607469669e-08 1.1009891200084600e-08 6.6270731473309029e-09 
7.9555890831083157e-08 4.1128265413884172e-08 3.1215574451625503e-08 2.5289909826913179e-08 2.1038010926152997e-08 1.7659888127345204e-08 1.7306979854582308e-08 1.2115605179894218e-08 9.4513656233792447e-09 5.9525914720792026e-09 
6.1967275047047869e-08 3.2400864109066573e-08 2.4772400971139590e-08 2.0211921140386613e-08 1.6940136408098765e-08 1.4340655607469669e-08 1.2115605179894218e-08 1.2612664690021991e-08 8.0214426068593108e-09 5.3295227302635000e-09 
4.4339491781385417e-08 2.3651439580334412e-08 1.8311617497682784e-08 1.5118988033447294e-08 1.2829304735262322e-08 1.1009891200084600e-08 9.4513656233792447e-09 8.0214426068593108e-09 9.1261028238383508e-09 4.7044602526471928e-09 
2.0995529266275938e-08 1.2082105321164143e-08 9.7774780064920019e-09 8.3988795963532528e-09 7.4117125942638241e-09 6.6270731473309029e-09 5.9525914720792026e-09 5.3295227302635000e-09 4.7044602526471928e-09 6.4588873029662008e-09 
