2.0597244995980046e-08 8.8354837868906181e-09 6.4586192902171115e-09 5.0384159109894009e-09 4.0186593086191889e-09 3.2086352607613649e-09 2.5166213073566829e-09 1.8840515215286894e-09 1.2519505808194462e-09 4.0833905740762336e-10 
8.8354837868906181e-09 6.9159046865687639e-09 3.2283073181623377e-09 2.5416840585033463e-09 2.0488176906100534e-09 1.6573522502414565e-09 1.3228558984404027e-09 1.0170264032015290e-09 7.1145820828758965e-10 3.0475834105070502e-10 
6.4586192902171115e-09 3.2283073181623377e-09 4.9340069631546527e-09 1.8979161612724857e-09 1.5407890889009225e-09 1.2571532256001621e-09 1.0147664427625753e-09 7.9311894366057890e-10 5.7167849830989968e-10 2.7754190622332626e-10 
5.0384159109894009e-09 2.5416840585033463e-09 1.8979161612724857e-09 4.0517343332554608e-09 1.2372458741021351e-09 1.0180316171614501e-09 8.3067214694742545e-10 6.5932038379285378e-10 4.8814538433323032e-10 2.6126380355453231e-10 
4.0186593086191889e-09 2.0488176906100534e-09 1.5407890889009225e-09 1.2372458741021351e-09 3.5580016717131950e-09 8.4660200534329804e-10 6.9876306684684489e-10 5.6352670699042426e-10 4.2845128004745811e-10 2.4987569492599471e-10 
3.2086352607613649e-09 1.6573522502414565e-09 1.2571532256001621e-09 1.0180316171614501e-09 8.4660200534329804e-10 3.2489599423917957e-09 5.9406212330836950e-10 4.8750882707133940e-10 3.8109474349330092e-10 2.4088699296605328e-10 
2.5166213073566829e-09 1.3228558984404027e-09 1.0147664427625753e-09 8.3067214694742545e-10 6.9876306684684489e-10 5.9406212330836950e-10 3.0429950466588814e-09 4.2250442720402187e-10 3.4054732322404230e-10 2.3307741363317301e-10 
1.8840515215286894e-09 1.0170264032015290e-09 7.9311894366057890e-10 6.5932038379285378e-10 5.6352670699042426e-10 4.8750882707133940e-10 4.2250442720402187e-10 2.9014927434986430e-09 3.0348923487141101e-10 2.2581529112103542e-10 
1.2519505808194462e-09 7.1145820828758965e-10 5.7167849830989968e-10 4.8814538433323032e-10 4.2845128004745811e-10 3.8109474349330092e-10 3.4054732322404230e-10 3.0348923487141101e-10 2.8051919547900264e-09 2.1883886684557625e-10 
4.0833905740762336e-10 3.0475834105070502e-10 2.7754190622332626e-10 2.6126380355453231e-10 2.4987569492599471e-10 2.4088699296605328e-10 2.3307741363317301e-10 2.2581529112103542e-10 2.1883886684557625e-10 2.7505654880179800e-09 
