6.204196275883e-08 1.611822252328e-08 3.278780794142e-09 4.367153114734e-10 4.063593692461e-11 2.452821072627e-12 8.272633331916e-14 1.172594839384e-15 3.808799637413e-18 4.448806454708e-22 
1.611822252328e-08 6.814418432065e-08 2.369380155873e-08 7.315237357110e-09 1.399703337936e-09 1.677929761840e-10 1.137827440927e-11 3.383063111860e-13 2.492317079697e-15 7.685110088894e-19 
3.278780794142e-09 2.369380155873e-08 6.360621752167e-08 2.339137150180e-08 8.597811981165e-09 1.859986187600e-09 2.225447944476e-10 1.196985907994e-11 1.718480620417e-13 1.230327730273e-16 
4.367153114734e-10 7.315237357110e-09 2.339137150180e-08 5.899106918236e-08 2.119989995516e-08 8.192729525210e-09 1.704733505361e-09 1.604024020469e-10 4.248283675945e-12 6.698597236055e-15 
4.063593692461e-11 1.399703337936e-09 8.597811981165e-09 2.119989995516e-08 5.487261938745e-08 1.843032940239e-08 6.798092392917e-09 1.140514796023e-09 5.607859053132e-11 1.941694282048e-13 
2.452821072627e-12 1.677929761840e-10 1.859986187600e-09 8.192729525210e-09 1.843032940239e-08 5.113193669519e-08 1.541136494762e-08 4.811632837979e-09 4.623482897539e-10 3.701432542435e-12 
8.272633331916e-14 1.137827440927e-11 2.225447944476e-10 1.704733505361e-09 6.798092392917e-09 1.541136494762e-08 4.773320002551e-08 1.205569977016e-08 2.472571022547e-09 5.118619158187e-11 
1.172594839384e-15 3.383063111860e-13 1.196985907994e-11 1.604024020469e-10 1.140514796023e-09 4.811632837979e-09 1.205569977016e-08 4.426369081360e-08 8.073641669244e-09 5.217310481353e-10 
3.808799637413e-18 2.492317079697e-15 1.718480620417e-13 4.248283675945e-12 5.607859053132e-11 4.623482897539e-10 2.472571022547e-09 8.073641669244e-09 4.069988526155e-08 3.562230961564e-09 
4.448806454708e-22 7.685110088894e-19 1.230327730273e-16 6.698597236055e-15 1.941694282048e-13 3.701432542435e-12 5.118619158187e-11 5.217310481353e-10 3.562230961564e-09 3.506260324081e-08 
