8.563908163646e-08 2.598663168024e-08 5.125915369588e-09 6.666957388131e-10 6.082365082189e-11 3.619314495632e-12 1.202877992393e-13 1.686744874777e-15 5.437101418445e-18 6.305236131414e-22 
2.598663168024e-08 9.096724680866e-08 3.639017202010e-08 1.101663937056e-08 2.075758625295e-09 2.455573104014e-10 1.643711271981e-11 4.855925388817e-13 3.543803407114e-15 1.091294545932e-18 
5.125915369588e-09 3.639017202010e-08 8.166348240240e-08 3.481635992634e-08 1.264846994714e-08 2.702231354667e-09 3.203675230331e-10 1.713966947598e-11 2.436360507399e-13 1.750300209482e-16 
6.666957388131e-10 1.101663937056e-08 3.481635992634e-08 7.357598459000e-08 3.091078429906e-08 1.182876822508e-08 2.448258685831e-09 2.289397973078e-10 6.013966172899e-12 9.542626868129e-15 
6.082365082189e-11 2.075758625295e-09 1.264846994714e-08 3.091078429906e-08 6.675575282171e-08 2.650312814829e-08 9.736974493113e-09 1.621499099372e-09 7.939320904881e-11 2.767804512802e-13 
3.619314495632e-12 2.455573104014e-10 2.702231354667e-09 1.182876822508e-08 2.650312814829e-08 6.107355441325e-08 2.197427984759e-08 6.816953932899e-09 6.557396505949e-10 5.275096971615e-12 
1.202877992393e-13 1.643711271981e-11 3.203675230331e-10 2.448258685831e-09 9.736974493113e-09 2.197427984759e-08 5.589680061793e-08 1.706906372017e-08 3.517285435003e-09 7.288205813318e-11 
1.686744874777e-15 4.855925388817e-13 1.713966947598e-11 2.289397973078e-10 1.621499099372e-09 6.816953932899e-09 1.706906372017e-08 5.102201779291e-08 1.150533584498e-08 7.427564294387e-10 
5.437101418445e-18 3.543803407114e-15 2.436360507399e-13 6.013966172899e-12 7.939320904881e-11 6.557396505949e-10 3.517285435003e-09 1.150533584498e-08 4.599322795969e-08 5.109202613831e-09 
6.305236131414e-22 1.091294545932e-18 1.750300209482e-16 9.542626868129e-15 2.767804512802e-13 5.275096971615e-12 7.288205813318e-11 7.427564294387e-10 5.109202613831e-09 3.825805132820e-08 
