8.108387874741e-08 2.413442277153e-08 4.785281020413e-09 6.246932586941e-10 5.715574314494e-11 3.406362505490e-12 1.135631107827e-13 1.592446698288e-15 5.142252751048e-18 5.955049910270e-22 
2.413442277153e-08 8.674781420610e-08 3.406399005215e-08 1.034435124119e-08 1.952390936753e-09 2.315160724588e-10 1.552599040180e-11 4.583475203838e-13 3.356159384431e-15 1.029477280347e-18 
4.785281020413e-09 3.406399005215e-08 7.838218551999e-08 3.273511451557e-08 1.191160465008e-08 2.551195457118e-09 3.025000746616e-10 1.619010749671e-11 2.308403504288e-13 1.650257037390e-16 
6.246932586941e-10 1.034435124119e-08 3.273511451557e-08 7.091745146627e-08 2.916542024535e-08 1.117279569241e-08 2.311043285148e-09 2.165274733525e-10 5.695321174294e-12 8.998384441097e-15 
5.715574314494e-11 1.952390936753e-09 1.191160465008e-08 2.916542024535e-08 6.461911612622e-08 2.502045255225e-08 9.196530361844e-09 1.535510077661e-09 7.509069312685e-11 2.611874246565e-13 
3.406362505490e-12 2.315160724588e-10 2.551195457118e-09 1.117279569241e-08 2.502045255225e-08 5.923928735472e-08 2.079093617496e-08 6.457580748110e-09 6.191383441215e-10 4.983830206019e-12 
1.135631107827e-13 1.552599040180e-11 3.025000746616e-10 2.311043285148e-09 9.196530361844e-09 2.079093617496e-08 5.444011219139e-08 1.614258415640e-08 3.317138227252e-09 6.894853623696e-11 
1.592446698288e-15 4.583475203838e-13 1.619010749671e-11 2.165274733525e-10 1.535510077661e-09 6.457580748110e-09 1.614258415640e-08 4.972918228515e-08 1.086205116999e-08 7.028164472234e-10 
5.142252751048e-18 3.356159384431e-15 2.308403504288e-13 5.695321174294e-12 7.509069312685e-11 6.191383441215e-10 3.317138227252e-09 1.086205116999e-08 4.503464456369e-08 4.811255961375e-09 
5.955049910270e-22 1.029477280347e-18 1.650257037390e-16 8.998384441097e-15 2.611874246565e-13 4.983830206019e-12 6.894853623696e-11 7.028164472234e-10 4.811255961375e-09 3.762155555776e-08 
