1.106092252667e-07 3.572636558172e-08 6.896805287808e-09 8.833078945748e-10 7.970332119520e-11 4.703553478197e-12 1.553377233536e-13 2.170627484618e-15 6.980010190097e-18 8.135806191860e-22 
3.572636558172e-08 1.129438526621e-07 4.839589550421e-08 1.448379759328e-08 2.705661508664e-09 3.178774175363e-10 2.118466749924e-11 6.241876760069e-13 4.550149191159e-15 1.409945826277e-18 
6.896805287808e-09 4.839589550421e-08 9.859144928327e-08 4.547931035114e-08 1.641305449016e-08 3.488824187260e-09 4.123827360455e-10 2.201424792924e-11 3.130630593666e-13 2.264006857144e-16 
8.833078945748e-10 1.448379759328e-08 4.547931035114e-08 8.713322503211e-08 3.995663810899e-08 1.524233719253e-08 3.147999504611e-09 2.939363388317e-10 7.737087907104e-12 1.235778551353e-14 
7.970332119520e-11 2.705661508664e-09 1.641305449016e-08 3.995663810899e-08 7.790037128034e-08 3.409978126141e-08 1.250728579650e-08 2.082266258527e-09 1.022992407566e-10 3.589074621156e-13 
4.703553478197e-12 3.178774175363e-10 3.488824187260e-09 1.524233719253e-08 3.409978126141e-08 7.043553876319e-08 2.821154006851e-08 8.764176940917e-09 8.464941096053e-10 6.852121447139e-12 
1.553377233536e-13 2.118466749924e-11 4.123827360455e-10 3.147999504611e-09 1.250728579650e-08 2.821154006851e-08 6.378780182524e-08 2.199514107169e-08 4.550294799160e-09 9.492300212101e-11 
2.170627484618e-15 6.241876760069e-13 2.201424792924e-11 2.939363388317e-10 2.082266258527e-09 8.764176940917e-09 2.199514107169e-08 5.769572316896e-08 1.492827421559e-08 9.722072237923e-10 
6.980010190097e-18 4.550149191159e-15 3.130630593666e-13 7.737087907104e-12 1.022992407566e-10 8.464941096053e-10 4.550294799160e-09 1.492827421559e-08 5.142698528867e-08 6.753490126009e-09 
8.135806191860e-22 1.409945826277e-18 2.264006857144e-16 1.235778551353e-14 3.589074621156e-13 6.852121447139e-12 9.492300212101e-11 9.722072237923e-10 6.753490126009e-09 4.170235310459e-08 
