8.814789579244e-08 2.698821309901e-08 5.309723636438e-09 6.891952402496e-10 6.279844556929e-11 3.732341259195e-12 1.238948988249e-13 1.737845876441e-15 5.591321834109e-18 6.498662427783e-22 
2.698821309901e-08 9.324442127877e-08 3.763882986668e-08 1.137759466585e-08 2.141760349951e-09 2.530089848000e-10 1.693324464194e-11 5.000292063534e-13 3.644114029185e-15 1.124655152278e-18 
5.309723636438e-09 3.763882986668e-08 8.342330495448e-08 3.593446707906e-08 1.303913610695e-08 2.783429267129e-09 3.300582339204e-10 1.763645833199e-11 2.506584331929e-13 1.803053847775e-16 
6.891952402496e-10 1.137759466585e-08 3.593446707906e-08 7.498695514568e-08 3.184154009341e-08 1.218586849151e-08 2.521449642271e-09 2.354548527207e-10 6.191884529232e-12 9.824490988338e-15 
6.279844556929e-11 2.141760349951e-09 1.303913610695e-08 3.184154009341e-08 6.791748839837e-08 2.730321354360e-08 1.002009978404e-08 1.667595264392e-09 8.179687895990e-11 2.847832740656e-13 
3.732341259195e-12 2.530089848000e-10 2.783429267129e-09 1.218586849151e-08 2.730321354360e-08 6.203762799241e-08 2.259744850063e-08 7.015754896920e-09 6.757768565540e-10 5.425212672268e-12 
1.238948988249e-13 1.693324464194e-11 3.300582339204e-10 2.521449642271e-09 1.002009978404e-08 2.259744850063e-08 5.669506112347e-08 1.758625915770e-08 3.622879622608e-09 7.496246810677e-11 
1.737845876441e-15 5.000292063534e-13 1.763645833199e-11 2.354548527207e-10 1.667595264392e-09 7.015754896920e-09 1.758625915770e-08 5.171421545207e-08 1.183703086765e-08 7.650853822104e-10 
5.591321834109e-18 3.644114029185e-15 2.506584331929e-13 6.191884529232e-12 8.179687895990e-11 6.757768565540e-10 3.622879622608e-09 1.183703086765e-08 4.651482113009e-08 5.279754663181e-09 
6.498662427783e-22 1.124655152278e-18 1.803053847775e-16 9.824490988338e-15 2.847832740656e-13 5.425212672268e-12 7.496246810677e-11 7.650853822104e-10 5.279754663181e-09 3.859535197797e-08 
