1.223570925876e-05 4.567581384119e-06 8.652482791882e-07 1.112096887499e-07 1.011620339348e-08 6.011786191012e-10 1.998889468673e-11 2.801762211365e-13 9.011870929668e-16 1.043108247990e-19 
4.567581384119e-06 1.066969576641e-05 6.082412669705e-06 1.833323012831e-06 3.449476869580e-07 4.078929879839e-08 2.732142206960e-09 8.055970600513e-11 5.876029419014e-13 1.802272856358e-16 
8.652482791882e-07 6.082412669705e-06 8.927069802331e-06 5.787768209723e-06 2.100872666132e-06 4.490572360308e-07 5.322166139546e-08 2.841474362164e-09 4.040947446938e-11 2.885843572170e-14 
1.112096887499e-07 1.833323012831e-06 5.787768209723e-06 7.564413772819e-06 5.135491606202e-06 1.966031349974e-06 4.063092795331e-07 3.794979478146e-08 9.972459248518e-10 1.571107799226e-12 
1.011620339348e-08 3.449476869580e-07 2.100872666132e-06 5.135491606202e-06 6.435949276211e-06 4.401309262425e-06 1.614343981150e-06 2.688652951270e-07 1.315195859342e-08 4.551900054424e-11 
6.011786191012e-10 4.078929879839e-08 4.490572360308e-07 1.966031349974e-06 4.401309262425e-06 5.478677142638e-06 3.642666377618e-06 1.130556777348e-06 1.084141682719e-07 8.668916787230e-10 
1.998889468673e-11 2.732142206960e-09 5.322166139546e-08 4.063092795331e-07 1.614343981150e-06 3.642666377618e-06 4.620921484142e-06 2.827398884833e-06 5.798823284505e-07 1.197188908302e-08 
2.801762211365e-13 8.055970600513e-11 2.841474362164e-09 3.794979478146e-08 2.688652951270e-07 1.130556777348e-06 2.827398884833e-06 3.794274932409e-06 1.891923924671e-06 1.219034497788e-07 
9.011870929668e-16 5.876029419014e-13 4.040947446938e-11 9.972459248518e-10 1.315195859342e-08 1.084141682719e-07 5.798823284505e-07 1.891923924671e-06 2.949131687566e-06 8.340502992075e-07 
1.043108247990e-19 1.802272856358e-16 2.885843572170e-14 1.571107799226e-12 4.551900054424e-11 8.668916787230e-10 1.197188908302e-08 1.219034497788e-07 8.340502992075e-07 1.642584720448e-06 
