6.093220327447e-08 1.562859566057e-08 3.184798670420e-09 4.247940619047e-10 3.958115837493e-11 2.391883062067e-12 8.071093278374e-14 1.146014405226e-15 3.721601523364e-18 4.356170025859e-22 
1.562859566057e-08 6.698703995613e-08 2.303981257745e-08 7.121637789131e-09 1.364495810431e-09 1.636584831503e-10 1.111042218756e-11 3.307156208357e-13 2.435252335108e-15 7.526311683839e-19 
3.184798670420e-09 2.303981257745e-08 6.266226373242e-08 2.279600834369e-08 8.384891817430e-09 1.814932306380e-09 2.174589859666e-10 1.169897773543e-11 1.679780897180e-13 1.204722790940e-16 
4.247940619047e-10 7.121637789131e-09 2.279600834369e-08 5.822724834357e-08 2.068081288285e-08 8.000638152855e-09 1.666387372078e-09 1.567378717216e-10 4.155106724972e-12 6.556427386821e-15 
3.958115837493e-11 1.364495810431e-09 8.384891817430e-09 2.068081288285e-08 5.424163259393e-08 1.801310305984e-08 6.644474759691e-09 1.114497584727e-09 5.488407194993e-11 1.899356177749e-13 
2.391883062067e-12 1.636584831503e-10 1.814932306380e-09 8.000638152855e-09 1.801310305984e-08 5.061567170079e-08 1.505859305933e-08 4.704529634046e-09 4.527145417718e-10 3.618531780264e-12 
8.071093278374e-14 1.111042218756e-11 2.174589859666e-10 1.666387372078e-09 6.644474759691e-09 1.505859305933e-08 4.729349835199e-08 1.179926147094e-08 2.420770456906e-09 5.002220511103e-11 
1.146014405226e-15 3.307156208357e-13 1.169897773543e-11 1.567378717216e-10 1.114497584727e-09 4.704529634046e-09 1.179926147094e-08 4.392970168549e-08 7.896264772080e-09 5.100639299080e-10 
3.721601523364e-18 2.435252335108e-15 1.679780897180e-13 4.155106724972e-12 5.488407194993e-11 4.527145417718e-10 2.420770456906e-09 7.896264772080e-09 4.041843831084e-08 3.487369259465e-09 
4.356170025859e-22 7.526311683839e-19 1.204722790940e-16 6.556427386821e-15 1.899356177749e-13 3.618531780264e-12 5.002220511103e-11 5.100639299080e-10 3.487369259465e-09 3.491202538719e-08 
