5.785464973481e-08 1.427593177444e-08 2.923837485238e-09 3.917399976310e-10 3.662251725905e-11 2.222479062579e-12 7.509103116111e-14 1.070182175708e-15 3.484491232661e-18 4.087625721084e-22 
1.427593177444e-08 6.377715343942e-08 2.122488448309e-08 6.581663945031e-09 1.265906864123e-09 1.522160182124e-10 1.034948271447e-11 3.095014306547e-13 2.277996913271e-15 7.073142355726e-19 
2.923837485238e-09 2.122488448309e-08 6.003496303950e-08 2.112452166864e-08 7.794475252399e-09 1.688913406356e-09 2.029676139531e-10 1.095600819327e-11 1.570748361273e-13 1.133371703166e-16 
3.917399976310e-10 6.581663945031e-09 2.112452166864e-08 5.610524395223e-08 1.923967997026e-08 7.454607140152e-09 1.558555072509e-09 1.467369799714e-10 3.887445522018e-12 6.170544449083e-15 
3.662251725905e-11 1.265906864123e-09 7.794475252399e-09 1.923967997026e-08 5.245333987735e-08 1.682744523313e-08 6.222205292702e-09 1.042587818649e-09 5.141913364981e-11 1.786829672718e-13 
2.222479062579e-12 1.522160182124e-10 1.688913406356e-09 7.454607140152e-09 1.682744523313e-08 4.918846754211e-08 1.409504915265e-08 4.400146913249e-09 4.249970912210e-10 3.399700005334e-12 
7.509103116111e-14 1.034948271447e-11 2.029676139531e-10 1.558555072509e-09 6.222205292702e-09 1.409504915265e-08 4.605591800953e-08 1.105536931550e-08 2.276854760762e-09 4.689704042932e-11 
1.070182175708e-15 3.095014306547e-13 1.095600819327e-11 1.467369799714e-10 1.042587818649e-09 4.400146913249e-09 1.105536931550e-08 4.298622363478e-08 7.423886724215e-09 4.772573549433e-10 
3.484491232661e-18 2.277996913271e-15 1.570748361273e-13 3.887445522018e-12 5.141913364981e-11 4.249970912210e-10 2.276854760762e-09 7.423886724215e-09 3.964488607519e-08 3.267990720174e-09 
4.087625721084e-22 7.073142355726e-19 1.133371703166e-16 6.170544449083e-15 1.786829672718e-13 3.399700005334e-12 4.689704042932e-11 4.772573549433e-10 3.267990720174e-09 3.450002427745e-08 
