4.495725218076e-07 1.540843158669e-07 2.864001692134e-08 3.646293228362e-09 3.332469603204e-10 2.014530709128e-11 6.899221677308e-13 1.010166167844e-14 3.474659787220e-17 4.478889080021e-21 
1.540843158669e-07 3.816363440425e-07 1.996829899164e-07 6.022712439760e-08 1.147235779717e-08 1.388500828400e-09 9.622700974524e-11 2.972935849784e-12 2.321015864383e-14 7.885235487554e-18 
2.864001692134e-08 1.996829899164e-07 3.202736707344e-07 1.916260339748e-07 7.079493025076e-08 1.554442365215e-08 1.910706934719e-09 1.071682397636e-10 1.631024629833e-12 1.286432779294e-15 
3.646293228362e-09 6.022712439760e-08 1.916260339748e-07 2.813259418941e-07 1.762167067097e-07 6.943161034498e-08 1.489990745503e-08 1.464004617443e-09 4.110159461783e-11 7.144678910286e-14 
3.332469603204e-10 1.147235779717e-08 7.079493025076e-08 1.762167067097e-07 2.533246222312e-07 1.593107536424e-07 6.073626536649e-08 1.063755889582e-08 5.541665767842e-10 2.116423033928e-12 
2.014530709128e-11 1.388500828400e-09 1.554442365215e-08 6.943161034498e-08 1.593107536424e-07 2.316902674143e-07 1.414338677463e-07 4.605755133876e-08 4.687684018064e-09 4.136615685532e-11 
6.899221677308e-13 9.622700974524e-11 1.910706934719e-09 1.489990745503e-08 6.073626536649e-08 1.414338677463e-07 2.133964228156e-07 1.192256519154e-07 2.592846053280e-08 5.902060201213e-10 
1.010166167844e-14 2.972935849784e-12 1.071682397636e-10 1.464004617443e-09 1.063755889582e-08 4.605755133876e-08 1.192256519154e-07 1.941059401843e-07 8.873621050477e-08 6.282560619386e-09 
3.474659787220e-17 2.321015864383e-14 1.631024629833e-12 4.110159461783e-11 5.541665767842e-10 4.687684018064e-09 2.592846053280e-08 8.873621050477e-08 1.752325046028e-07 4.576632774739e-08 
4.478889080021e-21 7.885235487554e-18 1.286432779294e-15 7.144678910286e-14 2.116423033928e-12 4.136615685532e-11 5.902060201213e-10 6.282560619386e-09 4.576632774739e-08 1.256206771123e-07 
