3.710120692424e-07 1.261237989761e-07 2.333541779627e-08 2.939872013045e-09 2.650367589099e-10 1.582795152559e-11 5.358821625897e-13 7.758174984925e-15 2.631617611363e-17 3.346857060077e-21 
1.261237989761e-07 3.164933070949e-07 1.615548306377e-07 4.811553383233e-08 9.053855011346e-09 1.083740140704e-09 7.431927179508e-11 2.271786398345e-12 1.750356998720e-14 5.884461360120e-18 
2.333541779627e-08 1.615548306377e-07 2.619927294004e-07 1.517083378954e-07 5.548550878684e-08 1.206440639683e-08 1.468920054673e-09 8.152317296061e-11 1.226094107434e-12 9.586366928923e-16 
2.939872013045e-09 4.811553383233e-08 1.517083378954e-07 2.268817303266e-07 1.371481699019e-07 5.358833178998e-08 1.140123019863e-08 1.108759204539e-09 3.082151568961e-11 5.314476853918e-14 
2.650367589099e-10 9.053855011346e-09 5.548550878684e-08 1.371481699019e-07 2.021867459259e-07 1.222486838611e-07 4.622578114553e-08 8.020845623656e-09 4.147131840379e-10 1.570450540737e-12 
1.582795152559e-11 1.083740140704e-09 1.206440639683e-08 5.358833178998e-08 1.222486838611e-07 1.833220744272e-07 1.069848710322e-07 3.458465256520e-08 3.501091005185e-09 3.059169549341e-11 
5.358821625897e-13 7.431927179508e-11 1.468920054673e-09 1.140123019863e-08 4.622578114553e-08 1.069848710322e-07 1.674449214906e-07 8.921877345325e-08 1.931389734313e-08 4.343657782216e-10 
7.758174984925e-15 2.271786398345e-12 8.152317296061e-11 1.108759204539e-09 8.020845623656e-09 3.458465256520e-08 8.921877345325e-08 1.519411262143e-07 6.576199405805e-08 4.591796805690e-09 
2.631617611363e-17 1.750356998720e-14 1.226094107434e-12 3.082151568961e-11 4.147131840379e-10 3.501091005185e-09 1.931389734313e-08 6.576199405805e-08 1.360482723436e-07 3.322963799267e-08 
3.346857060077e-21 5.884461360120e-18 9.586366928923e-16 5.314476853918e-14 1.570450540737e-12 3.059169549341e-11 4.343657782216e-10 4.591796805690e-09 3.322963799267e-08 9.945392960378e-08 
