6.0442518393102676e-08 1.5447025819013452e-08 3.1535238810474092e-09 4.2124968953948496e-10 3.9269907145159013e-11 2.3765135231394046e-12 8.0204899057476693e-14 1.1389195639648221e-15 3.7059142342121369e-18 4.3297616823332893e-22 
1.5447025819013452e-08 6.6594905865979613e-08 2.2839615124150355e-08 7.0649026145520247e-09 1.3548281313682923e-09 1.6266874732471215e-10 1.1036540251463710e-11 3.2905369907598181e-13 2.4231212002055555e-15 7.4871523074067415e-19 
3.1535238810474092e-09 2.2839615124150355e-08 6.2386155573441418e-08 2.2625382839632389e-08 8.3326333167103965e-09 1.8034400070678771e-09 2.1609481730792983e-10 1.1648221040474318e-11 1.6699030878271551e-13 1.1995758388134112e-16 
4.2124968953948496e-10 7.0649026145520247e-09 2.2625382839632389e-08 5.8036078021686342e-08 2.0554344822911898e-08 7.9477673912126368e-09 1.6574516229634646e-09 1.5605481385385587e-10 4.1282907513696132e-12 6.5334522272571575e-15 
3.9269907145159013e-11 1.3548281313682923e-09 8.3326333167103965e-09 2.0554344822911898e-08 5.4069346094600488e-08 1.7905468126794116e-08 6.6151705605510979e-09 1.1088450556510701e-09 5.4529122004368653e-11 1.8933879312443938e-13 
2.3765135231394046e-12 1.6266874732471215e-10 1.8034400070678771e-09 7.9477673912126368e-09 1.7905468126794116e-08 5.0512682684401121e-08 1.4991408716223660e-08 4.6756302542884174e-09 4.5012016487423779e-10 3.6061357904044600e-12 
8.0204899057476693e-14 1.1036540251463710e-11 2.1609481730792983e-10 1.6574516229634646e-09 6.6151705605510979e-09 1.4991408716223660e-08 4.7182298164715126e-08 1.1723221731778581e-08 2.4103894514911906e-09 4.9791206265534575e-11 
1.1389195639648221e-15 3.2905369907598181e-13 1.1648221040474318e-11 1.5605481385385587e-10 1.1088450556510701e-09 4.6756302542884174e-09 1.1723221731778581e-08 4.3853046993490903e-08 7.8693727119679739e-09 5.0662898629085119e-10 
3.7059142342121369e-18 2.4231212002055555e-15 1.6699030878271551e-13 4.1282907513696132e-12 5.4529122004368653e-11 4.5012016487423779e-10 2.4103894514911906e-09 7.8693727119679739e-09 4.0349254918390041e-08 3.4597839677945433e-09 
4.3297616823332893e-22 7.4871523074067415e-19 1.1995758388134112e-16 6.5334522272571575e-15 1.8933879312443938e-13 3.6061357904044600e-12 4.9791206265534575e-11 5.0662898629085119e-10 3.4597839677945433e-09 3.4874304807145871e-08 
