2.7031292939380608e-07 9.1531668509715750e-08 1.6887826905201763e-08 2.1143774874681888e-09 1.8907543457860617e-10 1.1155231924475249e-11 3.7197344947096044e-13 5.2903238419784415e-15 1.7555383172083109e-17 2.1696890861133670e-21 
9.1531668509715750e-08 2.3704259208572785e-07 1.1639165166850566e-07 3.4429463525127455e-08 6.4125290703206774e-09 7.5733483227066467e-10 5.1142702390445463e-11 1.5366124816321042e-12 1.1594277201573630e-14 3.7980372713942421e-18 
1.6887826905201763e-08 1.1639165166850566e-07 1.9569555743054390e-07 1.0779362581867722e-07 3.8983756994233531e-08 8.3641683915916847e-09 1.0033340267572186e-09 5.4754901162066089e-11 8.0729487478274490e-13 6.1604526864807393e-16 
2.1143774874681888e-09 3.4429463525127455e-08 1.0779362581867722e-07 1.6805241700418742e-07 9.5467006772829697e-08 3.6837362022247476e-08 7.7285766591159116e-09 7.3955940758818756e-10 2.0182358549050288e-11 3.3993459971617514e-14 
1.8907543457860617e-10 6.4125290703206774e-09 3.8983756994233531e-08 9.5467006772829697e-08 1.4805517556036281e-07 8.3248435762385711e-08 3.1071823509944673e-08 5.3107200737751226e-09 2.7006661776592617e-10 9.9938082987068340e-13 
1.1155231924475249e-11 7.5733483227066467e-10 8.3641683915916847e-09 3.6837362022247476e-08 8.3248435762385711e-08 1.3272794182159408e-07 7.1223007754316708e-08 2.2715664866537987e-08 2.2659186808286525e-09 1.9355565536935247e-11 
3.7197344947096044e-13 5.1142702390445463e-11 1.0033340267572186e-09 7.7285766591159116e-09 3.1071823509944673e-08 7.1223007754316708e-08 1.1991104189936906e-07 5.8089947921643327e-08 1.2402369688465202e-08 2.7303436108766353e-10 
5.2903238419784415e-15 1.5366124816321042e-12 5.4754901162066089e-11 7.3955940758818756e-10 5.3107200737751226e-09 2.2715664866537987e-08 5.8089947921643327e-08 1.0793916820125026e-07 4.1768347001284891e-08 2.8663873485916543e-09 
1.7555383172083109e-17 1.1594277201573630e-14 8.0729487478274490e-13 2.0182358549050288e-11 2.7006661776592617e-10 2.2659186808286525e-09 1.2402369688465202e-08 4.1768347001284891e-08 9.5774341685986455e-08 2.0627301295911119e-08 
2.1696890861133670e-21 3.7980372713942421e-18 6.1604526864807393e-16 3.3993459971617514e-14 9.9938082987068340e-13 1.9355565536935247e-11 2.7303436108766353e-10 2.8663873485916543e-09 2.0627301295911119e-08 7.1835838371811918e-08 
