6.8024380274227978e-08 1.8732322408253577e-08 3.7795229362355350e-09 5.0001105877165280e-10 4.6242331593021486e-11 2.7796003941606996e-12 9.3259289694889024e-14 1.3173104899233632e-15 4.2659293760174309e-18 4.9646196942178860e-22 
1.8732322408253577e-08 7.4308342828510986e-08 2.7176578508241590e-08 8.3401898721924955e-09 1.5885233310948783e-09 1.8960442494499827e-10 1.2798127440604529e-11 3.7983689955824638e-13 2.7860917344341670e-15 8.5819085773106519e-19 
3.7795229362355350e-09 2.7176578508241590e-08 6.8600443345970115e-08 2.6574818196964664e-08 9.7332851391083964e-09 2.0962114519194496e-09 2.5006127919244660e-10 1.3425825737364414e-11 1.9183686325516806e-13 1.3746433205604644e-16 
5.0001105877165280e-10 8.3401898721924955e-09 2.6574818196964664e-08 6.3077676504140041e-08 2.3923685120274396e-08 9.2135257674112280e-09 1.9142790289990177e-09 1.7963907768499146e-10 4.7390584160662625e-12 7.4858782798432663e-15 
4.6242331593021486e-11 1.5885233310948783e-09 9.7332851391083964e-09 2.3923685120274396e-08 5.8207097775774674e-08 2.0703254328039491e-08 7.6259364242108365e-09 1.2748878545970973e-09 6.2555373177753177e-11 2.1693128336266374e-13 
2.7796003941606996e-12 1.8960442494499827e-10 2.0962114519194496e-09 9.2135257674112280e-09 2.0703254328039491e-08 5.3934148683901131e-08 1.7251219893842109e-08 5.3695556266171411e-09 5.1606632488705772e-10 4.1320254105696112e-12 
9.3259289694889024e-14 1.2798127440604529e-11 2.5006127919244660e-10 1.9142790289990177e-09 7.6259364242108365e-09 1.7251219893842109e-08 5.0006921983185497e-08 1.3448486230688489e-08 2.7622229888902428e-09 5.7069076186173637e-11 
1.3173104899233632e-15 3.7983689955824638e-13 1.3425825737364414e-11 1.7963907768499146e-10 1.2748878545970973e-09 5.3695556266171411e-09 1.3448486230688489e-08 4.6140000574684394e-08 9.0166982144878471e-09 5.8109181240397329e-10 
4.2659293760174309e-18 2.7860917344341670e-15 1.9183686325516806e-13 4.7390584160662625e-12 6.2555373177753177e-11 5.1606632488705772e-10 2.7622229888902428e-09 9.0166982144878471e-09 4.2128934260741628e-08 3.9749057928128806e-09 
4.9646196942178860e-22 8.5819085773106519e-19 1.3746433205604644e-16 7.4858782798432663e-15 2.1693128336266374e-13 4.1320254105696112e-12 5.7069076186173637e-11 5.8109181240397329e-10 3.9749057928128806e-09 3.5903129784214686e-08 
