1.6843899493896895e-07 5.6781582228013683e-08 1.0655487431956760e-08 1.3409298711507090e-09 1.1971075673996250e-10 7.0164692661882254e-12 2.3136117868644648e-13 3.2364769777385474e-15 1.0483126709991317e-17 1.2454198415472875e-21 
5.6781582228013683e-08 1.5969494061468016e-07 7.3765593061289682e-08 2.1821713161273217e-08 4.0450945012080753e-09 4.7352458811363623e-10 3.1566915158115183e-11 9.3199750191578830e-13 6.8648792800173318e-15 2.1648277236560965e-18 
1.0655487431956760e-08 7.3765593061289682e-08 1.3439927198839172e-07 6.8115493486033686e-08 2.4468352360539644e-08 5.1966935189453039e-09 6.1481972670291597e-10 3.2952209209729998e-11 4.7429423943634451e-13 3.4877528377782069e-16 
1.3409298711507090e-09 2.1821713161273217e-08 6.8115493486033686e-08 1.1609058621883582e-07 5.9511002534308155e-08 2.2714041191054403e-08 4.6985959526217488e-09 4.4154563561582969e-10 1.1766007651748583e-11 1.9114286519517351e-14 
1.1971075673996250e-10 4.0450945012080753e-09 2.4468352360539644e-08 5.9511002534308155e-08 1.0225116576463305e-07 5.0855802913334099e-08 1.8715879128076280e-08 3.1425177913075528e-09 1.5613775867564829e-10 5.5792931457160340e-13 
7.0164692661882254e-12 4.7352458811363623e-10 5.1966935189453039e-09 2.2714041191054403e-08 5.0855802913334099e-08 9.1337255183370766e-08 4.2426560852596014e-08 1.3299993318496410e-08 1.2973318051973862e-09 1.0720534110528474e-11 
2.3136117868644648e-13 3.1566915158115183e-11 6.1481972670291597e-10 4.6985959526217488e-09 1.8715879128076280e-08 4.2426560852596014e-08 8.2101717066154394e-08 3.3574273275229074e-08 7.0152872877051737e-09 1.4979695475301640e-10 
3.2364769777385474e-15 9.3199750191578830e-13 3.2952209209729998e-11 4.4154563561582969e-10 3.1425177913075528e-09 1.3299993318496410e-08 3.3574273275229074e-08 7.3543825088304601e-08 2.3258690030926603e-08 1.5524269366590266e-09 
1.0483126709991317e-17 6.8648792800173318e-15 4.7429423943634451e-13 1.1766007651748583e-11 1.5613775867564829e-10 1.2973318051973862e-09 7.0152872877051737e-09 2.3258690030926603e-08 6.5053777012106145e-08 1.0947996557154725e-08 
1.2454198415472875e-21 2.1648277236560965e-18 3.4877528377782069e-16 1.9114286519517351e-14 5.5792931457160340e-13 1.0720534110528474e-11 1.4979695475301640e-10 1.5524269366590266e-09 1.0947996557154725e-08 5.0661196323412964e-08 
