2.3656255648916577e-07 8.0126975895653779e-08 1.4821881724653113e-08 1.8547255776198722e-09 1.6548960594780920e-10 9.7301475608825007e-12 3.2289113050405353e-13 4.5627672674516411e-15 1.5016951883999204e-17 1.8333735436393638e-21 
8.0126975895653779e-08 2.1145820117974029e-07 1.0213175434804507e-07 3.0160548175267756e-08 5.6012152067361031e-09 6.5885854932627089e-10 4.4258160057574086e-11 1.3212597267396937e-12 9.8908170809864475e-15 3.2026148251186660e-18 
1.4821881724653113e-08 1.0213175434804507e-07 1.7497832617267107e-07 9.4240458285352320e-08 3.3971548250014384e-08 7.2573507265608540e-09 8.6588887322639836e-10 4.6957447496705929e-11 6.8700320320331491e-13 5.1842951556548421e-16 
1.8547255776198722e-09 3.0160548175267756e-08 9.4240458285352320e-08 1.5013999019137715e-07 8.2947474289982014e-08 3.1866095698602132e-08 6.6509198163252585e-09 6.3258955345283483e-10 1.7134065212338146e-11 2.8549380092360573e-14 
1.6548960594780920e-10 5.6012152067361031e-09 3.3971548250014384e-08 8.2947474289982014e-08 1.3196087280388992e-07 7.1763150990592955e-08 2.6654812633307591e-08 4.5296018517775254e-09 2.2869662591954330e-10 8.3757896254175794e-13 
9.7301475608825007e-12 6.5885854932627089e-10 7.2573507265608540e-09 3.1866095698602132e-08 7.1763150990592955e-08 1.1795212432671162e-07 6.0876640452117574e-08 1.9310373568361058e-08 1.9132275183916099e-09 1.6185508258232280e-11 
3.2289113050405353e-13 4.4258160057574086e-11 8.6588887322639836e-10 6.6509198163252585e-09 2.6654812633307591e-08 6.0876640452117574e-08 1.0625483633559023e-07 4.9187028783902574e-08 1.0434377599952635e-08 2.2772907325167888e-10 
4.5627672674516411e-15 1.3212597267396937e-12 4.6957447496705929e-11 6.3258955345283483e-10 4.5296018517775254e-09 1.9310373568361058e-08 4.9187028783902574e-08 9.5391372858594374e-08 3.4981002734146241e-08 2.3827474646119341e-09 
1.5016951883999204e-17 9.8908170809864475e-15 6.8700320320331491e-13 1.7134065212338146e-11 2.2869662591954330e-10 1.9132275183916099e-09 1.0434377599952635e-08 3.4981002734146241e-08 8.4475008440401622e-08 1.7052271160119452e-08 
1.8333735436393638e-21 3.2026148251186660e-18 5.1842951556548421e-16 2.8549380092360573e-14 8.3757896254175794e-13 1.6185508258232280e-11 2.2772907325167888e-10 2.3827474646119341e-09 1.7052271160119452e-08 6.3976932185995633e-08 
