1.2303118034458171e-07 4.0463623439081650e-08 7.7517466495096688e-09 9.8757459052914693e-10 8.8806110168832932e-11 5.2246788580332676e-12 1.7240610871827402e-13 2.4057283673151202e-15 7.7373915413906031e-18 9.0429649462600927e-22 
4.0463623439081650e-08 1.2356510204108648e-07 5.4174872421505736e-08 1.6155254136413858e-08 3.0086686861298782e-09 3.5285534246471567e-10 2.3502674771642141e-11 6.9126881172295576e-13 5.0509690020039223e-15 1.5667285791418109e-18 
7.7517466495096688e-09 5.4174872421505736e-08 1.0675014014261338e-07 5.0614151397428287e-08 1.8225867996328574e-08 3.8719011639865436e-09 4.5714402010251270e-10 2.4383962531015283e-11 3.4789439817302148e-13 2.5159754121423007e-16 
9.8757459052914693e-10 1.6155254136413858e-08 5.0614151397428287e-08 9.3655030542265070e-08 4.4347516897877634e-08 1.6908432105717531e-08 3.4870628635688212e-09 3.2586224482923851e-10 8.6023736435257978e-12 1.3741585512940847e-14 
8.8806110168832932e-11 3.0086686861298782e-09 1.8225867996328574e-08 4.4347516897877634e-08 8.3342306465769631e-08 3.7788099870046094e-08 1.3853116494555640e-08 2.3115530501810079e-09 1.1373917999157133e-10 3.9960486743387372e-13 
5.2246788580332676e-12 3.5285534246471567e-10 3.8719011639865436e-09 1.6908432105717531e-08 3.7788099870046094e-08 7.4973928282733030e-08 3.1285920964816856e-08 9.7415616740954442e-09 9.4085488267322827e-10 7.6448332032527622e-12 
1.7240610871827402e-13 2.3502674771642141e-11 4.5714402010251270e-10 3.4870628635688212e-09 1.3853116494555640e-08 3.1285920964816856e-08 6.7743300595697443e-08 2.4454011411974609e-08 5.0581867183700292e-09 1.0622363231908009e-10 
2.4057283673151202e-15 6.9126881172295576e-13 2.4383962531015283e-11 3.2586224482923851e-10 2.3115530501810079e-09 9.7415616740954442e-09 2.4454011411974609e-08 6.0979477285727549e-08 1.6634377246145653e-08 1.0919577742758680e-09 
7.7373915413906031e-18 5.0509690020039223e-15 3.4789439817302148e-13 8.6023736435257978e-12 1.1373917999157133e-10 9.4085488267322827e-10 5.0581867183700292e-09 1.6634377246145653e-08 5.4236647121330814e-08 7.6001390133541145e-09 
9.0429649462600927e-22 1.5667285791418109e-18 2.5159754121423007e-16 1.3741585512940847e-14 3.9960486743387372e-13 7.6448332032527622e-12 1.0622363231908009e-10 1.0919577742758680e-09 7.6001390133541145e-09 4.3447912961159154e-08 
