1.3359646437148019e-07 4.4350609544742223e-08 8.4457668823259232e-09 1.0719276807255373e-09 9.6157430150779074e-11 5.6485407889252477e-12 1.8625257039831389e-13 2.5989362870066273e-15 8.3679718685777009e-18 9.8143267792659709e-22 
4.4350609544742223e-08 1.3219863349867217e-07 5.8854316905086660e-08 1.7504989947313324e-08 3.2543996023691091e-09 3.8128807456764990e-10 2.5388080249235036e-11 7.4698175817309255e-13 5.4660815365980070e-15 1.7016085710596834e-18 
8.4457668823259232e-09 5.8854316905086660e-08 1.1333965562213686e-07 5.4769661319786603e-08 1.9700462930273111e-08 4.1828489608949861e-09 4.9385070445425616e-10 2.6358973479961513e-11 3.7673375673318844e-13 2.7345779182455951e-16 
1.0719276807255373e-09 1.7504989947313324e-08 5.4769661319786603e-08 9.8959268711254835e-08 4.7913709687249643e-08 1.8264955295695795e-08 3.7678282907147141e-09 3.5242954317034486e-10 9.3220507056796687e-12 1.4947280810446424e-14 
9.6157430150779074e-11 3.2543996023691091e-09 1.9700462930273111e-08 4.7913709687249643e-08 8.7765675931371547e-08 4.0824773750093898e-08 1.4974500593947069e-08 2.5016780076841470e-09 1.2335323434047874e-10 4.3505054152753024e-13 
5.6485407889252477e-12 3.8128807456764990e-10 4.1828489608949861e-09 1.8264955295695795e-08 4.0824773750093898e-08 7.8752649234953110e-08 3.3841883515449279e-08 1.0552382715258391e-08 1.0213847241978363e-09 8.3317144120558145e-12 
1.8625257039831389e-13 2.5388080249235036e-11 4.9385070445425616e-10 3.7678282907147141e-09 1.4974500593947069e-08 3.3841883515449279e-08 7.1019751792980446e-08 2.6521818275220558e-08 5.4983185475719540e-09 1.1592637465897342e-10 
2.5989362870066273e-15 7.4698175817309255e-13 2.6358973479961513e-11 3.5242954317034486e-10 2.5016780076841470e-09 1.0552382715258391e-08 2.6521818275220558e-08 6.3810463556933056e-08 1.8116270502181500e-08 1.1940691340173489e-09 
8.3679718685777009e-18 5.4660815365980070e-15 3.7673375673318844e-13 9.3220507056796687e-12 1.2335323434047874e-10 1.0213847241978363e-09 5.4983185475719540e-09 1.8116270502181500e-08 5.6640697247426328e-08 8.3370924155250139e-09 
9.8143267792659709e-22 1.7016085710596834e-18 2.7345779182455951e-16 1.4947280810446424e-14 4.3505054152753024e-13 8.3317144120558145e-12 1.1592637465897342e-10 1.1940691340173489e-09 8.3370924155250139e-09 4.5019399600616868e-08 
