1.223598295935e-05 4.568149952748e-06 8.653712690602e-07 1.112166455285e-07 1.011630142340e-08 6.011785153057e-10 1.998888209269e-11 2.801760407147e-13 9.011864691317e-16 1.043096586966e-19 
4.568149952748e-06 1.067128472730e-05 6.082941206647e-06 1.833364039090e-06 3.449484244767e-07 4.078930309524e-08 2.732142344853e-09 8.055970918813e-11 5.876029367476e-13 1.802253918640e-16 
8.653712690602e-07 6.082941206647e-06 8.927325325837e-06 5.787793169184e-06 2.100873248790e-06 4.490572559668e-07 5.322166333751e-08 2.841474435202e-09 4.040947355577e-11 2.885813094600e-14 
1.112166455285e-07 1.833364039090e-06 5.787793169184e-06 7.564416823656e-06 5.135491858489e-06 1.966031417440e-06 4.063092915874e-07 3.794979549827e-08 9.972458952917e-10 1.571090993212e-12 
1.011630142340e-08 3.449484244767e-07 2.100873248790e-06 5.135491858489e-06 6.435949492095e-06 4.401309394696e-06 1.614344022317e-06 2.688652990839e-07 1.315195812868e-08 4.551849428755e-11 
6.011785153057e-10 4.078930309524e-08 4.490572559668e-07 1.966031417440e-06 4.401309394696e-06 5.478677287741e-06 3.642666458014e-06 1.130556790032e-06 1.084141628280e-07 8.668808195840e-10 
1.998888209269e-11 2.732142344853e-09 5.322166333751e-08 4.063092915874e-07 1.614344022317e-06 3.642666458014e-06 4.620921564499e-06 2.827398900172e-06 5.798822386299e-07 1.197167968176e-08 
2.801760407147e-13 8.055970918813e-11 2.841474435202e-09 3.794979549827e-08 2.688652990839e-07 1.130556790032e-06 2.827398900172e-06 3.794274790520e-06 1.891921505383e-06 1.218989747933e-07 
9.011864691317e-16 5.876029367476e-13 4.040947355577e-11 9.972458952917e-10 1.315195812868e-08 1.084141628280e-07 5.798822386299e-07 1.891921505383e-06 2.949085025744e-06 8.339626513324e-07 
1.043096586966e-19 1.802253918640e-16 2.885813094600e-14 1.571090993212e-12 4.551849428755e-11 8.668808195840e-10 1.197167968176e-08 1.218989747933e-07 8.339626513324e-07 1.642259017519e-06 
