1.223599863272e-05 4.568152695520e-06 8.653718005878e-07 1.112167145978e-07 1.011630774812e-08 6.011788932248e-10 1.998889474927e-11 2.801762211368e-13 9.011870929663e-16 1.043108243090e-19 
4.568152695520e-06 1.067128384330e-05 6.082940785393e-06 1.833363924621e-06 3.449484043765e-07 4.078930085834e-08 2.732142207455e-09 8.055970600514e-11 5.876029418987e-13 1.802272826203e-16 
8.653718005878e-07 6.082940785393e-06 8.927324832427e-06 5.787792887726e-06 2.100873155378e-06 4.490572375404e-07 5.322166139584e-08 2.841474362164e-09 4.040947446795e-11 2.885843409703e-14 
1.112167145978e-07 1.833363924621e-06 5.787792887726e-06 7.564416508535e-06 5.135491665148e-06 1.966031350166e-06 4.063092795332e-07 3.794979478144e-08 9.972459245993e-10 1.571107508034e-12 
1.011630774812e-08 3.449484043765e-07 2.100873155378e-06 5.135491665148e-06 6.435949277555e-06 4.401309262429e-06 1.614343981150e-06 2.688652951256e-07 1.315195856999e-08 4.551897295354e-11 
6.011788932248e-10 4.078930085834e-08 4.490572375404e-07 1.966031350166e-06 4.401309262429e-06 5.478677142638e-06 3.642666377616e-06 1.130556777265e-06 1.084141668376e-07 8.668899385525e-10 
1.998889474927e-11 2.732142207455e-09 5.322166139584e-08 4.063092795332e-07 1.614343981150e-06 3.642666377616e-06 4.620921484031e-06 2.827398881110e-06 5.798822627155e-07 1.197180566978e-08 
2.801762211368e-13 8.055970600514e-11 2.841474362164e-09 3.794979478144e-08 2.688652951256e-07 1.130556777265e-06 2.827398881110e-06 3.794274805721e-06 1.891921604356e-06 1.219002589523e-07 
9.011870929663e-16 5.876029418987e-13 4.040947446795e-11 9.972459245993e-10 1.315195856999e-08 1.084141668376e-07 5.798822627155e-07 1.891921604356e-06 2.949085319559e-06 8.339714770714e-07 
1.043108243090e-19 1.802272826203e-16 2.885843409703e-14 1.571107508034e-12 4.551897295354e-11 8.668899385525e-10 1.197180566978e-08 1.219002589523e-07 8.339714770714e-07 1.642293018058e-06 
