1.404439450642e-07 4.675966607773e-08 8.870787319546e-09 1.123446508142e-09 1.006327181808e-10 5.911085613742e-12 1.947383898138e-13 2.720480770159e-15 8.774928116235e-18 1.032158825434e-21 
4.675966607773e-08 1.374934821041e-07 6.171538819951e-08 1.832653299597e-08 3.405527005359e-09 3.988457016698e-10 2.654672111219e-11 7.829277621952e-13 5.728971652790e-15 1.792737993068e-18 
8.870787319546e-09 6.171538819951e-08 1.173520323115e-07 5.731229657347e-08 2.061361917047e-08 4.373586587306e-09 5.168320260048e-10 2.764167463532e-11 3.947902503091e-13 2.885200565797e-16 
1.123446508142e-09 1.832653299597e-08 5.731229657347e-08 1.022435655761e-07 5.010831861007e-08 1.910047187552e-08 3.947696508605e-09 3.695423306275e-10 9.774310571474e-12 1.578613177376e-14 
1.006327181808e-10 3.405527005359e-09 2.061361917047e-08 5.010831861007e-08 9.048067189686e-08 4.274383059243e-08 1.570251933990e-08 2.622100306488e-09 1.295182708689e-10 4.596642152969e-13 
5.911085613742e-12 3.988457016698e-10 4.373586587306e-09 1.910047187552e-08 4.274383059243e-08 8.120357016319e-08 3.548175032625e-08 1.106077444386e-08 1.074823952716e-09 8.801671658736e-12 
1.947383898138e-13 2.654672111219e-11 5.168320260048e-10 3.947696508605e-09 1.570251933990e-08 3.548175032625e-08 7.307420405154e-08 2.784984590526e-08 5.800799252812e-09 1.223801204513e-10 
2.720480770159e-15 7.829277621952e-13 2.764167463532e-11 3.695423306275e-10 2.622100306488e-09 1.106077444386e-08 2.784984590526e-08 6.573354955296e-08 1.913764698659e-08 1.260037526992e-09 
8.774928116235e-18 5.728971652790e-15 3.947902503091e-13 9.774310571474e-12 1.295182708689e-10 1.074823952716e-09 5.800799252812e-09 1.913764698659e-08 5.821712085249e-08 8.831824989269e-09 
1.032158825434e-21 1.792737993068e-18 2.885200565797e-16 1.578613177376e-14 4.596642152969e-13 8.801671658736e-12 1.223801204513e-10 1.260037526992e-09 8.831824989269e-09 4.614995017849e-08 
