7.337645972113e-08 2.095252082799e-08 4.192583612369e-09 5.510765751315e-10 5.073035388704e-11 3.036543217677e-12 1.014941356379e-13 1.431460891927e-15 4.615608706957e-18 5.380183585313e-22 
2.095252082799e-08 7.941659935597e-08 3.000200963395e-08 9.161636764049e-09 1.738317075595e-09 2.066231123146e-10 1.391846563268e-11 4.121252143490e-13 3.013235957463e-15 9.297800409665e-19 
4.192583612369e-09 3.000200963395e-08 7.260595835948e-08 2.911258766860e-08 1.062299396445e-08 2.281200933959e-09 2.717620388675e-10 1.454469429929e-11 2.075610017871e-13 1.488368830963e-16 
5.510765751315e-10 9.161636764049e-09 2.911258766860e-08 6.628729802448e-08 2.604954932518e-08 1.001901233847e-08 2.077891796115e-09 1.943908232615e-10 5.131100839337e-12 8.098367034767e-15 
5.073035388704e-11 1.738317075595e-09 1.062299396445e-08 2.604954932518e-08 6.083505968620e-08 2.249122175732e-08 8.262967306384e-09 1.379021040888e-09 6.777125195902e-11 2.344870034363e-13 
3.036543217677e-12 2.066231123146e-10 2.281200933959e-09 1.001901233847e-08 2.249122175732e-08 5.609788143969e-08 1.866347533637e-08 5.811494892618e-09 5.591578243559e-10 4.464272256494e-12 
1.014941356379e-13 1.391846563268e-11 2.717620388675e-10 2.077891796115e-09 8.262967306384e-09 1.866347533637e-08 5.179423111633e-08 1.457013839188e-08 2.990292934057e-09 6.168506188782e-11 
1.431460891927e-15 4.121252143490e-13 1.454469429929e-11 1.943908232615e-10 1.379021040888e-09 5.811494892618e-09 1.457013839188e-08 4.762987328061e-08 9.746025671216e-09 6.296100520946e-10 
4.615608706957e-18 3.013235957463e-15 2.075610017871e-13 5.131100839337e-12 6.777125195902e-11 5.591578243559e-10 2.990292934057e-09 9.746025671216e-09 4.327340966741e-08 4.326337834844e-09 
5.380183585313e-22 9.297800409665e-19 1.488368830963e-16 8.098367034767e-15 2.344870034363e-13 4.464272256494e-12 6.168506188782e-11 6.296100520946e-10 4.326337834844e-09 3.660123506181e-08 
