6.093321853872e-08 1.563063124622e-08 3.185249374483e-09 4.248201862988e-10 3.958154995873e-11 2.391884094685e-12 8.071093301976e-14 1.146014405227e-15 3.721601523363e-18 4.356170005355e-22 
1.563063124622e-08 6.699280739416e-08 2.304176779791e-08 7.121790933606e-09 1.364498509371e-09 1.636584909178e-10 1.111042218942e-11 3.307156208358e-13 2.435252335096e-15 7.526311557658e-19 
3.185249374483e-09 2.304176779791e-08 6.266321748939e-08 2.279610111051e-08 8.384893661201e-09 1.814932312077e-09 2.174589859680e-10 1.169897773543e-11 1.679780897120e-13 1.204722722964e-16 
4.248201862988e-10 7.121790933606e-09 2.279610111051e-08 5.822725865133e-08 2.068081310525e-08 8.000638153579e-09 1.666387372078e-09 1.567378717216e-10 4.155106723915e-12 6.556426168596e-15 
3.958154995873e-11 1.364498509371e-09 8.384893661201e-09 2.068081310525e-08 5.424163259900e-08 1.801310305985e-08 6.644474759691e-09 1.114497584721e-09 5.488407185189e-11 1.899355023653e-13 
2.391884094685e-12 1.636584909178e-10 1.814932312077e-09 8.000638153579e-09 1.801310305985e-08 5.061567170079e-08 1.505859305932e-08 4.704529633699e-09 4.527145357700e-10 3.618524502913e-12 
8.071093301976e-14 1.111042218942e-11 2.174589859680e-10 1.666387372078e-09 6.644474759691e-09 1.505859305932e-08 4.729349835153e-08 1.179926145536e-08 2.420770181877e-09 5.002185640287e-11 
1.146014405227e-15 3.307156208358e-13 1.169897773543e-11 1.567378717216e-10 1.114497584721e-09 4.704529633699e-09 1.179926145536e-08 4.392970115535e-08 7.896255067115e-09 5.100505996677e-10 
3.721601523363e-18 2.435252335096e-15 1.679780897120e-13 4.155106723915e-12 5.488407185189e-11 4.527145357700e-10 2.420770181877e-09 7.896255067115e-09 4.041824452865e-08 3.487040582459e-09 
4.356170005355e-22 7.526311557658e-19 1.204722722964e-16 6.556426168596e-15 1.899355023653e-13 3.618524502913e-12 5.002185640287e-11 5.100505996677e-10 3.487040582459e-09 3.491081476628e-08 
