3.406345502406e-07 1.155509357745e-07 2.134559645401e-08 2.686403685226e-09 2.413515738031e-10 1.432326883323e-11 4.821422457979e-13 6.942808414443e-15 2.340186537420e-17 2.957658224608e-21 
1.155509357745e-07 2.919994865762e-07 1.476576039917e-07 4.388570039523e-08 8.212999642710e-09 9.773877251639e-10 6.668451094441e-11 2.028471474984e-12 1.553187992995e-14 5.195474927444e-18 
2.134559645401e-08 1.476576039917e-07 2.415633204470e-07 1.378494716772e-07 5.014639172146e-08 1.085052264528e-08 1.315172256953e-09 7.264398040125e-11 1.086276142721e-12 8.452353898341e-16 
2.686403685226e-09 4.388570039523e-08 1.378494716772e-07 2.079028978011e-07 1.235152719417e-07 4.806810704115e-08 1.018623545486e-08 9.859342596889e-10 2.727710565228e-11 4.676765612737e-14 
2.413515738031e-10 8.212999642710e-09 5.014639172146e-08 1.235152719417e-07 1.843633166823e-07 1.093598269677e-07 4.120045671997e-08 7.116842006314e-09 3.667120310906e-10 1.378663170906e-12 
1.432326883323e-11 9.773877251639e-10 1.085052264528e-08 4.806810704115e-08 1.093598269677e-07 1.665587483929e-07 9.507746140666e-08 3.062592750403e-08 3.092570339100e-09 2.678397681107e-11 
4.821422457979e-13 6.668451094441e-11 1.315172256953e-09 1.018623545486e-08 4.120045671997e-08 9.507746140666e-08 1.515793661796e-07 7.889189073768e-08 1.702130786470e-08 3.794122448520e-10 
6.942808414443e-15 2.028471474984e-12 7.264398040125e-11 9.859342596889e-10 7.116842006314e-09 3.062592750403e-08 7.889189073768e-08 1.373835969992e-07 5.768093648912e-08 4.009908878664e-09 
2.340186537420e-17 1.553187992995e-14 1.086276142721e-12 2.727710565228e-11 3.667120310906e-10 3.092570339100e-09 1.702130786470e-08 5.768093648912e-08 1.224032972084e-07 2.914630951167e-08 
2.957658224608e-21 5.195474927444e-18 8.452353898341e-16 4.676765612737e-14 1.378663170906e-12 2.678397681107e-11 3.794122448520e-10 4.009908878664e-09 2.914630951167e-08 9.035925563737e-08 
