8.328556513308e-08 2.503520445564e-08 4.951902405132e-09 6.452613524504e-10 5.894377289994e-11 3.510509973532e-12 1.168540346095e-13 1.638157164308e-15 5.287793067477e-18 6.123225578938e-22 
2.503520445564e-08 8.881003404443e-08 3.520302823827e-08 1.067276637664e-08 2.012563405686e-09 2.384011660079e-10 1.596867110146e-11 4.716486221060e-13 3.448442874901e-15 1.059357896996e-18 
4.951902405132e-09 3.520302823827e-08 7.998636259038e-08 3.374930335041e-08 1.227242362198e-08 2.625016603575e-09 3.111667494166e-10 1.665693230748e-11 2.370784241130e-13 1.699057638157e-16 
6.452613524504e-10 1.067276637664e-08 3.374930335041e-08 7.221813176565e-08 3.002064486730e-08 1.149141913416e-08 2.377890744113e-09 2.226466500555e-10 5.849238512914e-12 9.266327180698e-15 
5.894377289994e-11 2.012563405686e-09 1.227242362198e-08 3.002064486730e-08 6.565825018589e-08 2.574018064400e-08 9.462001849755e-09 1.577740583966e-09 7.715793642813e-11 2.689220328151e-13 
3.510509973532e-12 2.384011660079e-10 2.625016603575e-09 1.149141913416e-08 2.574018064400e-08 6.013832647620e-08 2.137433741738e-08 6.632049184843e-09 6.367725991181e-10 5.128914263165e-12 
1.168540346095e-13 1.596867110146e-11 3.111667494166e-10 2.377890744113e-09 9.462001849755e-09 2.137433741738e-08 5.515043041033e-08 1.658771072503e-08 3.414856868794e-09 7.090331519981e-11 
1.638157164308e-15 4.716486221060e-13 1.665693230748e-11 2.226466500555e-10 1.577740583966e-09 6.632049184843e-09 1.658771072503e-08 5.035654520409e-08 1.118124100919e-08 7.223302755900e-10 
5.287793067477e-18 3.448442874901e-15 2.370784241130e-13 5.849238512914e-12 7.715793642813e-11 6.367725991181e-10 3.414856868794e-09 1.118124100919e-08 4.550691122476e-08 4.952886794535e-09 
6.123225578938e-22 1.059357896996e-18 1.699057638157e-16 9.266327180698e-15 2.689220328151e-13 5.128914263165e-12 7.090331519981e-11 7.223302755900e-10 4.952886794535e-09 3.793166101382e-08 
