9.655039001759e-08 3.031273546888e-08 5.918272930936e-09 7.637675465313e-10 6.932976708095e-11 4.102921979537e-12 1.360836371673e-13 1.903459581041e-15 6.115836737003e-18 7.116690917263e-22 
3.031273546888e-08 1.007904117114e-07 4.176702773860e-08 1.257650608640e-08 2.358071566272e-09 2.779053228330e-10 1.858571979915e-11 5.466336464903e-13 3.993510156928e-15 1.229875153474e-18 
5.918272930936e-09 4.176702773860e-08 8.927311689461e-08 3.960984644382e-08 1.432813510062e-08 3.056856142185e-09 3.616679687313e-10 1.927485434192e-11 2.750419590875e-13 1.970075253753e-16 
7.637675465313e-10 1.257650608640e-08 3.960984644382e-08 7.962519879569e-08 3.497137507327e-08 1.337225885124e-08 2.757949047282e-09 2.575838865993e-10 6.795627921638e-12 1.073494968897e-14 
6.932976708095e-11 2.358071566272e-09 1.432813510062e-08 3.497137507327e-08 7.179940777790e-08 2.989512874092e-08 1.095093564578e-08 1.827511837347e-09 8.969435080150e-11 3.115431574774e-13 
4.102921979537e-12 2.779053228330e-10 3.056856142185e-09 1.337225885124e-08 2.989512874092e-08 6.517975277804e-08 2.473160357582e-08 7.699035132519e-09 7.397447000580e-10 5.950037440347e-12 
1.360836371673e-13 1.858571979915e-11 3.616679687313e-10 2.757949047282e-09 1.095093564578e-08 2.473160357582e-08 5.946243049095e-08 1.928248824207e-08 3.959976831351e-09 8.254045772857e-11 
1.903459581041e-15 5.466336464903e-13 1.927485434192e-11 2.575838865993e-10 1.827511837347e-09 7.699035132519e-09 1.928248824207e-08 5.391024365331e-08 1.296327123064e-08 8.461543667344e-10 
6.115836737003e-18 3.993510156928e-15 2.750419590875e-13 6.795627921638e-12 8.969435080150e-11 7.397447000580e-10 3.959976831351e-09 1.296327123064e-08 4.840760053992e-08 5.840571502952e-09 
7.116690917263e-22 1.229875153474e-18 1.970075253753e-16 1.073494968897e-14 3.115431574774e-13 5.950037440347e-12 8.254045772857e-11 8.461543667344e-10 5.840571502952e-09 3.970047074000e-08 
