1.694204543245e-07 5.705114216609e-08 1.070149475692e-08 1.346734091335e-09 1.202015134598e-10 7.049202805701e-12 2.325952419087e-13 3.251693754976e-15 1.056462028328e-17 1.252374571118e-21 
5.705114216609e-08 1.602699021021e-07 7.408153723853e-08 2.191426463731e-08 4.062408438003e-09 4.760163720724e-10 3.171889970158e-11 9.373129648898e-13 6.918349866547e-15 2.178752676912e-18 
1.070149475692e-08 7.408153723853e-08 1.348545550836e-07 6.839682065646e-08 2.458840067466e-08 5.223855477443e-09 6.177436081169e-10 3.317868304305e-11 4.776513537456e-13 3.515031436509e-16 
1.346734091335e-09 2.191426463731e-08 6.839682065646e-08 1.165081852199e-07 5.982890923978e-08 2.282318546468e-08 4.724021912210e-09 4.449138546152e-10 1.183891888289e-11 1.929524461238e-14 
1.202015134598e-10 4.062408438003e-09 2.458840067466e-08 5.982890923978e-08 1.026138791115e-07 5.110452620809e-08 1.884184154104e-08 3.166496130103e-09 1.570197466705e-10 5.640899391530e-13 
7.049202805701e-12 4.760163720724e-10 5.223855477443e-09 2.282318546468e-08 5.110452620809e-08 9.173748619978e-08 4.275569078458e-08 1.338881066955e-08 1.305162771516e-09 1.085116056191e-11 
2.325952419087e-13 3.171889970158e-11 6.177436081169e-10 4.724021912210e-09 1.884184154104e-08 4.275569078458e-08 8.248338230498e-08 3.376340816277e-08 7.071956472114e-09 1.516411865302e-10 
3.251693754976e-15 9.373129648898e-13 3.317868304305e-11 4.449138546152e-10 3.166496130103e-09 1.338881066955e-08 3.376340816277e-08 7.386413787887e-08 2.352060195354e-08 1.568229275365e-09 
1.056462028328e-17 6.918349866547e-15 4.776513537456e-13 1.183891888289e-11 1.570197466705e-10 1.305162771516e-09 7.071956472114e-09 2.352060195354e-08 6.546733357361e-08 1.099633299047e-08 
1.252374571118e-21 2.178752676912e-18 3.515031436509e-16 1.929524461238e-14 5.640899391530e-13 1.085116056191e-11 1.516411865302e-10 1.568229275365e-09 1.099633299047e-08 5.064886818208e-08 
