1.344790433021e-07 4.460017264995e-08 8.486999924005e-09 1.076921448098e-09 9.656158377705e-11 5.674412903466e-12 1.871410282867e-13 2.609932383124e-15 8.425564429912e-18 9.861630756517e-22 
4.460017264995e-08 1.327173040327e-07 5.912976923659e-08 1.758217268390e-08 3.268345757849e-09 3.831577881247e-10 2.549510254729e-11 7.509110241663e-13 5.502266038419e-15 1.711436400983e-18 
8.486999924005e-09 5.912976923659e-08 1.137215880958e-07 5.499856970671e-08 1.979357327653e-08 4.202380535339e-09 4.959503862259e-10 2.652380672040e-11 3.789257180745e-13 2.754006606990e-16 
1.076921448098e-09 1.758217268390e-08 5.499856970671e-08 9.928669665613e-08 4.814698578787e-08 1.834194498793e-08 3.786516114055e-09 3.548039763110e-10 9.368874607393e-12 1.507471422202e-14 
9.656158377705e-11 3.268345757849e-09 1.979357327653e-08 4.814698578787e-08 8.802125770818e-08 4.100543414100e-08 1.506638299869e-08 2.517888367533e-09 1.239306180543e-10 4.392908346665e-13 
5.674412903466e-12 3.831577881247e-10 4.202380535339e-09 1.834194498793e-08 4.100543414100e-08 7.904676635379e-08 3.407150645538e-08 1.060995961809e-08 1.026780959318e-09 8.418970698384e-12 
1.871410282867e-13 2.549510254729e-11 4.959503862259e-10 3.786516114055e-09 1.506638299869e-08 3.407150645538e-08 7.126978085670e-08 2.664599372899e-08 5.538356399283e-09 1.171160726030e-10 
2.609932383124e-15 7.509110241663e-13 2.652380672040e-11 3.548039763110e-10 2.517888367533e-09 1.060995961809e-08 2.664599372899e-08 6.403651174547e-08 1.829447178673e-08 1.204139586904e-09 
8.425564429912e-18 5.502266038419e-15 3.789257180745e-13 9.368874607393e-12 1.239306180543e-10 1.026780959318e-09 5.538356399283e-09 1.829447178673e-08 5.690554030429e-08 8.388680876416e-09 
9.861630756517e-22 1.711436400983e-18 2.754006606990e-16 1.507471422202e-14 4.392908346665e-13 8.418970698384e-12 1.171160726030e-10 1.204139586904e-09 8.388680876416e-09 4.520674338703e-08 
