9.357566012893e-08 2.915050155017e-08 5.705544220790e-09 7.376098507695e-10 6.705129933333e-11 3.973273185424e-12 1.317927481663e-13 1.846333581028e-15 5.927710310169e-18 6.905692012980e-22 
2.915050155017e-08 9.815282818549e-08 4.032109817737e-08 1.215674092627e-08 2.282693109481e-09 2.691331286783e-10 1.801119769797e-11 5.303842296185e-13 3.868437341392e-15 1.193742588823e-18 
5.705544220790e-09 4.032109817737e-08 8.722265028130e-08 3.832996160267e-08 1.387585937994e-08 2.960825051061e-09 3.507423736341e-10 1.869443566444e-11 2.664283825768e-13 1.911896401087e-16 
7.376098507695e-10 1.215674092627e-08 3.832996160267e-08 7.800087946686e-08 3.386849317107e-08 1.296011633065e-08 2.675757616336e-09 2.496659963333e-10 6.585742367865e-12 1.041143208787e-14 
6.705129933333e-11 2.282693109481e-09 1.387585937994e-08 3.386849317107e-08 7.044716663104e-08 2.899921502786e-08 1.062183769245e-08 1.770419315784e-09 8.698307559359e-11 3.018346231086e-13 
3.973273185424e-12 2.691331286783e-10 2.960825051061e-09 1.296011633065e-08 2.899921502786e-08 6.407480006772e-08 2.396684864831e-08 7.459381338493e-09 7.178224432024e-10 5.756807137134e-12 
1.317927481663e-13 1.801119769797e-11 3.507423736341e-10 2.675757616336e-09 1.062183769245e-08 2.396684864831e-08 5.848465575515e-08 1.870040315058e-08 3.842111503867e-09 7.975416367700e-11 
1.846333581028e-15 5.303842296185e-13 1.869443566444e-11 2.496659963333e-10 1.770419315784e-09 7.459381338493e-09 1.870040315058e-08 5.315091968023e-08 1.255367350453e-08 8.172293199185e-10 
5.927710310169e-18 3.868437341392e-15 2.664283825768e-13 6.585742367865e-12 8.698307559359e-11 7.178224432024e-10 3.842111503867e-09 1.255367350453e-08 4.772289922253e-08 5.649377178308e-09 
6.905692012980e-22 1.193742588823e-18 1.911896401087e-16 1.041143208787e-14 3.018346231086e-13 5.756807137134e-12 7.975416367700e-11 8.172293199185e-10 5.649377178308e-09 3.930868016811e-08 
