5.882647155414e-08 1.470728652146e-08 3.007811968913e-09 4.023491647998e-10 3.757567197984e-11 2.277002345762e-12 7.688889790714e-14 1.094885355633e-15 3.559611964790e-18 4.175944853603e-22 
1.470728652146e-08 6.480914462332e-08 2.180835559572e-08 6.755105737339e-09 1.297723079551e-09 1.558762841062e-10 1.059539081432e-11 3.163711404442e-13 2.327810579110e-15 7.221959863270e-19 
3.007811968913e-09 2.180835559572e-08 6.087813716320e-08 2.166401731138e-08 7.984042086726e-09 1.729306918955e-09 2.076791125149e-10 1.119382652242e-11 1.605607505465e-13 1.156633602662e-16 
4.023491647998e-10 6.755105737339e-09 2.166401731138e-08 5.678763675782e-08 1.970050475830e-08 7.631207285464e-09 1.593539079943e-09 1.499109512468e-10 3.974064111623e-12 6.294868807456e-15 
3.757567197984e-11 1.297723079551e-09 7.984042086726e-09 1.970050475830e-08 5.303032644809e-08 1.721322635812e-08 6.357575534207e-09 1.065413997849e-09 5.255220932376e-11 1.822576031510e-13 
2.277002345762e-12 1.558762841062e-10 1.729306918955e-09 7.631207285464e-09 1.721322635812e-08 4.964785406274e-08 1.440037663181e-08 4.497988612940e-09 4.340987721179e-10 3.468402836367e-12 
7.688889790714e-14 1.059539081432e-11 2.076791125149e-10 1.593539079943e-09 6.357575534207e-09 1.440037663181e-08 4.645156800556e-08 1.129871962827e-08 2.323660181668e-09 4.787678478702e-11 
1.094885355633e-15 3.163711404442e-13 1.119382652242e-11 1.499109512468e-10 1.065413997849e-09 4.497988612940e-09 1.129871962827e-08 4.329492179627e-08 7.573604249536e-09 4.877475531110e-10 
3.559611964790e-18 2.327810579110e-15 1.605607505465e-13 3.974064111623e-12 5.255220932376e-11 4.340987721179e-10 2.323660181668e-09 7.573604249536e-09 3.989009725735e-08 3.340373334227e-09 
4.175944853603e-22 7.221959863270e-19 1.156633602662e-16 6.294868807456e-15 1.822576031510e-13 3.468402836367e-12 4.787678478702e-11 4.877475531110e-10 3.340373334227e-09 3.463263588324e-08 
