1.986813478648e-07 6.717076347286e-08 1.250361555294e-08 1.567732223277e-09 1.398472504521e-10 8.199206593780e-12 2.712853727268e-13 3.810740987486e-15 1.242447512211e-17 1.496672124081e-21 
6.717076347286e-08 1.826727305151e-07 8.630205885697e-08 2.549474916445e-08 4.725831191227e-09 5.542322727877e-10 3.710023683247e-11 1.099035028837e-12 8.168611862463e-15 2.603278571419e-18 
1.250361555294e-08 8.630205885697e-08 1.522820210578e-07 7.957352227304e-08 2.860760423138e-08 6.095389880902e-09 7.236767628147e-10 3.894205974973e-11 5.663632691588e-13 4.195963761414e-16 
1.567732223277e-09 2.549474916445e-08 7.957352227304e-08 1.309285253241e-07 6.972315348937e-08 2.670155885842e-08 5.538493518187e-09 5.234156398983e-10 1.409025158438e-11 2.300738787357e-14 
1.398472504521e-10 4.725831191227e-09 2.860760423138e-08 6.972315348937e-08 1.152079576588e-07 5.989359298521e-08 2.211219087642e-08 3.740261720284e-09 1.873887462265e-10 6.721215997888e-13 
8.199206593780e-12 5.542322727877e-10 6.095389880902e-09 2.670155885842e-08 5.989359298521e-08 1.027310895319e-07 5.034243585593e-08 1.590215289028e-08 1.559336777333e-09 1.293225645130e-11 
2.712853727268e-13 3.710023683247e-11 7.236767628147e-10 5.538493518187e-09 2.211219087642e-08 5.034243585593e-08 9.255161439031e-08 4.029614764174e-08 8.440822400801e-09 1.810953684008e-10 
3.810740987486e-15 1.099035028837e-12 3.894205974973e-11 5.234156398983e-10 3.740261720284e-09 1.590215289028e-08 4.029614764174e-08 8.273265292444e-08 2.803414532528e-08 1.883392398847e-09 
1.242447512211e-17 8.168611862463e-15 5.663632691588e-13 1.409025158438e-11 1.873887462265e-10 1.559336777333e-09 8.440822400801e-09 2.803414532528e-08 7.282639058947e-08 1.336161817492e-08 
1.496672124081e-21 2.603278571419e-18 4.195963761414e-16 2.300738787357e-14 6.721215997888e-13 1.293225645130e-11 1.810953684008e-10 1.883392398847e-09 1.336161817492e-08 5.590695448289e-08 
