2.561291000711e-09 3.687122967423e-11 4.221086494346e-11 4.543315587331e-11 4.774617248702e-11 4.958505270703e-11 5.116084857308e-11 5.261147971210e-11 5.408361124788e-11 5.609890723562e-11 
3.687122967423e-11 2.607457023906e-09 8.447647193514e-11 9.422457115446e-11 1.012248768661e-10 1.067821238836e-10 1.115444838527e-10 1.159288939349e-10 1.203783292019e-10 1.264700316901e-10 
4.221086494346e-11 8.447647193514e-11 2.647011203829e-09 1.248884623803e-10 1.368200154958e-10 1.462583949694e-10 1.543348101399e-10 1.617705657201e-10 1.693170930083e-10 1.796495706718e-10 
4.543315587331e-11 9.422457115446e-11 1.248884623803e-10 2.686124802140e-09 1.651014564954e-10 1.790072357766e-10 1.908486280173e-10 2.017323707405e-10 2.127786140398e-10 2.279043478311e-10 
4.774617248702e-11 1.012248768661e-10 1.368200154958e-10 1.651014564954e-10 2.726823631863e-09 2.075173181657e-10 2.238632954911e-10 2.388021734845e-10 2.539432686766e-10 2.746816304111e-10 
4.958505270703e-11 1.067821238836e-10 1.462583949694e-10 1.790072357766e-10 2.075173181657e-10 2.770793338922e-09 2.539830788050e-10 2.737294839979e-10 2.936076416301e-10 3.208246596513e-10 
5.116084857308e-11 1.115444838527e-10 1.543348101399e-10 1.908486280173e-10 2.238632954911e-10 2.539830788050e-10 2.820059350210e-09 3.072747400680e-10 3.328407942605e-10 3.675787944128e-10 
5.261147971210e-11 1.159288939349e-10 1.617705657201e-10 2.017323707405e-10 2.388021734845e-10 2.737294839979e-10 3.072747400680e-10 2.878777443702e-09 3.736446462394e-10 4.174741086027e-10 
5.408361124788e-11 1.203783292019e-10 1.693170930083e-10 2.127786140398e-10 2.539432686766e-10 2.936076416301e-10 3.328407942605e-10 3.736446462394e-10 2.957206337433e-09 4.765608119606e-10 
5.609890723562e-11 1.264700316901e-10 1.796495706718e-10 2.279043478311e-10 2.746816304111e-10 3.208246596513e-10 3.675787944128e-10 4.174741086027e-10 4.765608119606e-10 3.109076192869e-09 
