2.580221852726e-09 6.560338859158e-11 7.446445969366e-11 7.980682030140e-11 8.364177661882e-11 8.669064394219e-11 8.930331115469e-11 9.170845435632e-11 9.414924495116e-11 9.749054073926e-11 
6.560338859158e-11 2.656725489552e-09 1.429191303509e-10 1.583869873713e-10 1.694940415580e-10 1.783121047389e-10 1.858688282557e-10 1.928258090272e-10 1.998859663501e-10 2.095518776587e-10 
7.446445969366e-11 1.429191303509e-10 2.719068948264e-09 2.060470718910e-10 2.246040037186e-10 2.392851574473e-10 2.518479683164e-10 2.634141293101e-10 2.751525854614e-10 2.912243698773e-10 
7.980682030140e-11 1.583869873713e-10 2.060470718910e-10 2.779611940041e-09 2.679971015703e-10 2.893960719476e-10 3.076180678109e-10 3.243658183392e-10 3.413635568456e-10 3.646386095687e-10 
8.364177661882e-11 1.694940415580e-10 2.246040037186e-10 2.679971015703e-10 2.842052840322e-09 3.329096216160e-10 3.579191618771e-10 3.807716181272e-10 4.039314956468e-10 4.356531568567e-10 
8.669064394219e-11 1.783121047389e-10 2.392851574473e-10 2.893960719476e-10 3.329096216160e-10 2.909234523399e-09 4.038412334028e-10 4.339816362020e-10 4.643061704417e-10 5.058240815141e-10 
8.930331115469e-11 1.858688282557e-10 2.518479683164e-10 3.076180678109e-10 3.579191618771e-10 4.038412334028e-10 2.984476066789e-09 4.852666552156e-10 5.242767205429e-10 5.772327292395e-10 
9.170845435632e-11 1.928258090272e-10 2.634141293101e-10 3.243658183392e-10 3.807716181272e-10 4.339816362020e-10 4.852666552156e-10 3.074415690824e-09 5.870678041441e-10 6.539296151547e-10 
9.414924495116e-11 1.998859663501e-10 2.751525854614e-10 3.413635568456e-10 4.039314956468e-10 4.643061704417e-10 5.242767205429e-10 5.870678041441e-10 3.195473144804e-09 7.459190262150e-10 
9.749054073926e-11 2.095518776587e-10 2.912243698773e-10 3.646386095687e-10 4.356531568567e-10 5.058240815141e-10 5.772327292395e-10 6.539296151547e-10 7.459190262150e-10 3.433506269486e-09 
