2.543216856486e-09 8.058111744769e-12 9.384175618524e-12 1.018677665079e-11 1.076278017626e-11 1.122068985795e-11 1.161309233210e-11 1.197432750489e-11 1.234091725301e-11 1.284291470989e-11 
8.058111744769e-12 2.554716540079e-09 2.049994423131e-11 2.321296625928e-11 2.516073335025e-11 2.670610649116e-11 2.803046357029e-11 2.924975365194e-11 3.048713275365e-11 3.218159910933e-11 
9.384175618524e-12 2.049994423131e-11 2.565939501732e-09 3.231890829348e-11 3.587496513490e-11 3.868392373666e-11 4.108657267511e-11 4.329871593818e-11 4.554386556746e-11 4.861843638302e-11 
1.018677665079e-11 2.321296625928e-11 3.231890829348e-11 2.577832430900e-09 4.482162850493e-11 4.917945014985e-11 5.288523455842e-11 5.629020537701e-11 5.974612103137e-11 6.447918451294e-11 
1.076278017626e-11 2.516073335025e-11 3.587496513490e-11 4.482162850493e-11 2.590832146370e-09 5.860792500807e-11 6.393629783472e-11 6.880025624701e-11 7.372920629647e-11 8.048157099666e-11 
1.122068985795e-11 2.670610649116e-11 3.868392373666e-11 4.917945014985e-11 5.860792500807e-11 2.605401965258e-09 7.421166118749e-11 8.084543050166e-11 8.751796088666e-11 9.665545090874e-11 
1.161309233210e-11 2.803046357029e-11 4.108657267511e-11 5.288523455842e-11 6.393629783472e-11 7.421166118749e-11 2.622180907047e-09 9.254840616778e-11 1.013394632777e-10 1.132833754520e-10 
1.197432750489e-11 2.924975365194e-11 4.329871593818e-11 5.629020537701e-11 6.880025624701e-11 8.084543050166e-11 9.254840616778e-11 2.642600918338e-09 1.158092177988e-10 1.311757015763e-10 
1.234091725301e-11 3.048713275365e-11 4.554386556746e-11 5.974612103137e-11 7.372920629647e-11 8.751796088666e-11 1.013394632777e-10 1.158092177988e-10 2.670280987755e-09 1.523949404021e-10 
1.284291470989e-11 3.218159910933e-11 4.861843638302e-11 6.447918451294e-11 8.048157099666e-11 9.665545090874e-11 1.132833754520e-10 1.311757015763e-10 1.523949404021e-10 2.724329106931e-09 
