2.679049140070e-09 2.088683677135e-10 2.335548535739e-10 2.484327196256e-10 2.591119536962e-10 2.676020425872e-10 2.748774796068e-10 2.815750344717e-10 2.883718553071e-10 2.976759419018e-10 
2.088683677135e-10 2.891717229250e-09 4.195436602697e-10 4.611595143454e-10 4.910289682665e-10 5.147349046378e-10 5.350499708651e-10 5.537530436674e-10 5.727335442595e-10 5.987188712139e-10 
2.335548535739e-10 4.195436602697e-10 3.059154396175e-09 5.894848677284e-10 6.396881019522e-10 6.793585985795e-10 7.132916350771e-10 7.445327695877e-10 7.762399892730e-10 8.196518586877e-10 
2.484327196256e-10 4.611595143454e-10 5.894848677284e-10 3.223908108164e-09 7.594812795274e-10 8.184801979341e-10 8.686379917862e-10 9.147112922954e-10 9.614731991624e-10 1.025506280875e-09 
2.591119536962e-10 4.910289682665e-10 6.396881019522e-10 7.594812795274e-10 3.398026568392e-09 9.426357634159e-10 1.013382340312e-09 1.077876144557e-09 1.143204343801e-09 1.232694771180e-09 
2.676020425872e-10 5.147349046378e-10 6.793585985795e-10 8.184801979341e-10 9.426357634159e-10 3.590935647067e-09 1.148929994126e-09 1.236559659569e-09 1.324472280093e-09 1.444831621662e-09 
2.748774796068e-10 5.350499708651e-10 7.132916350771e-10 8.686379917862e-10 1.013382340312e-09 1.148929994126e-09 3.813897045748e-09 1.393715797696e-09 1.510503922268e-09 1.668592055685e-09 
2.815750344717e-10 5.537530436674e-10 7.445327695877e-10 9.147112922954e-10 1.077876144557e-09 1.236559659569e-09 1.393715797696e-09 4.090509913498e-09 1.711675660320e-09 1.917571153220e-09 
2.883718553071e-10 5.727335442595e-10 7.762399892730e-10 9.614731991624e-10 1.143204343801e-09 1.324472280093e-09 1.510503922268e-09 1.711675660320e-09 4.479321146218e-09 2.226108729172e-09 
2.976759419018e-10 5.987188712139e-10 8.196518586877e-10 1.025506280875e-09 1.232694771180e-09 1.444831621662e-09 1.668592055685e-09 1.917571153220e-09 2.226108729172e-09 5.282151545821e-09 
