3.710200662818e-07 1.261394820447e-07 2.333881772877e-08 2.940117711461e-09 2.650595880616e-10 1.582990945811e-11 5.359224383148e-13 7.758259604418e-15 2.631617851417e-17 3.346857060077e-21 
1.261394820447e-07 3.165368950381e-07 1.615710047178e-07 4.811918013635e-08 9.054879964221e-09 1.083853183780e-09 7.432200172643e-11 2.271792936008e-12 1.750357018930e-14 5.884461360121e-18 
2.333881772877e-08 1.615710047178e-07 2.620098947009e-07 1.517238606941e-07 5.549208816174e-08 1.206524780352e-08 1.468943056225e-09 8.152323338839e-11 1.226094109417e-12 9.586366928923e-16 
2.940117711461e-09 4.811918013635e-08 1.517238606941e-07 2.269057839267e-07 1.371603358103e-07 5.359012477216e-08 1.140128530599e-08 1.108759361998e-09 3.082151569508e-11 5.314476853918e-14 
2.650595880616e-10 9.054879964221e-09 5.549208816174e-08 1.371603358103e-07 2.021938899730e-07 1.222498833783e-07 4.622582193531e-08 8.020845748985e-09 4.147131840425e-10 1.570450540737e-12 
1.582990945811e-11 1.083853183780e-09 1.206524780352e-08 5.359012477216e-08 1.222498833783e-07 1.833222983550e-07 1.069848792841e-07 3.458465259212e-08 3.501091005186e-09 3.059169549341e-11 
5.359224383148e-13 7.432200172643e-11 1.468943056225e-09 1.140128530599e-08 4.622582193531e-08 1.069848792841e-07 1.674449218143e-07 8.921877345436e-08 1.931389734313e-08 4.343657782216e-10 
7.758259604418e-15 2.271792936008e-12 8.152323338839e-11 1.108759361998e-09 8.020845748985e-09 3.458465259212e-08 8.921877345436e-08 1.519411262143e-07 6.576199405805e-08 4.591796805690e-09 
2.631617851417e-17 1.750357018930e-14 1.226094109417e-12 3.082151569508e-11 4.147131840425e-10 3.501091005186e-09 1.931389734313e-08 6.576199405805e-08 1.360482723436e-07 3.322963799267e-08 
3.346857060077e-21 5.884461360121e-18 9.586366928923e-16 5.314476853918e-14 1.570450540737e-12 3.059169549341e-11 4.343657782216e-10 4.591796805690e-09 3.322963799267e-08 9.945392960378e-08 
