7.900224225630e-08 2.328087353638e-08 4.626981292570e-09 6.050459128815e-10 5.545292811316e-11 3.307377880301e-12 1.103904359570e-13 1.549353558758e-15 5.000811753957e-18 5.800242068161e-22 
2.328087353638e-08 8.478885058193e-08 3.297857983599e-08 1.003051272370e-08 1.895315818085e-09 2.249058850130e-10 1.510343215571e-11 4.457599082549e-13 3.266034763268e-15 1.002023111026e-18 
4.626981292570e-09 3.297857983599e-08 7.684790995547e-08 3.177236960807e-08 1.156743604968e-08 2.480180044055e-09 2.943049711752e-10 1.574254597921e-11 2.247980431821e-13 1.605017127858e-16 
6.050459128815e-10 1.003051272370e-08 3.177236960807e-08 6.967953785463e-08 2.834220784999e-08 1.086901672081e-08 2.247859920209e-09 2.105898596756e-10 5.548757582360e-12 8.746067784257e-15 
5.545292811316e-11 1.895315818085e-09 1.156743604968e-08 2.834220784999e-08 6.362530491894e-08 2.434134268547e-08 8.942460595436e-09 1.494368573868e-09 7.316062905744e-11 2.537742696377e-13 
3.307377880301e-12 2.249058850130e-10 2.480180044055e-09 1.086901672081e-08 2.434134268547e-08 5.838290894882e-08 2.022327584313e-08 6.289860976938e-09 6.028810735362e-10 4.842651237888e-12 
1.103904359570e-13 1.510343215571e-11 2.943049711752e-10 2.247859920209e-09 8.942460595436e-09 2.022327584313e-08 5.375235234236e-08 1.572741856021e-08 3.226221628319e-09 6.703330441537e-11 
1.549353558758e-15 4.457599082549e-13 1.574254597921e-11 2.105898596756e-10 1.494368573868e-09 6.289860976938e-09 1.572741856021e-08 4.914949317833e-08 1.055514486737e-08 6.840016105502e-10 
5.000811753957e-18 3.266034763268e-15 2.247980431821e-13 5.548757582360e-12 7.316062905744e-11 6.028810735362e-10 3.226221628319e-09 1.055514486737e-08 4.457581548104e-08 4.683186800500e-09 
5.800242068161e-22 1.002023111026e-18 1.605017127858e-16 8.746067784257e-15 2.537742696377e-13 4.842651237888e-12 6.703330441537e-11 6.840016105502e-10 4.683186800500e-09 3.733496779587e-08 
