5.018109845173e-07 1.731820987770e-07 3.244601227482e-08 4.166748406230e-09 3.835403163793e-10 2.333565099587e-11 8.039236626287e-13 1.186489839128e-14 4.091645398975e-17 5.357686036204e-21 
1.731820987770e-07 4.279095969274e-07 2.276912286795e-07 6.915782677823e-08 1.325800344795e-08 1.613773679234e-09 1.125599458462e-10 3.499983436132e-12 2.733517853980e-14 9.472004365142e-18 
3.244601227482e-08 2.276912286795e-07 3.632512663985e-07 2.210786622744e-07 8.210937788303e-08 1.812342901041e-08 2.242423562567e-09 1.262259117990e-10 1.924373637178e-12 1.549247805550e-15 
4.166748406230e-09 6.915782677823e-08 2.210786622744e-07 3.215600733287e-07 2.051178107349e-07 8.125471111899e-08 1.753050712798e-08 1.724089567876e-09 4.867025027616e-11 8.609519217699e-14 
3.835403163793e-10 1.325800344795e-08 8.210937788303e-08 2.051178107349e-07 2.914028435228e-07 1.871905323017e-07 7.153612810546e-08 1.253312143237e-08 6.596402115790e-10 2.546181635175e-12 
2.333565099587e-11 1.613773679234e-09 1.812342901041e-08 8.125471111899e-08 1.871905323017e-07 2.678543931216e-07 1.665512468138e-07 5.442863683901e-08 5.614403002010e-09 4.955910382695e-11 
8.039236626287e-13 1.125599458462e-10 2.242423562567e-09 1.753050712798e-08 7.153612810546e-08 1.665512468138e-07 2.467175284906e-07 1.419573430291e-07 3.120397286236e-08 7.021314075420e-10 
1.186489839128e-14 3.499983436132e-12 1.262259117990e-10 1.724089567876e-09 1.253312143237e-08 5.442863683901e-08 1.419573430291e-07 2.275922237741e-07 1.065535906089e-07 7.406610339459e-09 
4.091645398975e-17 2.733517853980e-14 1.924373637178e-12 4.867025027616e-11 6.596402115790e-10 5.614403002010e-09 3.120397286236e-08 1.065535906089e-07 2.023365434259e-07 5.387215596845e-08 
5.357686036204e-21 9.472004365142e-18 1.549247805550e-15 8.609519217699e-14 2.546181635175e-12 4.955910382695e-11 7.021314075420e-10 7.406610339459e-09 5.387215596845e-08 1.461412548025e-07 
