6.543852596565e-07 2.334238766242e-07 4.477140396618e-08 5.861520875208e-09 5.483070565939e-10 3.380881354637e-11 1.183491878455e-12 1.768288151535e-14 6.117943744709e-17 8.182199287118e-21 
2.334238766242e-07 5.775294352199e-07 3.187149018096e-07 9.837441048718e-08 1.911328812133e-08 2.358908292574e-09 1.669551913275e-10 5.223085185228e-12 4.099032277246e-14 1.452686055459e-17 
4.477140396618e-08 3.187149018096e-07 5.037413463752e-07 3.176238828887e-07 1.193465935672e-07 2.670783526957e-08 3.339063513848e-09 1.885071161252e-10 2.896901629401e-12 2.384872303311e-15 
5.861520875208e-09 9.837441048718e-08 3.176238828887e-07 4.537880415833e-07 3.010507698386e-07 1.205956002481e-07 2.615307941935e-08 2.578669364565e-09 7.360418128713e-11 1.329734494345e-13 
5.483070565939e-10 1.911328812133e-08 1.193465935672e-07 3.010507698386e-07 4.182735802944e-07 2.790260505821e-07 1.068256557372e-07 1.880324789728e-08 1.002837451596e-09 3.943832487883e-12 
3.380881354637e-11 2.358908292574e-09 2.670783526957e-08 1.205956002481e-07 2.790260505821e-07 3.859689453790e-07 2.492478582600e-07 8.210320800380e-08 8.587169255397e-09 7.693087710182e-11 
1.183491878455e-12 1.669551913275e-10 3.339063513848e-09 2.615307941935e-08 1.068256557372e-07 2.492478582600e-07 3.571140796292e-07 2.158596246291e-07 4.804858426166e-08 1.090767871779e-09 
1.768288151535e-14 5.223085185228e-12 1.885071161252e-10 2.578669364565e-09 1.880324789728e-08 8.210320800380e-08 2.158596246291e-07 3.343852343301e-07 1.651265102258e-07 1.147106522596e-08 
6.117943744709e-17 4.099032277246e-14 2.896901629401e-12 7.360418128713e-11 1.002837451596e-09 8.587169255397e-09 4.804858426166e-08 1.651265102258e-07 2.983122408435e-07 8.230970034059e-08 
8.182199287118e-21 1.452686055459e-17 2.384872303311e-15 1.329734494345e-13 3.943832487883e-12 7.693087710182e-11 1.090767871779e-09 1.147106522596e-08 8.230970034059e-08 2.044432281237e-07 
