1.344790433888e-07 4.460017602753e-08 8.487016376790e-09 1.076941816787e-09 9.656880725232e-11 5.675114377238e-12 1.871554555540e-13 2.609962576230e-15 8.425565109496e-18 9.861546905639e-22 
4.460017602753e-08 1.327174401953e-07 5.913046209558e-08 1.758309181848e-08 3.268707852997e-09 3.831983380165e-10 2.549607870394e-11 7.509133538041e-13 5.502265526474e-15 1.711407107941e-18 
8.487016376790e-09 5.913046209558e-08 1.137253096670e-07 5.500392426077e-08 1.979593299494e-08 4.202681931089e-09 4.959585994102e-10 2.652382812417e-11 3.789255584805e-13 2.753921840688e-16 
1.076941816787e-09 1.758309181848e-08 5.500392426077e-08 9.929531825752e-08 4.815134726276e-08 1.834258599573e-08 3.786535762756e-09 3.548040228411e-10 9.368861068558e-12 1.507394833202e-14 
9.656880725232e-11 3.268707852997e-09 1.979593299494e-08 4.815134726276e-08 8.802381279798e-08 4.100586215706e-08 1.506639746593e-08 2.517888038709e-09 1.239300673419e-10 4.392567885693e-13 
5.675114377238e-12 3.831983380165e-10 4.202681931089e-09 1.834258599573e-08 4.100586215706e-08 7.904684602459e-08 3.407150806318e-08 1.060995108854e-08 1.026767755434e-09 8.418047609030e-12 
1.871554555540e-13 2.549607870394e-11 4.959585994102e-10 3.786535762756e-09 1.506639746593e-08 3.407150806318e-08 7.126976311927e-08 2.664587500833e-08 5.538158680983e-09 1.170994146592e-10 
2.609962576230e-15 7.509133538041e-13 2.652382812417e-11 3.548040228411e-10 2.517888038709e-09 1.060995108854e-08 2.664587500833e-08 6.403567081570e-08 1.829285718207e-08 1.203951847368e-09 
8.425565109496e-18 5.502265526474e-15 3.789255584805e-13 9.368861068558e-12 1.239300673419e-10 1.026767755434e-09 5.538158680983e-09 1.829285718207e-08 5.690129506267e-08 8.387824711229e-09 
9.861546905639e-22 1.711407107941e-18 2.753921840688e-16 1.507394833202e-14 4.392567885693e-13 8.418047609030e-12 1.170994146592e-10 1.203951847368e-09 8.387824711229e-09 4.520643403036e-08 
