2.546381248407e-09 1.325654100238e-11 1.536536506679e-11 1.664053399311e-11 1.755576129139e-11 1.828335927960e-11 1.890686627892e-11 1.948084946846e-11 2.006334075604e-11 2.086098594174e-11 
1.325654100238e-11 2.564653585451e-09 3.275680635970e-11 3.692988412619e-11 3.992632322417e-11 4.230426541702e-11 4.434210770125e-11 4.621825642577e-11 4.812223614500e-11 5.072954083095e-11 
1.536536506679e-11 3.275680635970e-11 2.581814935373e-09 5.065313777329e-11 5.600245376084e-11 6.023049067006e-11 6.384762296611e-11 6.717790604839e-11 7.055784531836e-11 7.518641672757e-11 
1.664053399311e-11 3.692988412619e-11 5.065313777329e-11 2.599582380680e-09 6.918491673217e-11 7.562475584107e-11 8.110439173294e-11 8.614002589472e-11 9.125094737409e-11 9.825055995075e-11 
1.755576129139e-11 3.992632322417e-11 5.600245376084e-11 6.918491673217e-11 2.618656272207e-09 8.927975809416e-11 9.703650769947e-11 1.041215091958e-10 1.113019990121e-10 1.211385266494e-10 
1.828335927960e-11 4.230426541702e-11 6.023049067006e-11 7.562475584107e-11 8.927975809416e-11 2.639726217158e-09 1.117206308206e-10 1.212600192757e-10 1.308605602017e-10 1.440075142356e-10 
1.890686627892e-11 4.434210770125e-11 6.384762296611e-11 8.110439173294e-11 9.703650769947e-11 1.117206308206e-10 2.663704774607e-09 1.378061334765e-10 1.503203763073e-10 1.673285420252e-10 
1.948084946846e-11 4.621825642577e-11 6.717790604839e-11 8.614002589472e-11 1.041215091958e-10 1.212600192757e-10 1.378061334765e-10 2.692592191057e-09 1.705787601048e-10 1.922587456089e-10 
2.006334075604e-11 4.812223614500e-11 7.055784531836e-11 9.125094737409e-11 1.113019990121e-10 1.308605602017e-10 1.503203763073e-10 1.705787601048e-10 2.731386441739e-09 2.216992591832e-10 
2.086098594174e-11 5.072954083095e-11 7.518641672757e-11 9.825055995075e-11 1.211385266494e-10 1.440075142356e-10 1.673285420252e-10 1.922587456089e-10 2.216992591832e-10 2.806526970763e-09 
