2.771055213853e-09 3.423604495448e-10 3.824190911406e-10 4.065809971180e-10 4.239230380106e-10 4.377099205786e-10 4.495243965565e-10 4.604004674216e-10 4.714377355009e-10 4.865464786663e-10 
3.423604495448e-10 3.116272956088e-09 6.885151201352e-10 7.583330587942e-10 8.084441091496e-10 8.482052858525e-10 8.822787536358e-10 9.136488758985e-10 9.454843889508e-10 9.890691308452e-10 
3.824190911406e-10 6.885151201352e-10 3.399199132305e-09 9.792844127186e-10 1.065945871833e-09 1.134372805150e-09 1.192885870632e-09 1.246757472429e-09 1.301433673855e-09 1.376294124003e-09 
4.065809971180e-10 7.583330587942e-10 9.792844127186e-10 3.686092407497e-09 1.278255295011e-09 1.382308361424e-09 1.470688383670e-09 1.551851964480e-09 1.634231071394e-09 1.747038668381e-09 
4.239230380106e-10 8.084441091496e-10 1.065945871833e-09 1.278255295011e-09 3.995764961605e-09 1.606362284849e-09 1.733261434033e-09 1.848847400287e-09 1.965913499739e-09 2.126285619754e-09 
4.377099205786e-10 8.482052858525e-10 1.134372805150e-09 1.382308361424e-09 1.606362284849e-09 4.344602487972e-09 1.982187050687e-09 2.142002383723e-09 2.302218841796e-09 2.521572680998e-09 
4.495243965565e-10 8.822787536358e-10 1.192885870632e-09 1.470688383670e-09 1.733261434033e-09 1.982187050687e-09 4.754866763021e-09 2.435741456795e-09 2.652046004247e-09 2.944771815078e-09 
4.604004674216e-10 9.136488758985e-10 1.246757472429e-09 1.551851964480e-09 1.848847400287e-09 2.142002383723e-09 2.435741456795e-09 5.271316547979e-09 3.032317205502e-09 3.418569877759e-09 
4.714377355009e-10 9.454843889508e-10 1.301433673855e-09 1.634231071394e-09 1.965913499739e-09 2.302218841796e-09 2.652046004247e-09 3.032317205502e-09 6.003953693715e-09 4.006171203783e-09 
4.865464786663e-10 9.890691308452e-10 1.376294124003e-09 1.747038668381e-09 2.126285619754e-09 2.521572680998e-09 2.944771815078e-09 3.418569877759e-09 4.006171203783e-09 7.525473312903e-09 
