2.549176811041e-09 1.778889749511e-11 2.055534895530e-11 2.222718643901e-11 2.342716510056e-11 2.438114735383e-11 2.519864973289e-11 2.595121924781e-11 2.671494400700e-11 2.776076361267e-11 
1.778889749511e-11 2.573133866079e-09 4.312176347117e-11 4.847675842362e-11 5.232208894146e-11 5.537407636209e-11 5.798954622425e-11 6.039747508491e-11 6.284112158184e-11 6.618744148891e-11 
2.055534895530e-11 4.312176347117e-11 2.595072209377e-09 6.586100239355e-11 7.263182052496e-11 7.798504835901e-11 8.256517172109e-11 8.678204832666e-11 9.106178017741e-11 9.692254133662e-11 
2.222718643901e-11 4.847675842362e-11 6.586100239355e-11 2.617469491017e-09 8.911597246013e-11 9.718368620611e-11 1.040505544878e-10 1.103615130583e-10 1.167667784477e-10 1.255390070428e-10 
2.342716510056e-11 5.232208894146e-11 7.263182052496e-11 8.911597246013e-11 2.641270301301e-09 1.140986219659e-10 1.237363498616e-10 1.325418083501e-10 1.414662679285e-10 1.536917084322e-10 
2.438114735383e-11 5.537407636209e-11 7.798504835901e-11 9.718368620611e-11 1.140986219659e-10 2.667357624613e-09 1.418049000214e-10 1.535813201264e-10 1.654356821380e-10 1.816689898767e-10 
2.519864973289e-11 5.798954622425e-11 8.256517172109e-11 1.040505544878e-10 1.237363498616e-10 1.418049000214e-10 2.696869880396e-09 1.738351639707e-10 1.892048029911e-10 2.100956234901e-10 
2.595121924781e-11 6.039747508491e-11 8.678204832666e-11 1.103615130583e-10 1.325418083501e-10 1.535813201264e-10 1.738351639707e-10 2.732251415711e-09 2.139070352246e-10 2.404196209007e-10 
2.671494400700e-11 6.284112158184e-11 9.106178017741e-11 1.167667784477e-10 1.414662679285e-10 1.654356821380e-10 1.892048029911e-10 2.139070352246e-10 2.779599533196e-09 2.761814739757e-10 
2.776076361267e-11 6.618744148891e-11 9.692254133662e-11 1.255390070428e-10 1.536917084322e-10 1.816689898767e-10 2.100956234901e-10 2.404196209007e-10 2.761814739757e-10 2.871060240290e-09 
