2.541446852317e-09 5.105490527600e-12 5.967815752849e-12 6.490122443824e-12 6.864936035306e-12 7.162898973308e-12 7.418237398006e-12 7.653295335600e-12 7.891837541920e-12 8.218490711946e-12 
5.105490527600e-12 2.548929823817e-09 1.328392668105e-11 1.509296773289e-11 1.639147860986e-11 1.742148931368e-11 1.830419514757e-11 1.911688198722e-11 1.994162695216e-11 2.107103345859e-11 
5.967815752849e-12 1.328392668105e-11 2.556447805558e-09 2.126415237084e-11 2.367843385940e-11 2.558431534150e-11 2.721420448157e-11 2.871487804022e-11 3.023795864659e-11 3.232371271514e-11 
6.490122443824e-12 1.509296773289e-11 2.126415237084e-11 2.564570044654e-09 2.986100523430e-11 3.286564740642e-11 3.541905340448e-11 3.776476651300e-11 4.014560492385e-11 4.340632774090e-11 
6.864936035306e-12 1.639147860986e-11 2.367843385940e-11 2.986100523430e-11 2.573591521109e-09 3.948635066249e-11 4.321089826746e-11 4.660853679787e-11 5.005112001787e-11 5.476741617515e-11 
7.162898973308e-12 1.742148931368e-11 2.558431534150e-11 3.286564740642e-11 3.948635066249e-11 2.583840577569e-09 5.052042310272e-11 5.521197031856e-11 5.992763042205e-11 6.638536885845e-11 
7.418237398006e-12 1.830419514757e-11 2.721420448157e-11 3.541905340448e-11 4.321089826746e-11 5.052042310272e-11 2.595782046901e-09 6.363100878771e-11 6.991028835598e-11 7.843717927802e-11 
7.653295335600e-12 1.911688198722e-11 2.871487804022e-11 3.776476651300e-11 4.660853679787e-11 5.521197031856e-11 6.363100878771e-11 2.610469608976e-09 8.043104228782e-11 9.150342492211e-11 
7.891837541920e-12 1.994162695216e-11 3.023795864659e-11 4.014560492385e-11 5.005112001787e-11 5.992763042205e-11 6.991028835598e-11 8.043104228782e-11 2.630587409016e-09 1.071050858342e-10 
8.218490711946e-12 2.107103345859e-11 3.232371271514e-11 4.340632774090e-11 5.476741617515e-11 6.638536885845e-11 7.843717927802e-11 9.150342492211e-11 1.071050858342e-10 2.670285086167e-09 
