2.568666555363e-09 4.817155912071e-11 5.492955743784e-11 5.900584077998e-11 6.193192007468e-11 6.425820407200e-11 6.625166952299e-11 6.808679448093e-11 6.994911849743e-11 7.249855372711e-11 
4.817155912071e-11 2.627057700607e-09 1.078038173025e-10 1.198749385808e-10 1.285432269036e-10 1.354249288098e-10 1.413222793570e-10 1.467515924611e-10 1.522614265601e-10 1.598048736087e-10 
5.492955743784e-11 1.078038173025e-10 2.675873364633e-09 1.574453467437e-10 1.720658552390e-10 1.836322716911e-10 1.935297646357e-10 2.026421121690e-10 2.118902026336e-10 2.245523496367e-10 
5.900584077998e-11 1.198749385808e-10 1.574453467437e-10 2.723676099823e-09 2.064582528260e-10 2.233942728594e-10 2.378165220588e-10 2.510724825942e-10 2.645263495008e-10 2.829487951586e-10 
6.193192007468e-11 1.285432269036e-10 1.720658552390e-10 2.064582528260e-10 2.773151967503e-09 2.579389716160e-10 2.777759116319e-10 2.959052007172e-10 3.142794986292e-10 3.394462196157e-10 
6.425820407200e-11 1.354249288098e-10 1.836322716911e-10 2.233942728594e-10 2.579389716160e-10 2.826456131155e-09 3.142313044299e-10 3.381551131521e-10 3.622344741617e-10 3.952028455871e-10 
6.625166952299e-11 1.413222793570e-10 1.935297646357e-10 2.378165220588e-10 2.777759116319e-10 3.142313044299e-10 2.886130913019e-09 3.787687263461e-10 4.097124882990e-10 4.517432147797e-10 
6.808679448093e-11 1.467515924611e-10 2.026421121690e-10 2.510724825942e-10 2.959052007172e-10 3.381551131521e-10 3.787687263461e-10 2.957257929614e-09 4.591654874745e-10 5.121438363847e-10 
6.994911849743e-11 1.522614265601e-10 2.118902026336e-10 2.645263495008e-10 3.142794986292e-10 3.622344741617e-10 4.097124882990e-10 4.591654874745e-10 3.052440208176e-09 5.839984877407e-10 
7.249855372711e-11 1.598048736087e-10 2.245523496367e-10 2.829487951586e-10 3.394462196157e-10 3.952028455871e-10 4.517432147797e-10 5.121438363847e-10 5.839984877407e-10 3.237735528250e-09 
