2.547365956514e-09 1.486126896784e-11 1.720589369801e-11 1.862333443632e-11 1.964068782403e-11 2.044947403896e-11 2.114254956239e-11 2.178057064631e-11 2.242804191722e-11 2.331440914818e-11 
1.486126896784e-11 2.567677274567e-09 3.646309229958e-11 4.106482261226e-11 4.436911881993e-11 4.699149103346e-11 4.923878772254e-11 5.130775024827e-11 5.340738092420e-11 5.628196912464e-11 
1.720589369801e-11 3.646309229958e-11 2.586574467531e-09 5.612481112810e-11 6.199326340884e-11 6.663226793377e-11 7.060109103298e-11 7.425513069052e-11 7.796360782711e-11 8.304112516676e-11 
1.862333443632e-11 4.106482261226e-11 5.612481112810e-11 2.606035909203e-09 7.638888182885e-11 8.342664572247e-11 8.941568190710e-11 9.491958640622e-11 1.005057058642e-10 1.081548356388e-10 
1.964068782403e-11 4.436911881993e-11 6.199326340884e-11 7.638888182885e-11 2.626849032935e-09 9.828510655580e-11 1.067350744029e-10 1.144543056236e-10 1.222775945859e-10 1.329930314772e-10 
2.044947403896e-11 4.699149103346e-11 6.663226793377e-11 8.342664572247e-11 9.828510655580e-11 2.649769805854e-09 1.226708830931e-10 1.330377345620e-10 1.434716352390e-10 1.577578659623e-10 
2.114254956239e-11 4.923878772254e-11 7.060109103298e-11 8.941568190710e-11 1.067350744029e-10 1.226708830931e-10 2.675796860346e-09 1.509590858686e-10 1.645303188262e-10 1.829744126779e-10 
2.178057064631e-11 5.130775024827e-11 7.425513069052e-11 9.491958640622e-11 1.144543056236e-10 1.330377345620e-10 1.509590858686e-10 2.707087772108e-09 1.864327696261e-10 2.099063113949e-10 
2.242804191722e-11 5.340738092420e-11 7.796360782711e-11 1.005057058642e-10 1.222775945859e-10 1.434716352390e-10 1.645303188262e-10 1.864327696261e-10 2.749054970878e-09 2.416996301003e-10 
2.331440914818e-11 5.628196912464e-11 8.304112516676e-11 1.081548356388e-10 1.329930314772e-10 1.577578659623e-10 1.829744126779e-10 2.099063113949e-10 2.416996301003e-10 2.830221436716e-09 
