2.542614890227e-09 7.053771963499e-12 8.222784692135e-12 8.930490906674e-12 9.438377519362e-12 9.842131531920e-12 1.018812410329e-11 1.050663326478e-11 1.082986013445e-11 1.127235226199e-11 
7.053771963499e-12 2.552754671106e-09 1.805902042508e-11 2.046953224895e-11 2.220001205685e-11 2.357288994596e-11 2.474941841352e-11 2.583260314706e-11 2.693184647826e-11 2.843682621624e-11 
8.222784692135e-12 1.805902042508e-11 2.562740382171e-09 2.860073793223e-11 3.177774609862e-11 3.428688991132e-11 3.643296638467e-11 3.840886862299e-11 4.041423742253e-11 4.315994706769e-11 
8.930490906674e-12 2.046953224895e-11 2.860073793223e-11 2.573384621838e-09 3.981376423222e-11 4.372551946906e-11 4.705129839704e-11 5.010693291541e-11 5.320826654622e-11 5.745504501876e-11 
9.438377519362e-12 2.220001205685e-11 3.177774609862e-11 3.981376423222e-11 2.585076272938e-09 5.223532851425e-11 5.703768538328e-11 6.142075521214e-11 6.586218626970e-11 7.194586175512e-11 
9.842131531920e-12 2.357288994596e-11 3.428688991132e-11 4.372551946906e-11 5.223532851425e-11 2.598231851410e-09 6.634607452000e-11 7.234595262700e-11 7.837957060309e-11 8.664104913589e-11 
1.018812410329e-11 2.474941841352e-11 3.643296638467e-11 4.705129839704e-11 5.703768538328e-11 6.634607452000e-11 2.613434822976e-09 8.298340715034e-11 9.095697904609e-11 1.017878102239e-10 
1.050663326478e-11 2.583260314706e-11 3.840886862299e-11 5.010693291541e-11 6.142075521214e-11 7.234595262700e-11 8.298340715034e-11 2.631991948918e-09 1.041455330320e-10 1.181186422942e-10 
1.082986013445e-11 2.693184647826e-11 4.041423742253e-11 5.320826654622e-11 6.586218626970e-11 7.837957060309e-11 9.095697904609e-11 1.041455330320e-10 2.657221779089e-09 1.375284334014e-10 
1.127235226199e-11 2.843682621624e-11 4.315994706769e-11 5.745504501876e-11 7.194586175512e-11 8.664104913589e-11 1.017878102239e-10 1.181186422942e-10 1.375284334014e-10 2.706620407953e-09 
