2.568683734528e-09 4.820507940542e-11 5.497005617900e-11 5.905057320402e-11 6.197968105690e-11 6.430836099825e-11 6.630386778592e-11 6.814085898035e-11 7.000506146870e-11 7.255777750588e-11 
4.820507940542e-11 2.627134957879e-09 1.079052373864e-10 1.199919086877e-10 1.286713979870e-10 1.355619624220e-10 1.414668703858e-10 1.469031017471e-10 1.524199089456e-10 1.599744313480e-10 
5.497005617900e-11 1.079052373864e-10 2.676014984096e-09 1.576153564003e-10 1.722568960578e-10 1.838399851826e-10 1.937516845303e-10 2.028770403245e-10 2.121382497329e-10 2.248204689863e-10 
5.905057320402e-11 1.199919086877e-10 1.576153564003e-10 2.723887292840e-09 2.067017784902e-10 2.236638605510e-10 2.381083176890e-10 2.513845955917e-10 2.648589541371e-10 2.833120705004e-10 
6.197968105690e-11 1.286713979870e-10 1.722568960578e-10 2.067017784902e-10 2.773439646741e-09 2.582636739404e-10 2.781324934772e-10 2.962909328332e-10 3.146946051034e-10 3.399046172695e-10 
6.430836099825e-11 1.355619624220e-10 1.838399851826e-10 2.236638605510e-10 2.582636739404e-10 2.826829494643e-09 3.146478320122e-10 3.386113935240e-10 3.627307528898e-10 3.957573393945e-10 
6.630386778592e-11 1.414668703858e-10 1.937516845303e-10 2.381083176890e-10 2.781324934772e-10 3.146478320122e-10 2.886603013722e-09 3.792933270609e-10 4.102901121958e-10 4.523970616906e-10 
6.814085898035e-11 1.469031017471e-10 2.028770403245e-10 2.513845955917e-10 2.962909328332e-10 3.386113935240e-10 3.792933270609e-10 2.957849964048e-09 4.598272554645e-10 5.129049010782e-10 
7.000506146870e-11 1.524199089456e-10 2.121382497329e-10 2.648589541371e-10 3.146946051034e-10 3.627307528898e-10 4.102901121958e-10 4.598272554645e-10 3.053193622587e-09 5.848847821013e-10 
7.255777750588e-11 1.599744313480e-10 2.248204689863e-10 2.833120705004e-10 3.399046172695e-10 3.957573393945e-10 4.523970616906e-10 5.129049010782e-10 5.848847821013e-10 3.238822269383e-09 
