2.546858984688e-09 1.403609666830e-11 1.625985928340e-11 1.760438339575e-11 1.856939392903e-11 1.933656662609e-11 1.999398249198e-11 2.059917675212e-11 2.121333578894e-11 2.205433019793e-11 
1.403609666830e-11 2.566125152701e-09 3.456190965534e-11 3.894457485693e-11 4.209154659047e-11 4.458899840902e-11 4.672924360774e-11 4.869965274770e-11 5.069927142185e-11 5.343749293585e-11 
1.625985928340e-11 3.456190965534e-11 2.584135601249e-09 5.332290919438e-11 5.892676671187e-11 6.335630619828e-11 6.714586867540e-11 7.063487199539e-11 7.417586008244e-11 7.902488492415e-11 
1.760438339575e-11 3.894457485693e-11 5.332290919438e-11 2.602734236474e-09 7.270548887753e-11 7.943924173031e-11 8.516926261070e-11 9.043503598936e-11 9.577947821308e-11 1.030987629973e-10 
1.856939392903e-11 4.209154659047e-11 5.892676671187e-11 7.270548887753e-11 2.622663623726e-09 9.368746813759e-11 1.017857191101e-10 1.091831521386e-10 1.166802713652e-10 1.269503147743e-10 
1.933656662609e-11 4.458899840902e-11 6.335630619828e-11 7.943924173031e-11 9.368746813759e-11 2.644646054267e-09 1.170877571572e-10 1.270355746128e-10 1.370474454511e-10 1.507573683846e-10 
1.999398249198e-11 4.672924360774e-11 6.714586867540e-11 8.516926261070e-11 1.017857191101e-10 1.170877571572e-10 2.669636164141e-09 1.442623096653e-10 1.572992907153e-10 1.750183294332e-10 
2.059917675212e-11 4.869965274770e-11 7.063487199539e-11 9.043503598936e-11 1.091831521386e-10 1.270355746128e-10 1.442623096653e-10 2.699712955862e-09 1.783713199369e-10 2.009401837513e-10 
2.121333578894e-11 5.069927142185e-11 7.417586008244e-11 9.577947821308e-11 1.166802713652e-10 1.370474454511e-10 1.572992907153e-10 1.783713199369e-10 2.740076669239e-09 2.315501309628e-10 
2.205433019793e-11 5.343749293585e-11 7.902488492415e-11 1.030987629973e-10 1.269503147743e-10 1.507573683846e-10 1.750183294332e-10 2.009401837513e-10 2.315501309628e-10 2.818208777666e-09 
