2.541335827480e-09 4.919846915635e-12 5.752811876996e-12 6.257365415092e-12 6.619435496230e-12 6.907265862691e-12 7.153919822831e-12 7.380981377472e-12 7.611406147388e-12 7.926855149574e-12 
4.919846915635e-12 2.548564391808e-09 1.282688435307e-11 1.457790069462e-11 1.583474154048e-11 1.683167474651e-11 1.768602881148e-11 1.847260757008e-11 1.927084869940e-11 2.036372859440e-11 
5.752811876996e-12 1.282688435307e-11 2.555843749539e-09 2.055874274459e-11 2.289897452304e-11 2.474632170951e-11 2.632611629054e-11 2.778065498558e-11 2.925689762701e-11 3.127814748137e-11 
6.257365415092e-12 1.457790069462e-11 2.055874274459e-11 2.563720555505e-09 2.890063387955e-11 3.181701524905e-11 3.429525792841e-11 3.657186631622e-11 3.888254270570e-11 4.204667954074e-11 
6.619435496230e-12 1.583474154048e-11 2.289897452304e-11 2.890063387955e-11 2.572481738853e-09 3.825325933502e-11 4.187271416742e-11 4.517431344259e-11 4.851950676105e-11 5.310174980355e-11 
6.907265862691e-12 1.683167474651e-11 2.474632170951e-11 3.181701524905e-11 3.825325933502e-11 2.582446911165e-09 4.898683068603e-11 5.355096439220e-11 5.813819036785e-11 6.441924137964e-11 
7.153919822831e-12 1.768602881148e-11 2.632611629054e-11 3.429525792841e-11 4.187271416742e-11 4.898683068603e-11 2.594070538560e-09 6.175413507857e-11 6.786840841478e-11 7.616994348253e-11 
7.380981377472e-12 1.847260757008e-11 2.778065498558e-11 3.657186631622e-11 4.517431344259e-11 5.355096439220e-11 6.175413507857e-11 2.608381207730e-09 7.812925720190e-11 8.891913240649e-11 
7.611406147388e-12 1.927084869940e-11 2.925689762701e-11 3.888254270570e-11 4.851950676105e-11 5.813819036785e-11 6.786840841478e-11 7.812925720190e-11 2.628003399276e-09 1.041549506743e-10 
7.926855149574e-12 2.036372859440e-11 3.127814748137e-11 4.204667954074e-11 5.310174980355e-11 6.441924137964e-11 7.616994348253e-11 8.891913240649e-11 1.041549506743e-10 2.666762421325e-09 
