2.541843526102e-09 5.757804691265e-12 6.720887093162e-12 7.304119690635e-12 7.722662550856e-12 8.055388459735e-12 8.340514819254e-12 8.602992770483e-12 8.869358850481e-12 9.234106397401e-12 
5.757804691265e-12 2.550199168321e-09 1.486757998852e-11 1.687582150468e-11 1.831741927758e-11 1.946098866000e-11 2.044100516995e-11 2.134327431945e-11 2.225892145520e-11 2.351278602466e-11 
6.720887093162e-12 1.486757998852e-11 2.558535653597e-09 2.370001321864e-11 2.636868646693e-11 2.847571262635e-11 3.027770950735e-11 3.193682781806e-11 3.362069739222e-11 3.592659704298e-11 
7.304119690635e-12 1.687582150468e-11 2.370001321864e-11 2.567500602902e-09 3.317284417423e-11 3.648147919821e-11 3.929373881818e-11 4.187733721618e-11 4.449958896535e-11 4.809086722792e-11 
7.722662550856e-12 1.831741927758e-11 2.636868646693e-11 3.317284417423e-11 2.577418369912e-09 4.373910566901e-11 4.782668062337e-11 5.155609383433e-11 5.533496477736e-11 6.051181983143e-11 
8.055388459735e-12 1.946098866000e-11 2.847571262635e-11 3.648147919821e-11 4.373910566901e-11 2.588648587683e-09 5.581305382343e-11 6.094664692509e-11 6.610770041055e-11 7.317516492219e-11 
8.340514819254e-12 2.044100516995e-11 3.027770950735e-11 3.929373881818e-11 4.782668062337e-11 5.581305382343e-11 2.601693548803e-09 7.011935820610e-11 7.697379505485e-11 8.628260259651e-11 
8.602992770483e-12 2.134327431945e-11 3.193682781806e-11 4.187733721618e-11 5.155609383433e-11 6.094664692509e-11 7.011935820610e-11 2.617697432455e-09 8.840443534308e-11 1.004626351464e-10 
8.869358850481e-12 2.225892145520e-11 3.362069739222e-11 4.449958896535e-11 5.533496477736e-11 6.610770041055e-11 7.697379505485e-11 8.840443534308e-11 2.639553060393e-09 1.173651110913e-10 
9.234106397401e-12 2.351278602466e-11 3.592659704298e-11 4.809086722792e-11 6.051181983143e-11 7.317516492219e-11 8.628260259651e-11 1.004626351464e-10 1.173651110913e-10 2.682571220035e-09 
