2.575765599551e-09 5.890860488465e-11 6.697030627471e-11 7.183144344565e-11 7.532093459299e-11 7.809513255210e-11 8.047241394167e-11 8.266085273274e-11 8.488170878532e-11 8.792279804331e-11 
5.890860488465e-11 2.645385663931e-09 1.295148841315e-10 1.436954737144e-10 1.538782579896e-10 1.619624087226e-10 1.688901708369e-10 1.752680656854e-10 1.817404929827e-10 1.906035988296e-10 
6.697030627471e-11 1.295148841315e-10 2.702602749243e-09 1.875305923310e-10 2.045938194517e-10 2.180931893436e-10 2.296447823139e-10 2.402798908876e-10 2.510733250839e-10 2.658537490635e-10 
7.183144344565e-11 1.436954737144e-10 1.875305923310e-10 2.758308720314e-09 2.445637440538e-10 2.642672114067e-10 2.810459492722e-10 2.964673618863e-10 3.121188212903e-10 3.335534921316e-10 
7.532093459299e-11 1.538782579896e-10 2.045938194517e-10 2.445637440538e-10 2.815820376857e-09 3.043704293961e-10 3.274139626449e-10 3.484716784383e-10 3.698130263210e-10 3.990473572683e-10 
7.809513255210e-11 1.619624087226e-10 2.180931893436e-10 2.642672114067e-10 3.043704293961e-10 2.877721895324e-09 3.697225355985e-10 3.974925929261e-10 4.254367554485e-10 4.637000952448e-10 
8.047241394167e-11 1.688901708369e-10 2.296447823139e-10 2.810459492722e-10 3.274139626449e-10 3.697225355985e-10 2.947009514320e-09 4.446740893030e-10 4.805944875466e-10 5.293726029859e-10 
8.266085273274e-11 1.752680656854e-10 2.402798908876e-10 2.964673618863e-10 3.484716784383e-10 3.974925929261e-10 4.446740893030e-10 3.029713145772e-09 5.382262154481e-10 5.997586953586e-10 
8.488170878532e-11 1.817404929827e-10 2.510733250839e-10 3.121188212903e-10 3.698130263210e-10 4.254367554485e-10 4.805944875466e-10 5.382262154481e-10 3.140768643177e-09 6.839139137539e-10 
8.792279804331e-11 1.906035988296e-10 2.658537490635e-10 3.335534921316e-10 3.990473572683e-10 4.637000952448e-10 5.293726029859e-10 5.997586953586e-10 6.839139137539e-10 3.358290803335e-09 
