5.985578077988e-08 1.516081838602e-08 3.094781315472e-09 4.133603423334e-10 3.856202411422e-11 2.333400993987e-12 7.876422260179e-14 1.120156068869e-15 3.638516762813e-18 4.265455815658e-22 
1.516081838602e-08 6.587948023506e-08 2.241282405367e-08 6.935099007794e-09 1.330562138196e-09 1.596893049957e-10 1.084939729366e-11 3.234248710581e-13 2.380275683635e-15 7.372619397027e-19 
3.094781315472e-09 2.241282405367e-08 6.175382818802e-08 2.222101255517e-08 8.180647952993e-09 1.771356680380e-09 2.125099334379e-10 1.144077799472e-11 1.642042094536e-13 1.180291630187e-16 
4.133603423334e-10 6.935099007794e-09 2.222101255517e-08 5.749417144875e-08 2.018106564815e-08 7.813449786599e-09 1.629416404319e-09 1.532396583147e-10 4.063513737013e-12 6.422509676632e-15 
3.856202411422e-11 1.330562138196e-09 8.180647952993e-09 2.018106564815e-08 5.362729888045e-08 1.760817312017e-08 6.497931831663e-09 1.089404898227e-09 5.370858447819e-11 1.859747606460e-13 
2.333400993987e-12 1.596893049957e-10 1.771356680380e-09 7.813449786599e-09 1.760817312017e-08 5.012221878509e-08 1.472126789331e-08 4.599707466684e-09 4.433223796087e-10 3.540735536229e-12 
7.876422260179e-14 1.084939729366e-11 2.125099334379e-10 1.629416404319e-09 6.497931831663e-09 1.472126789331e-08 4.686504565224e-08 1.154695932776e-08 2.371343090172e-09 4.891279371906e-11 
1.120156068869e-15 3.234248710581e-13 1.144077799472e-11 1.532396583147e-10 1.089404898227e-09 4.599707466684e-09 1.154695932776e-08 4.360808036059e-08 7.729652640008e-09 4.986610834840e-10 
3.638516762813e-18 2.380275683635e-15 1.642042094536e-13 4.063513737013e-12 5.370858447819e-11 4.433223796087e-10 2.371343090172e-09 7.729652640008e-09 4.014679069584e-08 3.413343477533e-09 
4.265455815658e-22 7.372619397027e-19 1.180291630187e-16 6.422509676632e-15 1.859747606460e-13 3.540735536229e-12 4.891279371906e-11 4.986610834840e-10 3.413343477533e-09 3.476947801093e-08 
