3.2152440561938674e-08 1.4559956571205782e-08 1.0680232840196825e-08 8.3618536497944832e-09 6.6971026008904491e-09 5.3745833470319582e-09 4.2443868481056587e-09 3.2106098193507844e-09 2.1765398653810698e-09 7.9867654297771110e-10 
1.4559956571205782e-08 9.7839961171743347e-09 5.3600452330126790e-09 4.2333467684433833e-09 3.4245333401282833e-09 2.7820360355469176e-09 2.2328676113637345e-09 1.7304291036160698e-09 1.2278485797567063e-09 5.5980023981041848e-10 
1.0680232840196825e-08 5.3600452330126790e-09 6.5269321271685050e-09 3.1688244211856593e-09 2.5805417023005965e-09 2.1132495377340131e-09 1.7137889962497716e-09 1.3482580401380002e-09 9.8262291740948833e-10 4.9746407615138259e-10 
8.3618536497944832e-09 4.2333467684433833e-09 3.1688244211856593e-09 5.0711915746773646e-09 2.0762290398211212e-09 1.7136222647894531e-09 1.4036088054836629e-09 1.1198835846143148e-09 8.3607996826510586e-10 4.6020588329045319e-10 
6.6971026008904491e-09 3.4245333401282833e-09 2.5805417023005965e-09 2.0762290398211212e-09 4.2529266153306187e-09 1.4270659250763943e-09 1.1812951574807786e-09 9.5631443668904510e-10 7.3128242933167896e-10 4.3390410988023756e-10 
5.3745833470319582e-09 2.7820360355469176e-09 2.1132495377340131e-09 1.7136222647894531e-09 1.4270659250763943e-09 3.7379636188286186e-09 1.0047895626852331e-09 8.2647021072540611e-10 6.4810788286540194e-10 4.1308364750673749e-10 
4.2443868481056587e-09 2.2328676113637345e-09 1.7137889962497716e-09 1.4036088054836629e-09 1.1812951574807786e-09 1.0047895626852331e-09 3.3922649521498494e-09 7.1539552854095718e-10 5.7687384298027047e-10 3.9507620663675220e-10 
3.2106098193507844e-09 1.7304291036160698e-09 1.3482580401380002e-09 1.1198835846143148e-09 9.5631443668904510e-10 8.2647021072540611e-10 7.1539552854095718e-10 3.1521328030334508e-09 5.1168430228500069e-10 3.7838063177242136e-10 
2.1765398653810698e-09 1.2278485797567063e-09 9.8262291740948833e-10 8.3607996826510586e-10 7.3128242933167896e-10 6.4810788286540194e-10 5.7687384298027047e-10 5.1168430228500069e-10 2.9852435497986967e-09 3.6200245802549314e-10 
7.9867654297771110e-10 5.5980023981041848e-10 4.9746407615138259e-10 4.6020588329045319e-10 4.3390410988023756e-10 4.1308364750673749e-10 3.9507620663675220e-10 3.7838063177242136e-10 3.6200245802549314e-10 2.8824275400348290e-09 
