2.0601786299809120e-07 1.0149005203575617e-07 7.5197686607417486e-08 5.9483008024449090e-08 4.8199841958180598e-08 3.9234837355435854e-08 3.1568456500954815e-08 2.4547552445285699e-08 1.7513902118961531e-08 8.1924627587219985e-09 
1.0149005203575617e-07 5.3554933584451920e-08 3.8003074945637088e-08 3.0224939538504655e-08 2.4640942730436665e-08 2.0204186850980657e-08 1.6409435070721082e-08 1.2933144151974820e-08 9.4494476579075211e-09 4.8396251121260172e-09 
7.5197686607417486e-08 3.8003074945637088e-08 3.0951122058878050e-08 2.2680311145996083e-08 1.8565298516666014e-08 1.5295711934262690e-08 1.2498913477687794e-08 9.9362945813368847e-09 7.3676436421923521e-09 3.9722824219007604e-09 
5.9483008024449090e-08 3.0224939538504655e-08 2.2680311145996083e-08 2.0709282680450836e-08 1.4933839109984947e-08 1.2361806675883327e-08 1.0161416290586555e-08 8.1448606129649507e-09 6.1231061381167601e-09 3.4535895286050286e-09 
4.8199841958180598e-08 2.4640942730436665e-08 1.8565298516666014e-08 1.4933839109984947e-08 1.4866010315024085e-08 1.0256532762053212e-08 8.4844040589053146e-09 6.8599176136546874e-09 5.2308634017655427e-09 3.0825691481954172e-09 
3.9234837355435854e-08 2.0204186850980657e-08 1.5295711934262690e-08 1.2361806675883327e-08 1.0256532762053212e-08 1.1122253244203604e-08 7.1520648400943055e-09 5.8390560939236246e-09 4.5219200273897294e-09 2.7877156377989762e-09 
3.1568456500954815e-08 1.6409435070721082e-08 1.2498913477687794e-08 1.0161416290586555e-08 8.4844040589053146e-09 7.1520648400943055e-09 8.5501154237607060e-09 4.9652049704329866e-09 3.9146035008323356e-09 2.5341989698035330e-09 
2.4547552445285699e-08 1.2933144151974820e-08 9.9362945813368847e-09 8.1448606129649507e-09 6.8599176136546874e-09 5.8390560939236246e-09 4.9652049704329866e-09 6.7019494748415158e-09 3.3574724604562834e-09 2.3000733506681561e-09 
1.7513902118961531e-08 9.4494476579075211e-09 7.3676436421923521e-09 6.1231061381167601e-09 5.2308634017655427e-09 4.5219200273897294e-09 3.9146035008323356e-09 3.3574724604562834e-09 5.3374358920068670e-09 2.0651835447508396e-09 
8.1924627587219985e-09 4.8396251121260172e-09 3.9722824219007604e-09 3.4535895286050286e-09 3.0825691481954172e-09 2.7877156377989762e-09 2.5341989698035330e-09 2.3000733506681561e-09 2.0651835447508396e-09 4.3100428406074822e-09 
