2.1808430150673480e-08 9.4336697803292936e-09 6.8988152605099791e-09 5.3841939727762678e-09 4.2966327036678627e-09 3.4327338812294943e-09 2.6946619774263318e-09 2.0199286207332188e-09 1.3455883399631964e-09 4.4575670431667243e-10 
9.4336697803292936e-09 7.2149581539608256e-09 3.4502498797819701e-09 2.7175440830406916e-09 2.1915935799986650e-09 1.7738424468529693e-09 1.4168700591185981e-09 1.0904598486474296e-09 7.6427222524569898e-10 3.3018463029791410e-10 
6.8988152605099791e-09 3.4502498797819701e-09 5.0996809326107463e-09 2.0299633009390048e-09 1.6486983932227320e-09 1.3458855721355009e-09 1.0870992931159979e-09 8.5043260770153678e-10 6.1394377809632513e-10 2.9984886773233138e-10 
5.3841939727762678e-09 2.7175440830406916e-09 2.0299633009390048e-09 4.1575994722230546e-09 1.3243204171366873e-09 1.0901772017610011e-09 8.9004929444964335e-10 7.0700190063381952e-10 5.2410787609451919e-10 2.8170791138002248e-10 
4.2966327036678627e-09 2.1915935799986650e-09 1.6486983932227320e-09 1.3243204171366873e-09 3.6301280590471878e-09 9.0685209818155724e-10 7.4885287940153375e-10 6.0430781584604534e-10 4.5990476773405915e-10 2.6900016485617533e-10 
3.4327338812294943e-09 1.7738424468529693e-09 1.3458855721355009e-09 1.0901772017610011e-09 9.0685209818155724e-10 3.2997607297233833e-09 6.3677635896560068e-10 5.2281068654919589e-10 4.0896841084118053e-10 2.5896562526683868e-10 
2.6946619774263318e-09 1.4168700591185981e-09 1.0870992931159979e-09 8.9004929444964335e-10 7.4885287940153375e-10 6.3677635896560068e-10 3.0793970952774206e-09 4.5311708623767967e-10 3.6535413682800163e-10 2.5025338990973432e-10 
2.0199286207332188e-09 1.0904598486474296e-09 8.5043260770153678e-10 7.0700190063381952e-10 6.0430781584604534e-10 5.2281068654919589e-10 4.5311708623767967e-10 2.9278061404117021e-09 3.2548574095236005e-10 2.4215544246741822e-10 
1.3455883399631964e-09 7.6427222524569898e-10 6.1394377809632513e-10 5.2410787609451919e-10 4.5990476773405915e-10 4.0896841084118053e-10 3.6535413682800163e-10 3.2548574095236005e-10 2.8243802130811097e-09 2.3434991112680015e-10 
4.4575670431667243e-10 3.3018463029791410e-10 2.9984886773233138e-10 2.8170791138002248e-10 2.6900016485617533e-10 2.5896562526683868e-10 2.5025338990973432e-10 2.4215544246741822e-10 2.3434991112680015e-10 2.7651062510687292e-09 
