2.552553824175e-09 2.319872169021e-11 2.672616626057e-11 2.885677436715e-11 3.038608957255e-11 3.160190314831e-11 3.264377638679e-11 3.360289494569e-11 3.457623037819e-11 3.590908244023e-11 
2.319872169021e-11 2.583085099616e-09 5.520612612885e-11 6.189622054021e-11 6.670036829744e-11 7.051370992740e-11 7.378163021365e-11 7.679022189704e-11 7.984343936263e-11 8.402449938073e-11 
2.672616626057e-11 5.520612612885e-11 2.610399028949e-09 8.336600843362e-11 9.172309908250e-11 9.833206111621e-11 1.039869122295e-10 1.091932445667e-10 1.144771635097e-10 1.217130722376e-10 
2.885677436715e-11 6.189622054021e-11 8.336600843362e-11 2.637948062974e-09 1.118603809869e-10 1.217326760486e-10 1.301371829546e-10 1.378617073280e-10 1.457016274162e-10 1.564386284525e-10 
3.038608957255e-11 6.670036829744e-11 9.172309908250e-11 1.118603809869e-10 2.666979349314e-09 1.422428667514e-10 1.539576525103e-10 1.646628863632e-10 1.755129841056e-10 1.903761922493e-10 
3.160190314831e-11 7.051370992740e-11 9.833206111621e-11 1.217326760486e-10 1.422428667514e-10 2.698602403055e-09 1.757552699171e-10 1.899992510456e-10 2.043384216061e-10 2.239743166667e-10 
3.264377638679e-11 7.378163021365e-11 1.039869122295e-10 1.301371829546e-10 1.539576525103e-10 1.757552699171e-10 2.734221730365e-09 2.143492089795e-10 2.328664752838e-10 2.580360282671e-10 
3.360289494569e-11 7.679022189704e-11 1.091932445667e-10 1.378617073280e-10 1.646628863632e-10 1.899992510456e-10 2.143492089795e-10 2.776780066057e-09 2.624914232937e-10 2.943372149257e-10 
3.457623037819e-11 7.984343936263e-11 1.144771635097e-10 1.457016274162e-10 1.755129841056e-10 2.043384216061e-10 2.328664752838e-10 2.624914232937e-10 2.833633817619e-09 3.371774122456e-10 
3.590908244023e-11 8.402449938073e-11 1.217130722376e-10 1.564386284525e-10 1.903761922493e-10 2.239743166667e-10 2.580360282671e-10 2.943372149257e-10 3.371774122456e-10 2.943366012585e-09 
