2.1182435602130576e-08 9.1244210800218294e-09 6.6712022063148810e-09 5.2053678407177133e-09 4.1528420152741085e-09 3.3167807081026932e-09 2.6025068254487804e-09 1.9495582839096264e-09 1.2970391956218164e-09 4.2624383057279349e-10 
9.1244210800218294e-09 7.0603285243240339e-09 3.3354781765397859e-09 2.6265919768496630e-09 2.1177422827225091e-09 1.7135778320138620e-09 1.3682227624311861e-09 1.0524497802051456e-09 7.3691810298743091e-10 3.1698048482267100e-10 
6.6712022063148810e-09 3.3354781765397859e-09 5.0140011822933600e-09 1.9616692477516148e-09 1.5928840235550094e-09 1.2999859632282590e-09 1.0496783145821523e-09 8.2077632592694945e-10 5.9206637793492365e-10 2.8828561918684953e-10 
5.2053678407177133e-09 2.6265919768496630e-09 1.9616692477516148e-09 4.1028455499945910e-09 1.2792841152791104e-09 1.0528614239160663e-09 8.5933662252539677e-10 6.8233731486639935e-10 5.0550279067953971e-10 2.7112463471685996e-10 
4.1528420152741085e-09 2.1177422827225091e-09 1.5928840235550094e-09 1.2792841152791104e-09 3.5928245939465614e-09 8.7569234324950861e-10 7.2294906198054545e-10 5.8321924808369502e-10 4.4364071147343458e-10 2.5911124711078502e-10 
3.3167807081026932e-09 1.7135778320138620e-09 1.2999859632282590e-09 1.0528614239160663e-09 8.7569234324950861e-10 3.2734910512973740e-09 6.1469148789008476e-10 5.0456163149259839e-10 3.9456296392008645e-10 2.4962703405515116e-10 
2.6025068254487804e-09 1.3682227624311861e-09 1.0496783145821523e-09 8.5933662252539677e-10 7.2294906198054545e-10 6.1469148789008476e-10 3.0605805310411808e-09 4.3729807903090436e-10 3.5254095720290281e-10 2.4138974484178349e-10 
1.9495582839096264e-09 1.0524497802051456e-09 8.2077632592694945e-10 6.8233731486639935e-10 5.8321924808369502e-10 5.0456163149259839e-10 4.3729807903090436e-10 2.9142150396581384e-09 3.1413156358952302e-10 2.3373154083651520e-10 
1.2970391956218164e-09 7.3691810298743091e-10 5.9206637793492365e-10 5.0550279067953971e-10 4.4364071147343458e-10 3.9456296392008645e-10 3.5254095720290281e-10 3.1413156358952302e-10 2.8144838016403467e-09 2.2636223686225933e-10 
4.2624383057279349e-10 3.1698048482267100e-10 2.8828561918684953e-10 2.7112463471685996e-10 2.5911124711078502e-10 2.4962703405515116e-10 2.4138974484178349e-10 2.3373154083651520e-10 2.2636223686225933e-10 2.7576297611563752e-09 
