2.872936568253e-09 4.941608262217e-10 5.532244359812e-10 5.888715361393e-10 6.144550833142e-10 6.347937035947e-10 6.522226768290e-10 6.682673099258e-10 6.845497715241e-10 7.068460901568e-10 
4.941608262217e-10 3.382329161887e-09 1.011785320007e-09 1.117931878668e-09 1.194102216021e-09 1.254533094631e-09 1.306321082461e-09 1.354000620974e-09 1.402387559789e-09 1.468647974553e-09 
5.532244359812e-10 1.011785320007e-09 3.814747580096e-09 1.459447150390e-09 1.593496074315e-09 1.699331225830e-09 1.789838382453e-09 1.873167613906e-09 1.957741050658e-09 2.073557879856e-09 
5.888715361393e-10 1.117931878668e-09 1.459447150390e-09 4.260896586668e-09 1.927498174628e-09 2.090954496011e-09 2.229814113789e-09 2.357345708691e-09 2.486783613316e-09 2.664059998831e-09 
6.144550833142e-10 1.194102216021e-09 1.593496074315e-09 1.927498174628e-09 4.749712416948e-09 2.447597565506e-09 2.648759915715e-09 2.832049381338e-09 3.017680268600e-09 3.272009719024e-09 
6.347937035947e-10 1.254533094631e-09 1.699331225830e-09 2.090954496011e-09 2.447597565506e-09 5.303297289248e-09 3.043614400405e-09 3.296670104201e-09 3.550342327681e-09 3.897656357680e-09 
6.522226768290e-10 1.306321082461e-09 1.789838382453e-09 2.229814113789e-09 2.648759915715e-09 3.043614400405e-09 5.950955390074e-09 3.757302788946e-09 4.097012781604e-09 4.556441867254e-09 
6.682673099258e-10 1.354000620974e-09 1.873167613906e-09 2.357345708691e-09 2.832049381338e-09 3.296670104201e-09 3.757302788946e-09 6.760392743054e-09 4.689790135054e-09 5.290694994357e-09 
6.845497715241e-10 1.402387559789e-09 1.957741050658e-09 2.486783613316e-09 3.017680268600e-09 3.550342327681e-09 4.097012781604e-09 4.689790135054e-09 7.907582606800e-09 6.213135325333e-09 
7.068460901568e-10 1.468647974553e-09 2.073557879856e-09 2.664059998831e-09 3.272009719024e-09 3.897656357680e-09 4.556441867254e-09 5.290694994357e-09 6.213135325333e-09 1.030920585459e-08 
