7.7671324262175681e-08 3.7260683222597340e-08 2.7499037137791795e-08 2.1665142587021584e-08 1.7476148697358352e-08 1.4147928936905642e-08 1.1302476472513055e-08 8.6976002173512312e-09 6.0890651247289822e-09 2.6246225056254530e-09 
3.7260683222597340e-08 2.1203636095029175e-08 1.3871361260910612e-08 1.1006393935904809e-08 8.9496407714704104e-09 7.3155661752470079e-09 5.9182575519346868e-09 4.6387330755237153e-09 3.3571683895044766e-09 1.6583065513506225e-09 
2.7499037137791795e-08 1.3871361260910612e-08 1.2896368769221232e-08 8.2580733042333718e-09 6.7507927637303764e-09 5.5532925578435168e-09 4.5291802001173082e-09 3.5912129108912242e-09 2.6516208470966224e-09 1.4077573189478283e-09 
2.1665142587021584e-08 1.1006393935904809e-08 8.2580733042333718e-09 9.1540598489261579e-09 5.4367168133231219e-09 4.5001075016791172e-09 3.6990051886681920e-09 2.9651538062484051e-09 2.2299319889973842e-09 1.2579838734809455e-09 
1.7476148697358352e-08 8.9496407714704104e-09 6.7507927637303764e-09 5.4367168133231219e-09 7.0322647159079667e-09 3.7446076532396475e-09 3.1036611147987607e-09 2.5163772419034274e-09 1.9279217324304073e-09 1.1512604990211299e-09 
1.4147928936905642e-08 7.3155661752470079e-09 5.5532925578435168e-09 4.5001075016791172e-09 3.7446076532396475e-09 5.6828992651374413e-09 2.6307929398696815e-09 2.1599440492305954e-09 1.6880548949703596e-09 1.0665378529856723e-09 
1.1302476472513055e-08 5.9182575519346868e-09 4.5291802001173082e-09 3.6990051886681920e-09 3.1036611147987607e-09 2.6307929398696815e-09 4.7645775255952703e-09 1.8548965694519828e-09 1.4825787109378558e-09 9.9357420292927486e-10 
8.6976002173512312e-09 4.6387330755237153e-09 3.5912129108912242e-09 2.9651538062484051e-09 2.5163772419034274e-09 2.1599440492305954e-09 1.8548965694519828e-09 4.1136454532656900e-09 1.2942227978305075e-09 9.2611652691402783e-10 
6.0890651247289822e-09 3.3571683895044766e-09 2.6516208470966224e-09 2.2299319889973842e-09 1.9279217324304073e-09 1.6880548949703596e-09 1.4825787109378558e-09 1.2942227978305075e-09 3.6442802297613184e-09 8.5880764928536758e-10 
2.6246225056254530e-09 1.6583065513506225e-09 1.4077573189478283e-09 1.2579838734809455e-09 1.1512604990211299e-09 1.0665378529856723e-09 9.9357420292927486e-10 9.2611652691402783e-10 8.5880764928536758e-10 3.3156353241857074e-09 
