6.1942440993666309e-08 2.9403603099370056e-08 2.1671243429120319e-08 1.7050253883793689e-08 1.3732137173851859e-08 1.1095898483882051e-08 8.8422548583627199e-09 6.7794801098586486e-09 4.7142076631667831e-09 1.9692197451039352e-09 
2.9403603099370056e-08 1.7247966196766990e-08 1.0921551772430877e-08 8.6577972177713720e-09 7.0326677496493101e-09 5.7415544309244711e-09 4.6376113448484425e-09 3.6268929075292959e-09 2.6148011254141483e-09 1.2723111618813873e-09 
2.1671243429120319e-08 1.0921551772430877e-08 1.0688610769008154e-08 6.4938530469037691e-09 5.3049770893824837e-09 4.3604774362346077e-09 3.5528039444837509e-09 2.8131973586799451e-09 2.0725056702863119e-09 1.0914264328607864e-09 
1.7050253883793689e-08 8.6577972177713720e-09 6.4938530469037691e-09 7.7391294211238773e-09 4.2725158864794103e-09 3.5351410032217181e-09 2.9045024403651996e-09 2.3269084604196394e-09 1.7484068070385985e-09 9.8330727146111408e-10 
1.3732137173851859e-08 7.0326677496493101e-09 5.3049770893824837e-09 4.2725158864794103e-09 6.0701861031318577e-09 2.9431452453736387e-09 2.4396489279382738e-09 1.9783921234027449e-09 1.5163688898356281e-09 9.0638907701407997e-10 
1.1095898483882051e-08 5.7415544309244711e-09 4.3604774362346077e-09 3.5351410032217181e-09 2.9431452453736387e-09 5.0113575010980045e-09 2.0704593080490039e-09 1.7016199534913492e-09 1.3321041924267606e-09 8.4535598833499388e-10 
8.8422548583627199e-09 4.6376113448484425e-09 3.5528039444837509e-09 2.9045024403651996e-09 2.4396489279382738e-09 2.0704593080490039e-09 4.2929965570785523e-09 1.4647689517636082e-09 1.1742629411710246e-09 7.9275685556047671e-10 
6.7794801098586486e-09 3.6268929075292959e-09 2.8131973586799451e-09 2.3269084604196394e-09 1.9783921234027449e-09 1.7016199534913492e-09 1.4647689517636082e-09 3.7861012214840502e-09 1.0296193848032913e-09 7.4410514502849411e-10 
4.7142076631667831e-09 2.6148011254141483e-09 2.0725056702863119e-09 1.7484068070385985e-09 1.5163688898356281e-09 1.3321041924267606e-09 1.1742629411710246e-09 1.0296193848032913e-09 3.4235284514484644e-09 6.9568607407783175e-10 
1.9692197451039352e-09 1.2723111618813873e-09 1.0914264328607864e-09 9.8330727146111408e-10 9.0638907701407997e-10 8.4535598833499388e-10 7.9275685556047671e-10 7.4410514502849411e-10 6.9568607407783175e-10 3.1762534436999227e-09 
