2.568748446337e-09 4.830659077229e-11 5.508501321099e-11 5.917362595329e-11 6.210855544251e-11 6.444187548126e-11 6.644137046680e-11 6.828204650267e-11 7.015000653202e-11 7.270791497162e-11 
4.830659077229e-11 2.627316223890e-09 1.081226568159e-10 1.202317462294e-10 1.289273011920e-10 1.358306491326e-10 1.417465498547e-10 1.471929419687e-10 1.527201141975e-10 1.602889693931e-10 
5.508501321099e-11 1.081226568159e-10 2.676286285159e-09 1.579222954255e-10 1.725895174781e-10 1.841928888672e-10 1.941220052335e-10 2.032634691422e-10 2.125411178358e-10 2.252460828610e-10 
5.917362595329e-11 1.202317462294e-10 1.579222954255e-10 2.724242286630e-09 2.070928784431e-10 2.240834211650e-10 2.385521042820e-10 2.518507476901e-10 2.653479449983e-10 2.838326819167e-10 
6.210855544251e-11 1.289273011920e-10 1.725895174781e-10 2.070928784431e-10 2.773877726198e-09 2.587398618988e-10 2.786408657691e-10 2.968287211652e-10 3.152623941379e-10 3.405139882190e-10 
6.444187548126e-11 1.358306491326e-10 1.841928888672e-10 2.240834211650e-10 2.587398618988e-10 2.827354080183e-09 3.152140294278e-10 3.392151263659e-10 3.633723344961e-10 3.964514280881e-10 
6.644137046680e-11 1.417465498547e-10 1.941220052335e-10 2.385521042820e-10 2.786408657691e-10 3.152140294278e-10 2.887221362229e-09 3.799594161448e-10 4.110030262947e-10 4.531742122212e-10 
6.828204650267e-11 1.471929419687e-10 2.032634691422e-10 2.518507476901e-10 2.968287211652e-10 3.392151263659e-10 3.799594161448e-10 2.958576885836e-09 4.606139949563e-10 5.137684145687e-10 
7.015000653202e-11 1.527201141975e-10 2.125411178358e-10 2.653479449983e-10 3.152623941379e-10 3.633723344961e-10 4.110030262947e-10 4.606139949563e-10 3.054062539144e-09 5.858508302788e-10 
7.270791497162e-11 1.602889693931e-10 2.252460828610e-10 2.838326819167e-10 3.405139882190e-10 3.964514280881e-10 4.531742122212e-10 5.137684145687e-10 5.858508302788e-10 3.239954689271e-09 
