1.1183678991551144e-07 5.4341487184504326e-08 4.0175425912110708e-08 3.1708990862798665e-08 2.5629875704251365e-08 2.0799838559374224e-08 1.6669969157875205e-08 1.2888535972923667e-08 9.1010412628670350e-09 4.0763169475984628e-09 
5.4341487184504326e-08 2.9804139876509847e-08 2.0285431101588242e-08 1.6113592814566621e-08 1.3118622283195404e-08 1.0739065286452086e-08 8.7040768533684550e-09 6.8402454642923550e-09 4.9729688091510537e-09 2.4999875271766420e-09 
4.0175425912110708e-08 2.0285431101588242e-08 1.7695754498406140e-08 1.2092316299880929e-08 9.8921852756631566e-09 8.1441580856359548e-09 6.6490752193939373e-09 5.2794666971421410e-09 3.9070850872456389e-09 2.0917498580282505e-09 
3.1708990862798665e-08 1.6113592814566621e-08 1.2092316299880929e-08 1.2227421993143832e-08 7.9638922085161071e-09 6.5932741158770316e-09 5.4208355841391442e-09 4.3465874878665839e-09 3.2699758774431522e-09 1.8476753482397710e-09 
2.5629875704251365e-08 1.3118622283195404e-08 9.8921852756631566e-09 7.9638922085161071e-09 9.1185858035875691e-09 5.4806044036194785e-09 4.5398625163570496e-09 3.6776925486456393e-09 2.8134740143877449e-09 1.6734303601694391e-09 
2.0799838559374224e-08 1.0739065286452086e-08 8.1441580856359548e-09 6.5932741158770316e-09 5.4806044036194785e-09 7.1350845130777490e-09 3.8400469169008550e-09 3.1463576859410774e-09 2.4508342006184255e-09 1.5350296533682589e-09 
1.6669969157875205e-08 8.7040768533684550e-09 6.6490752193939373e-09 5.4208355841391442e-09 4.5398625163570496e-09 3.8400469169008550e-09 5.7795581097334021e-09 2.6915808165403571e-09 2.1401802648187004e-09 1.4159328661966693e-09 
1.2888535972923667e-08 6.8402454642923550e-09 5.2794666971421410e-09 4.3465874878665839e-09 3.6776925486456393e-09 3.1463576859410774e-09 2.6915808165403571e-09 4.8129221960588482e-09 1.8553052284133385e-09 1.3058839405346356e-09 
9.1010412628670350e-09 4.9729688091510537e-09 3.9070850872456389e-09 3.2699758774431522e-09 2.8134740143877449e-09 2.4508342006184255e-09 2.1401802648187004e-09 1.8553052284133385e-09 4.1085223499589302e-09 1.1957738582230940e-09 
4.0763169475984628e-09 2.4999875271766420e-09 2.0917498580282505e-09 1.8476753482397710e-09 1.6734303601694391e-09 1.5350296533682589e-09 1.4159328661966693e-09 1.3058839405346356e-09 1.1957738582230940e-09 3.5986505452447173e-09 
