2.547385057676e-09 1.489304099060e-11 1.724256492410e-11 1.866296237514e-11 1.968244115086e-11 2.049292113886e-11 2.118745232453e-11 2.182681826365e-11 2.247566145548e-11 2.336416662218e-11 
1.489304099060e-11 2.567738993388e-09 3.653959144602e-11 4.115058558890e-11 4.446151540829e-11 4.708916245445e-11 4.934099429425e-11 5.141414793246e-11 5.351805432858e-11 5.639913718435e-11 
1.724256492410e-11 3.653959144602e-11 2.586674226559e-09 5.624032505146e-11 6.212015730185e-11 6.676813625882e-11 7.074466170915e-11 7.440582293609e-11 7.812156742948e-11 8.320999596276e-11 
1.866296237514e-11 4.115058558890e-11 5.624032505146e-11 2.606173516193e-09 7.654326795110e-11 8.359425923304e-11 8.959454056757e-11 9.510882099011e-11 1.007055335371e-10 1.083704404226e-10 
1.968244115086e-11 4.446151540829e-11 6.212015730185e-11 7.654326795110e-11 2.627025925465e-09 9.848033319465e-11 1.069457800048e-10 1.146791494719e-10 1.225168519335e-10 1.332536268700e-10 
2.049292113886e-11 4.708916245445e-11 6.676813625882e-11 8.359425923304e-11 9.848033319465e-11 2.649988832094e-09 1.229104239191e-10 1.332957881862e-10 1.437483557584e-10 1.580620890644e-10 
2.118745232453e-11 4.934099429425e-11 7.074466170915e-11 8.959454056757e-11 1.069457800048e-10 1.229104239191e-10 2.676062526707e-09 1.512487094973e-10 1.648435061851e-10 1.833218216545e-10 
2.182681826365e-11 5.141414793246e-11 7.440582293609e-11 9.510882099011e-11 1.146791494719e-10 1.332957881862e-10 1.512487094973e-10 2.707408196726e-09 1.867836359383e-10 2.102988152519e-10 
2.247566145548e-11 5.351805432858e-11 7.812156742948e-11 1.007055335371e-10 1.225168519335e-10 1.437483557584e-10 1.648435061851e-10 1.867836359383e-10 2.749447467482e-09 2.421451658022e-10 
2.336416662218e-11 5.639913718435e-11 8.320999596276e-11 1.083704404226e-10 1.332536268700e-10 1.580620890644e-10 1.833218216545e-10 2.102988152519e-10 2.421451658022e-10 2.830754100338e-09 
