7.170018690236e-08 2.025268691852e-08 4.060936335816e-09 5.346559249411e-10 4.927434124725e-11 2.954071608131e-12 9.878269600098e-14 1.394527871703e-15 4.501769555069e-18 5.246414820545e-22 
2.025268691852e-08 7.779164298091e-08 2.909656316233e-08 8.895368686420e-09 1.690066237143e-09 2.010940146802e-10 1.354936424482e-11 4.018359123042e-13 2.937441798639e-15 9.072096718526e-19 
4.060936335816e-09 2.909656316233e-08 7.130895093252e-08 2.829227086537e-08 1.033642212594e-08 2.220333373086e-09 2.647116357969e-10 1.418655245922e-11 2.022571030710e-13 1.452963066122e-16 
5.346559249411e-10 8.895368686420e-09 2.829227086537e-08 6.525537492050e-08 2.535406475259e-08 9.754050246730e-09 2.025523685970e-09 1.895828556739e-10 4.999568840031e-12 7.908024830716e-15 
4.927434124725e-11 1.690066237143e-09 1.033642212594e-08 2.535406475259e-08 5.996840747041e-08 2.191424984252e-08 8.059254178048e-09 1.344308912558e-09 6.605414843209e-11 2.289689109966e-13 
2.954071608131e-12 2.010940146802e-10 2.220333373086e-09 9.754050246730e-09 2.191424984252e-08 5.540797919841e-08 1.820026259216e-08 5.662757406296e-09 5.453660817191e-10 4.357144876671e-12 
9.878269600098e-14 1.354936424482e-11 2.647116357969e-10 2.025523685970e-09 8.059254178048e-09 1.820026259216e-08 5.119235610667e-08 1.420139424011e-08 2.918982127150e-09 6.014219906684e-11 
1.394527871703e-15 4.018359123042e-13 1.418655245922e-11 1.895828556739e-10 1.344308912558e-09 5.662757406296e-09 1.420139424011e-08 4.716108597157e-08 9.514248061735e-09 6.130086715045e-10 
4.501769555069e-18 2.937441798639e-15 2.022571030710e-13 4.999568840031e-12 6.605414843209e-11 5.453660817191e-10 2.918982127150e-09 9.514248061735e-09 4.288670695172e-08 4.211881858506e-09 
5.246414820545e-22 9.072096718526e-19 1.452963066122e-16 7.908024830716e-15 2.289689109966e-13 4.357144876671e-12 6.014219906684e-11 6.130086715045e-10 4.211881858506e-09 3.638599420838e-08 
