1.9638943507127358e-07 6.6363125809490250e-08 1.2352931100854293e-08 1.5487540907090355e-09 1.3815629446172432e-10 8.1080280233515807e-12 2.6800262218776537e-13 3.7635590051975309e-15 1.2267960779098051e-17 1.4747316048976113e-21 
6.6363125809490250e-08 1.8081461029170018e-07 8.5260047615853193e-08 2.5184598310443108e-08 4.6714741052531336e-09 5.4789735640562982e-10 3.6629611672731829e-11 1.0861626770894031e-12 8.0525982018775097e-15 2.5693472406014267e-18 
1.2352931100854293e-08 8.5260047615853193e-08 1.5077153993925074e-07 7.8635627489295001e-08 2.8287891986719434e-08 6.0212024285294070e-09 7.1466568139382897e-10 3.8481972105328882e-11 5.5759613630773523e-13 4.1487900135453707e-16 
1.5487540907090355e-09 2.5184598310443108e-08 7.8635627489295001e-08 1.2978200394880711e-07 6.8903022689966945e-08 2.6363296922611233e-08 5.4725196296995199e-09 5.1675135472305490e-10 1.3864535134286440e-11 2.2789445676273533e-14 
1.3815629446172432e-10 4.6714741052531336e-09 2.8287891986719434e-08 6.8903022689966945e-08 1.1410781670802518e-07 5.9159790176546304e-08 2.1851524084064410e-08 3.6868952108352400e-09 1.8446317396236006e-10 6.6682812464850673e-13 
8.1080280233515807e-12 5.4789735640562982e-10 6.0212024285294070e-09 2.6363296922611233e-08 5.9159790176546304e-08 1.0186061867062405e-07 4.9683587070363061e-08 1.5651911187082048e-08 1.5375002071298494e-09 1.2847929575562960e-11 
2.6800262218776537e-13 3.6629611672731829e-11 7.1466568139382897e-10 5.4725196296995199e-09 2.1851524084064410e-08 4.9683587070363061e-08 9.1561829515544987e-08 3.9668920238480251e-08 8.3474761252326547e-09 1.8011651070781148e-10 
3.7635590051975309e-15 1.0861626770894031e-12 3.8481972105328882e-11 5.1675135472305490e-10 3.6868952108352400e-09 1.5651911187082048e-08 3.9668920238480251e-08 8.2058922008236193e-08 2.7822929665232536e-08 1.8750715699826763e-09 
1.2267960779098051e-17 8.0525982018775097e-15 5.5759613630773523e-13 1.3864535134286440e-11 1.8446317396236006e-10 1.5375002071298494e-09 8.3474761252326547e-09 2.7822929665232536e-08 7.2605056062700726e-08 1.3315550822231967e-08 
1.4747316048976113e-21 2.5693472406014267e-18 4.1487900135453707e-16 2.2789445676273533e-14 6.6682812464850673e-13 1.2847929575562960e-11 1.8011651070781148e-10 1.8750715699826763e-09 1.3315550822231967e-08 5.5823922071066599e-08 
