9.974160011452e-08 3.155591798104e-08 6.143457634185e-09 7.912790117818e-10 7.170951317001e-11 4.240344028778e-12 1.405811218240e-13 1.963439975758e-15 6.317950137955e-18 7.337421694182e-22 
3.155591798104e-08 1.035882416278e-07 4.329028613420e-08 1.301566669677e-08 2.437407227470e-09 2.871846864449e-10 1.918314952173e-11 5.640482182998e-13 4.125257297923e-15 1.268520472346e-18 
6.143457634185e-09 4.329028613420e-08 9.142044412446e-08 4.095104216687e-08 1.480762683053e-08 3.157416844305e-09 3.731171597802e-10 1.990147980307e-11 2.839618500123e-13 2.033648293195e-16 
7.912790117818e-10 1.301566669677e-08 4.095104216687e-08 8.134651572661e-08 3.613304043946e-08 1.380116638834e-08 2.845511036258e-09 2.660704019264e-10 7.011309058468e-12 1.109349149864e-14 
7.170951317001e-11 2.437407227470e-09 1.480762683053e-08 3.613304043946e-08 7.320626005034e-08 3.083940018557e-08 1.130602033640e-08 1.887592725483e-09 9.249468986998e-11 3.223142470744e-13 
4.240344028778e-12 2.871846864449e-10 3.157416844305e-09 1.380116638834e-08 3.083940018557e-08 6.637041152956e-08 2.554817286945e-08 7.946321665521e-09 7.628783775894e-10 6.161275051255e-12 
1.405811218240e-13 1.918314952173e-11 3.731171597802e-10 2.845511036258e-09 1.130602033640e-08 2.554817286945e-08 6.047632368335e-08 1.988412142602e-08 4.088596610473e-09 8.549567306799e-11 
1.963439975758e-15 5.640482182998e-13 1.990147980307e-11 2.660704019264e-10 1.887592725483e-09 7.946321665521e-09 1.988412142602e-08 5.472862260105e-08 1.341398092182e-08 8.757472484156e-10 
6.317950137955e-18 4.125257297923e-15 2.839618500123e-13 7.011309058468e-12 9.249468986998e-11 7.628783775894e-10 4.088596610473e-09 1.341398092182e-08 4.912173812989e-08 6.036013127394e-09 
7.337421694182e-22 1.268520472346e-18 2.033648293195e-16 1.109349149864e-14 3.223142470744e-13 6.161275051255e-12 8.549567306799e-11 8.757472484156e-10 6.036013127394e-09 4.013188440197e-08 
