7.7098839156029338e-07 2.8368420453799850e-07 5.5204305262195975e-08 7.3065670061207327e-09 6.9132379659375453e-10 4.2981912106352759e-11 1.4994890810689545e-12 2.2591289334324373e-14 8.0676576346961260e-17 1.0401721028591397e-20 
2.8368420453799850e-07 7.0392431689517486e-07 3.9619682014696950e-07 1.2353595859384721e-07 2.4245144524165040e-08 2.9950145767636312e-09 2.1170143184827512e-10 6.7579792176002089e-12 5.4164559300631596e-14 1.8257836890678886e-17 
5.5204305262195975e-08 3.9619682014696950e-07 6.2437798869093917e-07 4.0200304071397783e-07 1.5169054532392451e-07 3.3846307782177963e-08 4.2603177058566961e-09 2.4656975967323644e-10 3.8110183533453582e-12 2.9703580092458990e-15 
7.3065670061207327e-09 1.2353595859384721e-07 4.0200304071397783e-07 5.6917131149232869e-07 3.8184473916793293e-07 1.5303696972339815e-07 3.3721127156566025e-08 3.3974442419342449e-09 9.5947668001617048e-11 1.6456067737563896e-13 
6.9132379659375453e-10 2.4245144524165040e-08 1.5169054532392451e-07 3.8184473916793293e-07 5.2268537511425933e-07 3.5729584876839190e-07 1.3955822430751187e-07 2.4816072461705164e-08 1.2904762603172219e-09 4.8653854992409313e-12 
4.2981912106352759e-11 2.9950145767636312e-09 3.3846307782177963e-08 1.5303696972339815e-07 3.5729584876839190e-07 4.9391586003459313e-07 3.2885084007231370e-07 1.0757642941092983e-07 1.0874659760041838e-08 9.5019561357959021e-11 
1.4994890810689545e-12 2.1170143184827512e-10 4.2603177058566961e-09 3.3721127156566025e-08 1.3955822430751187e-07 3.2885084007231370e-07 4.6083042040119940e-07 2.7760153291616931e-07 5.9857599541985605e-08 1.3580154451861267e-09 
2.2591289334324373e-14 6.7579792176002089e-12 2.4656975967323644e-10 3.3974442419342449e-09 2.4816072461705164e-08 1.0757642941092983e-07 2.7760153291616931e-07 4.1196359020669419e-07 2.0399865834946391e-07 1.4574342104561663e-08 
8.0676576346961260e-17 5.4164559300631596e-14 3.8110183533453582e-12 9.5947668001617048e-11 1.2904762603172219e-09 1.0874659760041838e-08 5.9857599541985605e-08 2.0399865834946391e-07 3.6785171870844273e-07 1.0878557456082935e-07 
1.0401721028591397e-20 1.8257836890678886e-17 2.9703580092458990e-15 1.6456067737563896e-13 4.8653854992409313e-12 9.5019561357959021e-11 1.3580154451861267e-09 1.4574342104561663e-08 1.0878557456082935e-07 2.6798307156336867e-07 
