8.0085408011558840e-08 2.3747799938904180e-08 4.7139367339737377e-09 6.1583374806362942e-10 5.6418129940254377e-11 3.3662601767597806e-12 1.1220382632482457e-13 1.5757158317232643e-15 5.0781235704631045e-18 5.8939931302805468e-22 
2.3747799938904180e-08 8.5864088370141191e-08 3.3576210850741816e-08 1.0204858588223290e-08 1.9289389547958545e-09 2.2874508565055999e-10 1.5351369888229931e-11 4.5340873425375757e-13 3.3130888567696984e-15 1.0188586626592201e-18 
4.7139367339737377e-09 3.3576210850741816e-08 7.7695119530830800e-08 3.2331643375926970e-08 1.1770670189483658e-08 2.5210173817771880e-09 2.9926826087104858e-10 1.6002247476761270e-11 2.2796412107035075e-13 1.6322121414983881e-16 
6.1583374806362942e-10 1.0204858588223290e-08 3.2331643375926970e-08 7.0413598763181194e-08 2.8816085954166126e-08 1.1047961540686280e-08 2.2863381054606328e-09 2.1384598740832228e-10 5.6288174635096527e-12 8.8906755415252061e-15 
5.6418129940254377e-11 1.9289389547958545e-09 1.1770670189483658e-08 2.8816085954166126e-08 6.4205116570281736e-08 2.4756080918518497e-08 9.0908382069841339e-09 1.5160067262277288e-09 7.4277044868612849e-11 2.5773774223521513e-13 
3.3662601767597806e-12 2.2874508565055999e-10 2.5210173817771880e-09 1.1047961540686280e-08 2.4756080918518497e-08 5.8892006985809698e-08 2.0529675210798381e-08 6.3793734808840400e-09 6.1269412723943781e-10 4.9121169190053265e-12 
1.1220382632482457e-13 1.5351369888229931e-11 2.9926826087104858e-10 2.2863381054606328e-09 9.0908382069841339e-09 2.0529675210798381e-08 5.4113815495424947e-08 1.5968354925820466e-08 3.2800224072642674e-09 6.7906958709483270e-11 
1.5757158317232643e-15 4.5340873425375757e-13 1.6002247476761270e-11 2.1384598740832228e-10 1.5160067262277288e-09 6.3793734808840400e-09 1.5968354925820466e-08 4.9499283985445668e-08 1.0715132809977555e-08 6.9264667986253042e-10 
5.0781235704631045e-18 3.3130888567696984e-15 2.2796412107035075e-13 5.6288174635096527e-12 7.4277044868612849e-11 6.1269412723943781e-10 3.2800224072642674e-09 1.0715132809977555e-08 4.4786554622629739e-08 4.7551497225368559e-09 
5.8939931302805468e-22 1.0188586626592201e-18 1.6322121414983881e-16 8.8906755415252061e-15 2.5773774223521513e-13 4.9121169190053265e-12 6.7906958709483270e-11 6.9264667986253042e-10 4.7551497225368559e-09 3.7491180084649818e-08 
