4.4458873501599781e-07 1.5239684118876406e-07 2.8434098770916181e-08 3.6282037881045335e-09 3.3190934405248216e-10 2.0081611045503657e-11 6.8800574260425012e-13 1.0074302046210771e-14 3.4654109574458857e-17 4.4670384768726027e-21 
1.5239684118876406e-07 3.7883912243744425e-07 1.9861562600778818e-07 5.9967417341837802e-08 1.1432648403675595e-08 1.3844880304781186e-09 9.5964300051633090e-11 2.9649247074056949e-12 2.3148802476248429e-14 7.8643040814452017e-18 
2.8434098770916181e-08 1.9861562600778818e-07 3.1897756168752257e-07 1.9091929094292347e-07 7.0579074731584927e-08 1.5501300958209956e-08 1.9055255337200490e-09 1.0688111479403093e-10 1.6267297622881761e-12 1.2830129883370041e-15 
3.6282037881045335e-09 5.9967417341837802e-08 1.9091929094292347e-07 2.8053632193047336e-07 1.7572025016326507e-07 6.9242288457806053e-08 1.4859703421179371e-08 1.4601082570233343e-09 4.0993437344450963e-11 7.1257111702207488e-14 
3.3190934405248216e-10 1.1432648403675595e-08 7.0579074731584927e-08 1.7572025016326507e-07 2.5270921967240558e-07 1.5887962485032946e-07 6.0573430688285931e-08 1.0609437549545797e-08 5.5270510813148262e-10 2.1108322343481138e-12 
2.0081611045503657e-11 1.3844880304781186e-09 1.5501300958209956e-08 6.9242288457806053e-08 1.5887962485032946e-07 2.3114355889986115e-07 1.4105817040063615e-07 4.5936312290380274e-08 4.6752703402205776e-09 4.1257908088333179e-11 
6.8800574260425012e-13 9.5964300051633090e-11 1.9055255337200490e-09 1.4859703421179371e-08 6.0573430688285931e-08 1.4105817040063615e-07 2.1290858530906212e-07 1.1891115083946542e-07 2.5859626846341161e-08 5.8868397077234772e-10 
1.0074302046210771e-14 2.9649247074056949e-12 1.0688111479403093e-10 1.4601082570233343e-09 1.0609437549545797e-08 4.5936312290380274e-08 1.1891115083946542e-07 1.9366555080022449e-07 8.8502735545775356e-08 6.2666420265681760e-09 
3.4654109574458857e-17 2.3148802476248429e-14 1.6267297622881761e-12 4.0993437344450963e-11 5.5270510813148262e-10 4.6752703402205776e-09 2.5859626846341161e-08 8.8502735545775356e-08 1.7485660715466170e-07 4.5650450050283806e-08 
4.4670384768726027e-21 7.8643040814452017e-18 1.2830129883370041e-15 7.1257111702207488e-14 2.1108322343481138e-12 4.1257908088333179e-11 5.8868397077234772e-10 6.2666420265681760e-09 4.5650450050283806e-08 1.2536152995106134e-07 
