1.404440647414e-07 4.675939471480e-08 8.870373193706e-09 1.123316601159e-09 1.006218294562e-10 5.910862364147e-12 1.947377853805e-13 2.720482401511e-15 8.774934190495e-18 1.032170364573e-21 
4.675939471480e-08 1.374895391395e-07 6.170924507234e-08 1.832430096815e-08 3.405303601404e-09 3.988402938855e-10 2.654670062240e-11 7.829277278807e-13 5.728971703039e-15 1.792756833058e-18 
8.870373193706e-09 6.170924507234e-08 1.173408902729e-07 5.730742875909e-08 2.061303914039e-08 4.373570493219e-09 5.168319455452e-10 2.764167391335e-11 3.947902592361e-13 2.885231048344e-16 
1.123316601159e-09 1.832430096815e-08 5.730742875909e-08 1.022410005384e-07 5.010796197901e-08 1.910046038416e-08 3.947696346475e-09 3.695423236386e-10 9.774310861425e-12 1.578630083082e-14 
1.006218294562e-10 3.405303601404e-09 2.061303914039e-08 5.010796197901e-08 9.048061483817e-08 4.274382749065e-08 1.570251893149e-08 2.622100267897e-09 1.295182754652e-10 4.596693447173e-13 
5.910862364147e-12 3.988402938855e-10 4.373570493219e-09 1.910046038416e-08 4.274382749065e-08 8.120356868862e-08 3.548174954286e-08 1.106077431984e-08 1.074824007808e-09 8.801782912176e-12 
1.947377853805e-13 2.654670062240e-11 5.168319455452e-10 3.947696346475e-09 1.570251893149e-08 3.548174954286e-08 7.307420326659e-08 2.784984575728e-08 5.800800197428e-09 1.223823044725e-10 
2.720482401511e-15 7.829277278807e-13 2.764167391335e-11 3.695423236386e-10 2.622100267897e-09 1.106077431984e-08 2.784984575728e-08 6.573355105960e-08 1.913767286196e-08 1.260085175423e-09 
8.774934190495e-18 5.728971703039e-15 3.947902592361e-13 9.774310861425e-12 1.295182754652e-10 1.074824007808e-09 5.800800197428e-09 1.913767286196e-08 5.821762267479e-08 8.832773881578e-09 
1.032170364573e-21 1.792756833058e-18 2.885231048344e-16 1.578630083082e-14 4.596693447173e-13 8.801782912176e-12 1.223823044725e-10 1.260085175423e-09 8.832773881578e-09 4.615359263537e-08 
