9.655037352033e-08 3.031253280584e-08 5.917987980374e-09 7.636783624687e-10 6.932223796845e-11 4.102765019722e-12 1.360831321229e-13 1.903459497180e-15 6.115836614207e-18 7.116631882907e-22 
3.031253280584e-08 1.007877416451e-07 4.176284270542e-08 1.257497613552e-08 2.357917569995e-09 2.779015908354e-10 1.858570649592e-11 5.466336438385e-13 3.993509745936e-15 1.229854529753e-18 
5.917987980374e-09 4.176284270542e-08 8.926548621657e-08 3.960649474040e-08 1.432773434559e-08 3.056845098653e-09 3.616679259111e-10 1.927485425270e-11 2.750418462366e-13 1.970015573457e-16 
7.636783624687e-10 1.257497613552e-08 3.960649474040e-08 7.962342672572e-08 3.497112903661e-08 1.337225132313e-08 2.757949014914e-09 2.575838799061e-10 6.795618388729e-12 1.073441045409e-14 
6.932223796845e-11 2.357917569995e-09 1.432773434559e-08 3.497112903661e-08 7.179936959824e-08 2.989512747470e-08 1.095093559846e-08 1.827511574482e-09 8.969396308366e-11 3.115191868381e-13 
4.102765019722e-12 2.779015908354e-10 3.056845098653e-09 1.337225132313e-08 2.989512747470e-08 6.517975266299e-08 2.473160264084e-08 7.699029120915e-09 7.397354039867e-10 5.949387535227e-12 
1.360831321229e-13 1.858570649592e-11 3.616679259111e-10 2.757949014914e-09 1.095093559846e-08 2.473160264084e-08 5.946241792278e-08 1.928240465937e-08 3.959837627324e-09 8.252873020018e-11 
1.903459497180e-15 5.466336438385e-13 1.927485425270e-11 2.575838799061e-10 1.827511574482e-09 7.699029120915e-09 1.928240465937e-08 5.390965159857e-08 1.296213446899e-08 8.460222122814e-10 
6.115836614207e-18 3.993509745936e-15 2.750418462366e-13 6.795618388729e-12 8.969396308366e-11 7.397354039867e-10 3.959837627324e-09 1.296213446899e-08 4.840461205889e-08 5.839969021247e-09 
7.116631882907e-22 1.229854529753e-18 1.970015573457e-16 1.073441045409e-14 3.115191868381e-13 5.949387535227e-12 8.252873020018e-11 8.460222122814e-10 5.839969021247e-09 3.970025312942e-08 
