2.7080653544673566e-07 9.1720963858338457e-08 1.6923093237051043e-08 2.1188320192612145e-09 1.8947705856060865e-10 1.1179116478346246e-11 3.7277634484144655e-13 5.3018421780407596e-15 1.7593988612804429e-17 2.1745236581634412e-21 
9.1720963858338457e-08 2.3747794666135090e-07 1.1663629193699156e-07 3.4502400489806406e-08 6.4262179099493887e-09 7.5896385673682342e-10 5.1253564939959257e-11 1.5399707730853844e-12 1.1619852372487174e-14 3.8065177989942695e-18 
1.6923093237051043e-08 1.1663629193699156e-07 1.9604996917378065e-07 1.0802325652392016e-07 3.9067368200677563e-08 8.3822328650574656e-09 1.0055167725014022e-09 5.4874949538382484e-11 8.0908041673712975e-13 6.1742348106877237e-16 
2.1188320192612145e-09 3.4502400489806406e-08 1.0802325652392016e-07 1.6835205036565925e-07 9.5672773171036793e-08 3.6917255953934439e-08 7.7454503033601322e-09 7.4118581903366547e-10 2.0227111405629970e-11 3.4069655628980458e-14 
1.8947705856060865e-10 6.4262179099493887e-09 3.9067368200677563e-08 9.5672773171036793e-08 1.4831484303412474e-07 8.3429802846666046e-08 3.1139923519510332e-08 5.3224370143115422e-09 2.7066705840884705e-10 1.0016253565393785e-12 
1.1179116478346246e-11 7.5896385673682342e-10 8.3822328650574656e-09 3.6917255953934439e-08 8.3429802846666046e-08 1.3295677108696615e-07 7.1379770883315770e-08 2.2765963763645421e-08 2.2709714521785664e-09 1.9399130842002798e-11 
3.7277634484144655e-13 5.1253564939959257e-11 1.0055167725014022e-09 7.7454503033601322e-09 3.1139923519510332e-08 7.1379770883315770e-08 1.2011384826783903e-07 5.8219111805257493e-08 1.2430122988603424e-08 2.7365049591546541e-10 
5.3018421780407596e-15 1.5399707730853844e-12 5.4874949538382484e-11 7.4118581903366547e-10 5.3224370143115422e-09 2.2765963763645421e-08 5.8219111805257493e-08 1.0811732410681517e-07 4.1862221379716746e-08 2.8728780649340184e-09 
1.7593988612804429e-17 1.1619852372487174e-14 8.0908041673712975e-13 2.0227111405629970e-11 2.7066705840884705e-10 2.2709714521785664e-09 1.2430122988603424e-08 4.1862221379716746e-08 9.5927066424779119e-08 2.0674247855257683e-08 
2.1745236581634412e-21 3.8065177989942695e-18 6.1742348106877237e-16 3.4069655628980458e-14 1.0016253565393785e-12 1.9399130842002798e-11 2.7365049591546541e-10 2.8728780649340184e-09 2.0674247855257683e-08 7.1935895196555854e-08 
