9.6562871855810038e-07 3.6874158516067758e-07 7.2947140592485468e-08 9.7443145016900363e-09 9.2542051323587606e-10 5.8400180194064922e-11 2.0686907133399702e-12 3.0559781317567790e-14 1.0575929983622678e-16 1.4481307493073394e-20 
3.6874158516067758e-07 9.1867118198825224e-07 5.2757033301156517e-07 1.6513426967621896e-07 3.2714660464819974e-08 4.1130320696622102e-09 2.9052105219818044e-10 8.9954110484178379e-12 7.1250628195158571e-14 2.5779987065800246e-17 
7.2947140592485468e-08 5.2757033301156517e-07 8.2472352357492828e-07 5.4026882973573562e-07 2.0696307006887475e-07 4.6639306013668666e-08 5.7787703917450125e-09 3.2488711772791823e-10 5.0625341597942399e-12 4.2422709079941823e-15 
9.7443145016900363e-09 1.6513426967621896e-07 5.4026882973573562e-07 7.6440911445490610e-07 5.2584218194993477e-07 2.0970020509043745e-07 4.5083262518547924e-08 4.4595374245239188e-09 1.2925629655310906e-10 2.3708387339414158e-13 
9.2542051323587606e-10 3.2714660464819974e-08 2.0696307006887475e-07 5.2584218194993477e-07 7.0750797949875453e-07 4.8194124572685761e-07 1.8408184697647482e-07 3.2700237656108334e-08 1.7689681753861800e-09 7.0487860921165258e-12 
5.8400180194064922e-11 4.1130320696622102e-09 4.6639306013668666e-08 2.0970020509043745e-07 4.8194124572685761e-07 6.4438828663907227e-07 4.3158697527750541e-07 1.4379618308578451e-07 1.5212339431472022e-08 1.3786837856460874e-10 
2.0686907133399702e-12 2.9052105219818044e-10 5.7787703917450125e-09 4.5083262518547924e-08 1.8408184697647482e-07 4.3158697527750541e-07 6.0285782303041005e-07 3.8082160931609581e-07 8.5496750948705350e-08 1.9605819540026373e-09 
3.0559781317567790e-14 8.9954110484178379e-12 3.2488711772791823e-10 4.4595374245239188e-09 3.2700237656108334e-08 1.4379618308578451e-07 3.8082160931609581e-07 5.7200192743997537e-07 2.9539164181074232e-07 2.0671058280290484e-08 
1.0575929983622678e-16 7.1250628195158571e-14 5.0625341597942399e-12 1.2925629655310906e-10 1.7689681753861800e-09 1.5212339431472022e-08 8.5496750948705350e-08 2.9539164181074232e-07 5.1430262526452710e-07 1.4790479590350132e-07 
1.4481307493073394e-20 2.5779987065800246e-17 4.2422709079941823e-15 2.3708387339414158e-13 7.0487860921165258e-12 1.3786837856460874e-10 1.9605819540026373e-09 2.0671058280290484e-08 1.4790479590350132e-07 3.3442238734987546e-07 
