6.5318879395068093e-08 1.7574588991439648e-08 3.5606031674991933e-09 4.7263026186306776e-10 4.3829735910274693e-11 2.6406273378615081e-12 8.8771081772655428e-14 1.2561387637474584e-15 4.0740736667063902e-18 4.7472135623536976e-22 
1.7574588991439648e-08 7.1607354395811906e-08 2.5666643994382467e-08 7.8982624171752886e-09 1.5078505362273414e-09 1.8033278862270854e-10 1.2193329960031379e-11 3.6243310425252106e-13 2.6617611791348794e-15 8.2068433312980270e-19 
3.5606031674991933e-09 2.5666643994382467e-08 6.6445616618123519e-08 2.5210172045609062e-08 9.2506741816975122e-09 1.9955733974096448e-09 2.3841112888934638e-10 1.2816761479043252e-11 1.8332777806056624e-13 1.3146249987436864e-16 
4.7263026186306776e-10 7.8982624171752886e-09 2.5210172045609062e-08 6.1339893956565637e-08 2.2764707905015590e-08 8.7790208250237128e-09 1.8262487202600336e-09 1.7155943041392975e-10 4.5299276316608167e-12 7.1590825074022802e-15 
4.3829735910274693e-11 1.5078505362273414e-09 9.2506741816975122e-09 2.2764707905015590e-08 5.6786261618550558e-08 1.9743954581265302e-08 7.2796096267270048e-09 1.2180136790864426e-09 5.9807166929332872e-11 2.0745453896367613e-13 
2.6406273378615081e-12 1.8033278862270854e-10 1.9955733974096448e-09 8.7790208250237128e-09 1.9743954581265302e-08 5.2761747403493669e-08 1.6477066464579308e-08 5.1319293282819088e-09 4.9347827120784715e-10 3.9512135860065566e-12 
8.8771081772655428e-14 1.2193329960031379e-11 2.3841112888934638e-10 1.8262487202600336e-09 7.2796096267270048e-09 1.6477066464579308e-08 4.9039579148872469e-08 1.2857751437330046e-08 2.6415848742688598e-09 5.4563931972032757e-11 
1.2561387637474584e-15 3.6243310425252106e-13 1.2816761479043252e-11 1.7155943041392975e-10 1.2180136790864426e-09 5.1319293282819088e-09 1.2857751437330046e-08 4.5356257329140432e-08 8.6225145854578551e-09 5.5542921147876940e-10 
4.0740736667063902e-18 2.6617611791348794e-15 1.8332777806056624e-13 4.5299276316608167e-12 5.9807166929332872e-11 4.9347827120784715e-10 2.6415848742688598e-09 8.6225145854578551e-09 4.1516011538040410e-08 3.7970337444001568e-09 
4.7472135623536976e-22 8.2068433312980270e-19 1.3146249987436864e-16 7.1590825074022802e-15 2.0745453896367613e-13 3.9512135860065566e-12 5.4563931972032757e-11 5.5542921147876940e-10 3.7970337444001568e-09 3.5545585602704980e-08 
