9.9108618139682094e-08 3.1385546557035867e-08 6.1183103091043041e-09 7.8870259108385345e-10 7.1505232635833995e-11 4.2310127966967085e-12 1.4015304331318770e-13 1.9595658670961020e-15 6.2992841656262167e-18 7.3202597402036177e-22 
3.1385546557035867e-08 1.0326366803231436e-07 4.3143595044799512e-08 1.2976067263940897e-08 2.4316477135919118e-09 2.8642569828174004e-10 1.9129261237734121e-11 5.6315117300856525e-13 4.1089396609414559e-15 1.2663455622266244e-18 
6.1183103091043041e-09 4.3143595044799512e-08 9.1224331487409287e-08 4.0846351331756405e-08 1.4773090022443051e-08 3.1480211449958923e-09 3.7230943766552546e-10 1.9860472135232848e-11 2.8274129021738045e-13 2.0303917863284044e-16 
7.8870259108385345e-10 1.2976067263940897e-08 4.0846351331756405e-08 8.1226337000866032e-08 3.6029893510060716e-08 1.3763454009382390e-08 2.8406805605001686e-09 2.6528130558860049e-10 6.9832904872333155e-12 1.1070380105800171e-14 
7.1505232635833995e-11 2.4316477135919118e-09 1.4773090022443051e-08 3.6029893510060716e-08 7.3076564181365020e-08 3.0780536162129564e-08 1.1283561294263196e-08 1.8802439608997599e-09 9.2198190857253867e-11 3.2130085735729065e-13 
4.2310127966967085e-12 2.8642569828174004e-10 3.1480211449958923e-09 1.3763454009382390e-08 3.0780536162129564e-08 6.6302784461846771e-08 2.5465134040733897e-08 7.9131891981880561e-09 7.6118346950746037e-10 6.1325308847465129e-12 
1.4015304331318770e-13 1.9129261237734121e-11 3.7230943766552546e-10 2.8406805605001686e-09 1.1283561294263196e-08 2.5465134040733897e-08 6.0339667799337296e-08 1.9821562253280268e-08 4.0808799524611775e-09 8.4951228652510414e-11 
1.9595658670961020e-15 5.6315117300856525e-13 1.9860472135232848e-11 2.6528130558860049e-10 1.8802439608997599e-09 7.9131891981880561e-09 1.9821562253280268e-08 5.4680361578670612e-08 1.3364425113423900e-08 8.6932049272034471e-10 
6.2992841656262167e-18 4.1089396609414559e-15 2.8274129021738045e-13 6.9832904872333155e-12 9.2198190857253867e-11 7.6118346950746037e-10 4.0808799524611775e-09 1.3364425113423900e-08 4.8979702889053269e-08 6.0039895310480484e-09 
7.3202597402036177e-22 1.2663455622266244e-18 2.0303917863284044e-16 1.1070380105800171e-14 3.2130085735729065e-13 6.1325308847465129e-12 8.4951228652510414e-11 8.6932049272034471e-10 6.0039895310480484e-09 4.0075679613036371e-08 
