3.3439344975e+06 -2.4550230161e+06 3.3419895608e+05 8.9156865391e+04 -5.9346212757e+06 5.8732778480e+05 1.1091456992e+05 5.4986006372e+05 5.1386845320e+05 4.2688159037e+05 3.0481651403e+05 1.8123543336e+05 1.1399122398e+02 1.0981333325e+02 9.3762666901e+01 6.8752769062e+01 4.1895454627e+01 
-2.4550230161e+06 5.3728127891e+06 3.5074602299e+03 -1.8728640347e+02 1.7937433511e+06 -1.1222359307e+06 1.7674942038e+05 -2.0539410304e+05 -1.5401110219e+05 -9.0037362460e+04 -2.5470423041e+04 2.0063753836e+04 -8.8567228257e+01 -7.9168489253e+01 -6.2642035773e+01 -4.2068471960e+01 -2.2932361045e+01 
3.3419895608e+05 3.5074602299e+03 7.9328145959e+04 1.9245865160e+04 -9.4589187756e+05 -3.2831122995e+04 5.6801891186e+04 9.6842441965e+04 8.7508331323e+04 7.1818915218e+04 5.2570453785e+04 3.3604600633e+04 1.3185618564e+01 1.2218055914e+01 1.0117316803e+01 7.3130354267e+00 4.4859211184e+00 
8.9156865391e+04 -1.8728640347e+02 1.9245865160e+04 4.9825832804e+03 -2.0960122786e+05 -7.1463327271e+03 1.1006933389e+04 2.1729105301e+04 2.0982325514e+04 1.8028759324e+04 1.3607702804e+04 8.8719851620e+03 2.9313278909e+00 2.9103242869e+00 2.5316437457e+00 1.8946035513e+00 1.1902010783e+00 
-5.9346212757e+06 1.7937433511e+06 -9.4589187756e+05 -2.0960122786e+05 1.8426279722e+07 -4.8537009501e+05 -7.6772971124e+05 -1.5021038363e+06 -1.3315914349e+06 -1.0715418653e+06 -7.6179829730e+05 -4.6672762253e+05 -2.8958912689e+02 -2.6113062205e+02 -2.1081601656e+02 -1.4788303557e+02 -8.7397827133e+01 
5.8732778480e+05 -1.1222359307e+06 -3.2831122995e+04 -7.1463327271e+03 -4.8537009501e+05 3.3368875668e+05 -7.2324991926e+04 4.0590892730e+04 2.6803918710e+04 1.0699412149e+04 -4.3940488744e+03 -1.3361064368e+04 2.5619081598e+01 2.2725101253e+01 1.7763573121e+01 1.1694378752e+01 6.1841210529e+00 
1.1091456992e+05 1.7674942038e+05 5.6801891186e+04 1.1006933389e+04 -7.6772971124e+05 -7.2324991926e+04 9.3364499678e+04 5.4837607012e+04 5.3498132793e+04 4.8033184685e+04 3.8995474022e+04 2.7456498539e+04 3.0445299789e+00 3.7364740420e+00 3.9627478882e+00 3.6094193752e+00 2.6818100255e+00 
5.4986006372e+05 -2.0539410304e+05 9.6842441965e+04 2.1729105301e+04 -1.5021038363e+06 4.0590892730e+04 5.4837607012e+04 5.3707155604e+05 0.0000000000e+00 0.0000000000e+00 0.0000000000e+00 0.0000000000e+00 8.8575065787e+01 0.0000000000e+00 0.0000000000e+00 0.0000000000e+00 0.0000000000e+00 
5.1386845320e+05 -1.5401110219e+05 8.7508331323e+04 2.0982325514e+04 -1.3315914349e+06 2.6803918710e+04 5.3498132793e+04 0.0000000000e+00 4.4848819581e+05 0.0000000000e+00 0.0000000000e+00 0.0000000000e+00 0.0000000000e+00 7.5871084745e+01 0.0000000000e+00 0.0000000000e+00 0.0000000000e+00 
4.2688159037e+05 -9.0037362460e+04 7.1818915218e+04 1.8028759324e+04 -1.0715418653e+06 1.0699412149e+04 4.8033184685e+04 0.0000000000e+00 0.0000000000e+00 3.4344566313e+05 0.0000000000e+00 0.0000000000e+00 0.0000000000e+00 0.0000000000e+00 5.8779246211e+01 0.0000000000e+00 0.0000000000e+00 
3.0481651403e+05 -2.5470423041e+04 5.2570453785e+04 1.3607702804e+04 -7.6179829730e+05 -4.3940488744e+03 3.8995474022e+04 0.0000000000e+00 0.0000000000e+00 0.0000000000e+00 2.3552443946e+05 0.0000000000e+00 0.0000000000e+00 0.0000000000e+00 0.0000000000e+00 4.0082858293e+01 0.0000000000e+00 
1.8123543336e+05 2.0063753836e+04 3.3604600633e+04 8.8719851620e+03 -4.6672762253e+05 -1.3361064368e+04 2.7456498539e+04 0.0000000000e+00 0.0000000000e+00 0.0000000000e+00 0.0000000000e+00 1.4023071777e+05 0.0000000000e+00 0.0000000000e+00 0.0000000000e+00 0.0000000000e+00 2.3174617785e+01 
1.1399122398e+02 -8.8567228257e+01 1.3185618564e+01 2.9313278909e+00 -2.8958912689e+02 2.5619081598e+01 3.0445299789e+00 8.8575065787e+01 0.0000000000e+00 0.0000000000e+00 0.0000000000e+00 0.0000000000e+00 2.1885685293e-02 0.0000000000e+00 0.0000000000e+00 0.0000000000e+00 0.0000000000e+00 
1.0981333325e+02 -7.9168489253e+01 1.2218055914e+01 2.9103242869e+00 -2.6113062205e+02 2.2725101253e+01 3.7364740420e+00 0.0000000000e+00 7.5871084745e+01 0.0000000000e+00 0.0000000000e+00 0.0000000000e+00 0.0000000000e+00 1.9330560996e-02 0.0000000000e+00 0.0000000000e+00 0.0000000000e+00 
9.3762666901e+01 -6.2642035773e+01 1.0117316803e+01 2.5316437457e+00 -2.1081601656e+02 1.7763573121e+01 3.9627478882e+00 0.0000000000e+00 0.0000000000e+00 5.8779246211e+01 0.0000000000e+00 0.0000000000e+00 0.0000000000e+00 0.0000000000e+00 1.5317236029e-02 0.0000000000e+00 0.0000000000e+00 
6.8752769062e+01 -4.2068471960e+01 7.3130354267e+00 1.8946035513e+00 -1.4788303557e+02 1.1694378752e+01 3.6094193752e+00 0.0000000000e+00 0.0000000000e+00 0.0000000000e+00 4.0082858293e+01 0.0000000000e+00 0.0000000000e+00 0.0000000000e+00 0.0000000000e+00 1.0608024331e-02 0.0000000000e+00 
4.1895454627e+01 -2.2932361045e+01 4.4859211184e+00 1.1902010783e+00 -8.7397827133e+01 6.1841210529e+00 2.6818100255e+00 0.0000000000e+00 0.0000000000e+00 0.0000000000e+00 0.0000000000e+00 2.3174617785e+01 0.0000000000e+00 0.0000000000e+00 0.0000000000e+00 0.0000000000e+00 6.1595734162e-03 
