2.374864778025e+07 -1.570871607922e+07 2.497742277554e+06 6.167691884359e+05 -2.505423995284e+06 4.983941325240e+06 2.444068778044e+07 5.498600637200e+05 5.138684532000e+05 4.268815903700e+05 3.048165140300e+05 1.812354333600e+05 1.139912239800e+02 1.098133332500e+02 9.376266690100e+01 6.875276906200e+01 4.189545462700e+01 1.611653318529e+04 2.827368569612e+04 9.112042408232e+03 -8.441832115488e+05 4.048003749852e+05 6.022784203490e+05 7.050163006399e+05 7.363710803034e+05 7.092862555004e+05 7.717658273766e+05 7.639603051143e+05 6.971414706107e+05 4.650152750971e+05 
-1.570871607922e+07 2.636415288363e+07 -6.489604983050e+06 -1.350450610711e+06 -3.433811309250e+06 -7.329155583033e+06 -3.692556432842e+07 -2.053941030400e+05 -1.540111021900e+05 -9.003736246000e+04 -2.547042304100e+04 2.006375383600e+04 -8.856722825700e+01 -7.916848925300e+01 -6.264203577300e+01 -4.206847196000e+01 -2.293236104500e+01 5.054745257098e+02 9.770211099593e+01 -1.779939228207e+03 -2.544433439380e+06 -2.200866608439e+06 -1.658372729017e+06 -1.561532963618e+06 -1.413938889737e+06 -1.247478389875e+06 -1.274145415495e+06 -1.193506854729e+06 -1.035467792858e+06 -6.394845220587e+05 
2.497742277554e+06 -6.489604983050e+06 3.084069988925e+06 6.399489868341e+05 6.730637458610e+05 1.664459646277e+06 1.443484640807e+07 9.684244196500e+04 8.750833132300e+04 7.181891521800e+04 5.257045378500e+04 3.360460063300e+04 1.318561856400e+01 1.221805591400e+01 1.011731680300e+01 7.313035426700e+00 4.485921118400e+00 1.215804893552e+03 1.688035792175e+03 -5.006823498158e+02 1.178485015976e+06 1.049023302792e+06 8.023617785725e+05 7.414845379636e+05 6.542884257733e+05 5.607048826638e+05 5.547698329937e+05 5.040246651532e+05 4.291711684111e+05 2.747789713987e+05 
6.167691884359e+05 -1.350450610711e+06 6.399489868341e+05 1.375436995077e+05 1.225267304752e+05 3.094640175341e+05 2.955128972820e+06 2.172910530100e+04 2.098232551400e+04 1.802875932400e+04 1.360770280400e+04 8.871985162000e+03 2.931327890900e+00 2.910324286900e+00 2.531643745700e+00 1.894603551300e+00 1.190201078300e+00 4.342257651754e+02 6.462387039459e+02 -6.239123122891e+01 1.628627272998e+05 1.785029811838e+05 1.514821866568e+05 1.497369250653e+05 1.395756998843e+05 1.251894433534e+05 1.290820429967e+05 1.222357985364e+05 1.086385528436e+05 7.327071918719e+04 
-2.505423995284e+06 -3.433811309250e+06 6.730637458610e+05 1.225267304752e+05 1.976752451278e+07 1.221768655998e+06 8.670051133370e+06 -1.502103836300e+06 -1.331591434900e+06 -1.071541865300e+06 -7.617982973000e+05 -4.667276225300e+05 -2.895891268900e+02 -2.611306220500e+02 -2.108160165600e+02 -1.478830355700e+02 -8.739782713300e+01 -2.331423241760e+02 -1.421111047794e+02 5.665806327312e+02 7.679764119413e+05 5.883394388978e+05 4.219678957691e+05 3.820972406770e+05 3.381341635177e+05 2.941536374469e+05 2.979028645611e+05 2.775631537867e+05 2.401713553465e+05 1.477892845433e+05 
4.983941325240e+06 -7.329155583033e+06 1.664459646277e+06 3.094640175341e+05 1.221768655998e+06 3.092972371417e+06 1.089666746350e+07 4.059089273000e+04 2.680391871000e+04 1.069941214900e+04 -4.394048874400e+03 -1.336106436800e+04 2.561908159800e+01 2.272510125300e+01 1.776357312100e+01 1.169437875200e+01 6.184121052900e+00 -9.016448216823e+02 -9.369535624381e+02 1.178360535986e+03 1.537020006739e+06 9.236736344157e+05 5.429153745890e+05 4.088645786293e+05 3.013676221107e+05 2.199328047629e+05 1.858633019291e+05 1.405254887514e+05 9.316702723851e+04 3.469038842448e+04 
2.444068778044e+07 -3.692556432842e+07 1.443484640807e+07 2.955128972820e+06 8.670051133370e+06 1.089666746350e+07 8.212477553407e+07 5.483760701200e+04 5.349813279300e+04 4.803318468500e+04 3.899547402200e+04 2.745649853900e+04 3.044529978900e+00 3.736474042000e+00 3.962747888200e+00 3.609419375200e+00 2.681810025500e+00 -1.020122216399e+02 1.019750751497e+03 3.058688776890e+03 6.085185139077e+06 5.455834992705e+06 4.105418276948e+06 3.732368405464e+06 3.251772518763e+06 2.751813564644e+06 2.689863767829e+06 2.414144568850e+06 2.028117597629e+06 1.278348167976e+06 
5.498600637200e+05 -2.053941030400e+05 9.684244196500e+04 2.172910530100e+04 -1.502103836300e+06 4.059089273000e+04 5.483760701200e+04 5.370715560400e+05 0.000000000000e+00 0.000000000000e+00 0.000000000000e+00 0.000000000000e+00 8.857506578700e+01 0.000000000000e+00 0.000000000000e+00 0.000000000000e+00 0.000000000000e+00 0.000000000000e+00 0.000000000000e+00 0.000000000000e+00 0.000000000000e+00 0.000000000000e+00 0.000000000000e+00 0.000000000000e+00 0.000000000000e+00 0.000000000000e+00 0.000000000000e+00 0.000000000000e+00 0.000000000000e+00 0.000000000000e+00 
5.138684532000e+05 -1.540111021900e+05 8.750833132300e+04 2.098232551400e+04 -1.331591434900e+06 2.680391871000e+04 5.349813279300e+04 0.000000000000e+00 4.484881958100e+05 0.000000000000e+00 0.000000000000e+00 0.000000000000e+00 0.000000000000e+00 7.587108474500e+01 0.000000000000e+00 0.000000000000e+00 0.000000000000e+00 0.000000000000e+00 0.000000000000e+00 0.000000000000e+00 0.000000000000e+00 0.000000000000e+00 0.000000000000e+00 0.000000000000e+00 0.000000000000e+00 0.000000000000e+00 0.000000000000e+00 0.000000000000e+00 0.000000000000e+00 0.000000000000e+00 
4.268815903700e+05 -9.003736246000e+04 7.181891521800e+04 1.802875932400e+04 -1.071541865300e+06 1.069941214900e+04 4.803318468500e+04 0.000000000000e+00 0.000000000000e+00 3.434456631300e+05 0.000000000000e+00 0.000000000000e+00 0.000000000000e+00 0.000000000000e+00 5.877924621100e+01 0.000000000000e+00 0.000000000000e+00 0.000000000000e+00 0.000000000000e+00 0.000000000000e+00 0.000000000000e+00 0.000000000000e+00 0.000000000000e+00 0.000000000000e+00 0.000000000000e+00 0.000000000000e+00 0.000000000000e+00 0.000000000000e+00 0.000000000000e+00 0.000000000000e+00 
3.048165140300e+05 -2.547042304100e+04 5.257045378500e+04 1.360770280400e+04 -7.617982973000e+05 -4.394048874400e+03 3.899547402200e+04 0.000000000000e+00 0.000000000000e+00 0.000000000000e+00 2.355244394600e+05 0.000000000000e+00 0.000000000000e+00 0.000000000000e+00 0.000000000000e+00 4.008285829300e+01 0.000000000000e+00 0.000000000000e+00 0.000000000000e+00 0.000000000000e+00 0.000000000000e+00 0.000000000000e+00 0.000000000000e+00 0.000000000000e+00 0.000000000000e+00 0.000000000000e+00 0.000000000000e+00 0.000000000000e+00 0.000000000000e+00 0.000000000000e+00 
1.812354333600e+05 2.006375383600e+04 3.360460063300e+04 8.871985162000e+03 -4.667276225300e+05 -1.336106436800e+04 2.745649853900e+04 0.000000000000e+00 0.000000000000e+00 0.000000000000e+00 0.000000000000e+00 1.402307177700e+05 0.000000000000e+00 0.000000000000e+00 0.000000000000e+00 0.000000000000e+00 2.317461778500e+01 0.000000000000e+00 0.000000000000e+00 0.000000000000e+00 0.000000000000e+00 0.000000000000e+00 0.000000000000e+00 0.000000000000e+00 0.000000000000e+00 0.000000000000e+00 0.000000000000e+00 0.000000000000e+00 0.000000000000e+00 0.000000000000e+00 
1.139912239800e+02 -8.856722825700e+01 1.318561856400e+01 2.931327890900e+00 -2.895891268900e+02 2.561908159800e+01 3.044529978900e+00 8.857506578700e+01 0.000000000000e+00 0.000000000000e+00 0.000000000000e+00 0.000000000000e+00 2.188568529300e-02 0.000000000000e+00 0.000000000000e+00 0.000000000000e+00 0.000000000000e+00 0.000000000000e+00 0.000000000000e+00 0.000000000000e+00 0.000000000000e+00 0.000000000000e+00 0.000000000000e+00 0.000000000000e+00 0.000000000000e+00 0.000000000000e+00 0.000000000000e+00 0.000000000000e+00 0.000000000000e+00 0.000000000000e+00 
1.098133332500e+02 -7.916848925300e+01 1.221805591400e+01 2.910324286900e+00 -2.611306220500e+02 2.272510125300e+01 3.736474042000e+00 0.000000000000e+00 7.587108474500e+01 0.000000000000e+00 0.000000000000e+00 0.000000000000e+00 0.000000000000e+00 1.933056099600e-02 0.000000000000e+00 0.000000000000e+00 0.000000000000e+00 0.000000000000e+00 0.000000000000e+00 0.000000000000e+00 0.000000000000e+00 0.000000000000e+00 0.000000000000e+00 0.000000000000e+00 0.000000000000e+00 0.000000000000e+00 0.000000000000e+00 0.000000000000e+00 0.000000000000e+00 0.000000000000e+00 
9.376266690100e+01 -6.264203577300e+01 1.011731680300e+01 2.531643745700e+00 -2.108160165600e+02 1.776357312100e+01 3.962747888200e+00 0.000000000000e+00 0.000000000000e+00 5.877924621100e+01 0.000000000000e+00 0.000000000000e+00 0.000000000000e+00 0.000000000000e+00 1.531723602900e-02 0.000000000000e+00 0.000000000000e+00 0.000000000000e+00 0.000000000000e+00 0.000000000000e+00 0.000000000000e+00 0.000000000000e+00 0.000000000000e+00 0.000000000000e+00 0.000000000000e+00 0.000000000000e+00 0.000000000000e+00 0.000000000000e+00 0.000000000000e+00 0.000000000000e+00 
6.875276906200e+01 -4.206847196000e+01 7.313035426700e+00 1.894603551300e+00 -1.478830355700e+02 1.169437875200e+01 3.609419375200e+00 0.000000000000e+00 0.000000000000e+00 0.000000000000e+00 4.008285829300e+01 0.000000000000e+00 0.000000000000e+00 0.000000000000e+00 0.000000000000e+00 1.060802433100e-02 0.000000000000e+00 0.000000000000e+00 0.000000000000e+00 0.000000000000e+00 0.000000000000e+00 0.000000000000e+00 0.000000000000e+00 0.000000000000e+00 0.000000000000e+00 0.000000000000e+00 0.000000000000e+00 0.000000000000e+00 0.000000000000e+00 0.000000000000e+00 
4.189545462700e+01 -2.293236104500e+01 4.485921118400e+00 1.190201078300e+00 -8.739782713300e+01 6.184121052900e+00 2.681810025500e+00 0.000000000000e+00 0.000000000000e+00 0.000000000000e+00 0.000000000000e+00 2.317461778500e+01 0.000000000000e+00 0.000000000000e+00 0.000000000000e+00 0.000000000000e+00 6.159573416200e-03 0.000000000000e+00 0.000000000000e+00 0.000000000000e+00 0.000000000000e+00 0.000000000000e+00 0.000000000000e+00 0.000000000000e+00 0.000000000000e+00 0.000000000000e+00 0.000000000000e+00 0.000000000000e+00 0.000000000000e+00 0.000000000000e+00 
1.611653318529e+04 5.054745257098e+02 1.215804893552e+03 4.342257651754e+02 -2.331423241760e+02 -9.016448216823e+02 -1.020122216399e+02 0.000000000000e+00 0.000000000000e+00 0.000000000000e+00 0.000000000000e+00 0.000000000000e+00 0.000000000000e+00 0.000000000000e+00 0.000000000000e+00 0.000000000000e+00 0.000000000000e+00 3.433706505741e+03 5.475770159246e+03 4.992198607024e+02 9.156645322433e+01 -3.185718512627e+01 2.192908268801e+01 -5.757622564211e+00 -1.155955029472e+01 3.182390184651e+01 3.927604554976e+01 5.441808799365e+01 -2.539655614764e+01 -1.119704519352e+02 
2.827368569612e+04 9.770211099593e+01 1.688035792175e+03 6.462387039459e+02 -1.421111047794e+02 -9.369535624381e+02 1.019750751497e+03 0.000000000000e+00 0.000000000000e+00 0.000000000000e+00 0.000000000000e+00 0.000000000000e+00 0.000000000000e+00 0.000000000000e+00 0.000000000000e+00 0.000000000000e+00 0.000000000000e+00 5.475770159246e+03 8.926621641427e+03 1.309335444091e+03 5.858570448265e+01 -3.118270685654e+01 2.247175068770e+01 -5.401241741726e+00 -6.031536079967e+00 3.416824991869e+01 4.587318112153e+01 8.316963348513e+01 -6.168149783355e+01 -1.921849052756e+02 
9.112042408232e+03 -1.779939228207e+03 -5.006823498158e+02 -6.239123122891e+01 5.665806327312e+02 1.178360535986e+03 3.058688776890e+03 0.000000000000e+00 0.000000000000e+00 0.000000000000e+00 0.000000000000e+00 0.000000000000e+00 0.000000000000e+00 0.000000000000e+00 0.000000000000e+00 0.000000000000e+00 0.000000000000e+00 4.992198607024e+02 1.309335444091e+03 1.448213294768e+03 -2.390883012973e+02 3.194080125324e+01 3.481186041595e-01 1.763200560540e+00 1.494593278415e+01 -4.330571259247e+01 -5.445944187515e+01 -7.760282368685e+00 -2.622174060351e+01 -5.715198252245e+01 
-8.441832115488e+05 -2.544433439380e+06 1.178485015976e+06 1.628627272998e+05 7.679764119413e+05 1.537020006739e+06 6.085185139077e+06 0.000000000000e+00 0.000000000000e+00 0.000000000000e+00 0.000000000000e+00 0.000000000000e+00 0.000000000000e+00 0.000000000000e+00 0.000000000000e+00 0.000000000000e+00 0.000000000000e+00 9.156645322433e+01 5.858570448265e+01 -2.390883012973e+02 3.650613068855e+06 3.742977529781e+05 6.277718471564e+03 2.797381346383e+03 4.958206163183e+02 1.427606487462e+02 7.785465848584e+01 3.257035391230e+01 3.877518574861e+00 3.002770307434e+00 
4.048003749852e+05 -2.200866608439e+06 1.049023302792e+06 1.785029811838e+05 5.883394388978e+05 9.236736344157e+05 5.455834992705e+06 0.000000000000e+00 0.000000000000e+00 0.000000000000e+00 0.000000000000e+00 0.000000000000e+00 0.000000000000e+00 0.000000000000e+00 0.000000000000e+00 0.000000000000e+00 0.000000000000e+00 -3.185718512627e+01 -3.118270685654e+01 3.194080125324e+01 3.742977529781e+05 2.052882116597e+06 3.620879223092e+05 9.763899337867e+03 2.491306036395e+03 3.886995339596e+02 4.125870498408e+01 1.362541844056e+01 2.264320723501e+00 1.245836484168e+00 
6.022784203490e+05 -1.658372729017e+06 8.023617785725e+05 1.514821866568e+05 4.219678957691e+05 5.429153745890e+05 4.105418276948e+06 0.000000000000e+00 0.000000000000e+00 0.000000000000e+00 0.000000000000e+00 0.000000000000e+00 0.000000000000e+00 0.000000000000e+00 0.000000000000e+00 0.000000000000e+00 0.000000000000e+00 2.192908268801e+01 2.247175068770e+01 3.481186041595e-01 6.277718471564e+03 3.620879223092e+05 1.180945956705e+06 3.462271734752e+05 9.073065909073e+03 1.984462780419e+03 3.716323816700e+02 3.125963978482e+01 6.905362845289e+00 6.020374996115e-01 
7.050163006399e+05 -1.561532963618e+06 7.414845379636e+05 1.497369250653e+05 3.820972406770e+05 4.088645786293e+05 3.732368405464e+06 0.000000000000e+00 0.000000000000e+00 0.000000000000e+00 0.000000000000e+00 0.000000000000e+00 0.000000000000e+00 0.000000000000e+00 0.000000000000e+00 0.000000000000e+00 0.000000000000e+00 -5.757622564211e+00 -5.401241741726e+00 1.763200560540e+00 2.797381346383e+03 9.763899337867e+03 3.462271734752e+05 9.614409820947e+05 3.067658898073e+05 1.058701978957e+04 2.178871270826e+03 2.478806169537e+02 2.008879000710e+01 5.324840339226e+00 
7.363710803034e+05 -1.413938889737e+06 6.542884257733e+05 1.395756998843e+05 3.381341635177e+05 3.013676221107e+05 3.251772518763e+06 0.000000000000e+00 0.000000000000e+00 0.000000000000e+00 0.000000000000e+00 0.000000000000e+00 0.000000000000e+00 0.000000000000e+00 0.000000000000e+00 0.000000000000e+00 0.000000000000e+00 -1.155955029472e+01 -6.031536079967e+00 1.494593278415e+01 4.958206163183e+02 2.491306036395e+03 9.073065909073e+03 3.067658898073e+05 7.703044542908e+05 2.668788412297e+05 1.324693321073e+04 1.702748510509e+03 1.465748373218e+02 1.351300824599e+01 
7.092862555004e+05 -1.247478389875e+06 5.607048826638e+05 1.251894433534e+05 2.941536374469e+05 2.199328047629e+05 2.751813564644e+06 0.000000000000e+00 0.000000000000e+00 0.000000000000e+00 0.000000000000e+00 0.000000000000e+00 0.000000000000e+00 0.000000000000e+00 0.000000000000e+00 0.000000000000e+00 0.000000000000e+00 3.182390184651e+01 3.416824991869e+01 -4.330571259247e+01 1.427606487462e+02 3.886995339596e+02 1.984462780419e+03 1.058701978957e+04 2.668788412297e+05 6.028717825421e+05 2.358784012156e+05 8.115527999391e+03 9.276984392998e+02 7.299987800123e+01 
7.717658273766e+05 -1.274145415495e+06 5.547698329937e+05 1.290820429967e+05 2.979028645611e+05 1.858633019291e+05 2.689863767829e+06 0.000000000000e+00 0.000000000000e+00 0.000000000000e+00 0.000000000000e+00 0.000000000000e+00 0.000000000000e+00 0.000000000000e+00 0.000000000000e+00 0.000000000000e+00 0.000000000000e+00 3.927604554976e+01 4.587318112153e+01 -5.445944187515e+01 7.785465848584e+01 4.125870498408e+01 3.716323816700e+02 2.178871270826e+03 1.324693321073e+04 2.358784012156e+05 6.187434950828e+05 2.031643081140e+05 5.790956647731e+03 5.140625101149e+02 
7.639603051143e+05 -1.193506854729e+06 5.040246651532e+05 1.222357985364e+05 2.775631537867e+05 1.405254887514e+05 2.414144568850e+06 0.000000000000e+00 0.000000000000e+00 0.000000000000e+00 0.000000000000e+00 0.000000000000e+00 0.000000000000e+00 0.000000000000e+00 0.000000000000e+00 0.000000000000e+00 0.000000000000e+00 5.441808799365e+01 8.316963348513e+01 -7.760282368685e+00 3.257035391230e+01 1.362541844056e+01 3.125963978482e+01 2.478806169537e+02 1.702748510509e+03 8.115527999391e+03 2.031643081140e+05 5.892481531625e+05 1.510084062489e+05 3.247899020869e+03 
6.971414706107e+05 -1.035467792858e+06 4.291711684111e+05 1.086385528436e+05 2.401713553465e+05 9.316702723851e+04 2.028117597629e+06 0.000000000000e+00 0.000000000000e+00 0.000000000000e+00 0.000000000000e+00 0.000000000000e+00 0.000000000000e+00 0.000000000000e+00 0.000000000000e+00 0.000000000000e+00 0.000000000000e+00 -2.539655614764e+01 -6.168149783355e+01 -2.622174060351e+01 3.877518574861e+00 2.264320723501e+00 6.905362845289e+00 2.008879000710e+01 1.465748373218e+02 9.276984392998e+02 5.790956647731e+03 1.510084062489e+05 5.583520939321e+05 7.353266509219e+04 
4.650152750971e+05 -6.394845220587e+05 2.747789713987e+05 7.327071918719e+04 1.477892845433e+05 3.469038842448e+04 1.278348167976e+06 0.000000000000e+00 0.000000000000e+00 0.000000000000e+00 0.000000000000e+00 0.000000000000e+00 0.000000000000e+00 0.000000000000e+00 0.000000000000e+00 0.000000000000e+00 0.000000000000e+00 -1.119704519352e+02 -1.921849052756e+02 -5.715198252245e+01 3.002770307434e+00 1.245836484168e+00 6.020374996115e-01 5.324840339226e+00 1.351300824599e+01 7.299987800123e+01 5.140625101149e+02 3.247899020869e+03 7.353266509219e+04 3.781810074020e+05 
