1.3329387277082226e-07 4.4211077313713527e-08 8.4182297211604118e-09 1.0683535167054925e-09 9.5831961958968897e-11 5.6292247940571630e-12 1.8561146058623070e-13 2.5899652867152729e-15 8.3391562984214052e-18 9.7809912063915188e-22 
4.4211077313713527e-08 1.3186140478471141e-07 5.8659110646376022e-08 1.7446003901738332e-08 3.2433097487637182e-09 3.7997883344766736e-10 2.5300527629376954e-11 7.4440387305483557e-13 5.4472976757935858e-15 1.6958485035306195e-18 
8.4182297211604118e-09 5.8659110646376022e-08 1.1305335364591038e-07 5.4583520552378574e-08 1.9632986612931755e-08 4.1684478886548864e-09 4.9214633206550627e-10 2.6268085865617026e-11 3.7544219144756894e-13 2.7253536989659866e-16 
1.0683535167054925e-09 1.7446003901738332e-08 5.4583520552378574e-08 9.8717164847763813e-08 4.7748945448384698e-08 1.8201959130575003e-08 3.7548243810703727e-09 3.5121608107252576e-10 9.2901797548610882e-12 1.4897053778427354e-14 
9.5831961958968897e-11 3.2433097487637182e-09 1.9632986612931755e-08 4.7748945448384698e-08 8.7560316186367901e-08 4.0683861613028556e-08 1.4922861705197154e-08 2.4930832241121714e-09 1.2293292693738848e-10 4.3359497762198924e-13 
5.6292247940571630e-12 3.7997883344766736e-10 4.1684478886548864e-09 1.8201959130575003e-08 4.0683861613028556e-08 7.8578277455763074e-08 3.3725417133843497e-08 1.0516249471909676e-08 1.0179199089505369e-09 8.3039837719340580e-12 
1.8561146058623070e-13 2.5300527629376954e-11 4.9214633206550627e-10 3.7548243810703727e-09 1.4922861705197154e-08 3.3725417133843497e-08 7.0872958088029205e-08 2.6431460942554733e-08 5.4797825718589817e-09 1.1554319125412127e-10 
2.5899652867152729e-15 7.4440387305483557e-13 2.6268085865617026e-11 3.5121608107252576e-10 2.4930832241121714e-09 1.0516249471909676e-08 2.6431460942554733e-08 6.3690093434850810e-08 1.8055764268153301e-08 1.1901632880105309e-09 
8.3391562984214052e-18 5.4472976757935858e-15 3.7544219144756894e-13 9.2901797548610882e-12 1.2293292693738848e-10 1.0179199089505369e-09 5.4797825718589817e-09 1.8055764268153301e-08 5.6547161859485442e-08 8.3103086010867619e-09 
9.7809912063915188e-22 1.6958485035306195e-18 2.7253536989659866e-16 1.4897053778427354e-14 4.3359497762198924e-13 8.3039837719340580e-12 1.1554319125412127e-10 1.1901632880105309e-09 8.3103086010867619e-09 4.4967190555223277e-08 
