3.7509143063856791e-06 1.5809168132491637e-06 3.1587114417863163e-07 4.3600940853984317e-08 4.2336024017452467e-09 2.6372218128781525e-10 9.0450791719074762e-12 1.2962511189629851e-13 4.2683339626469767e-16 5.1684553351035058e-20 
1.5809168132491637e-06 3.8699705440540755e-06 2.3377041798431744e-06 7.5192058813482879e-07 1.4891205970359735e-07 1.8238227710235711e-08 1.2508166839252519e-09 3.7591212056473977e-11 2.8070098708043058e-13 9.0151040653196791e-17 
3.1587114417863163e-07 2.3377041798431744e-06 3.6454179777702936e-06 2.4682007719437504e-06 9.2845584306226497e-07 2.0350452143665197e-07 2.4576218725211280e-08 1.3357972352413879e-09 1.9465603174694257e-11 1.4573221740724880e-14 
4.3600940853984317e-08 7.5192058813482879e-07 2.4682007719437504e-06 3.3437922551248108e-06 2.3127017487322556e-06 9.0122406357290989e-07 1.8915686790843436e-07 1.7978436126763054e-08 4.8466130280945666e-10 8.0143911797332917e-13 
4.2336024017452467e-09 1.4891205970359735e-07 9.2845584306226497e-07 2.3127017487322556e-06 2.9579447731976464e-06 2.0391509191297687e-06 7.5828333625034981e-07 1.2853019461363449e-07 6.4572301585874815e-09 2.3479583725053422e-11 
2.6372218128781525e-10 1.8238227710235711e-08 2.0350452143665197e-07 9.0122406357290989e-07 2.0391509191297687e-06 2.5816767040255791e-06 1.7295394827922043e-06 5.4673355354394809e-07 5.3907112466340431e-08 4.5302020360966659e-10 
9.0450791719074762e-12 1.2508166839252519e-09 2.4576218725211280e-08 1.8915686790843436e-07 7.5828333625034981e-07 1.7295394827922043e-06 2.2398106540516809e-06 1.3886987080260981e-06 2.9326461165730028e-07 6.3616104168493225e-09 
1.2962511189629851e-13 3.7591212056473977e-11 1.3357972352413879e-09 1.7978436126763054e-08 1.2853019461363449e-07 5.4673355354394809e-07 1.3886987080260981e-06 1.9185319115141716e-06 9.8011852900824431e-07 6.6366611482346147e-08 
4.2683339626469767e-16 2.8070098708043058e-13 1.9465603174694257e-11 4.8466130280945666e-10 6.4572301585874815e-09 5.3907112466340431e-08 2.9326461165730028e-07 9.8011852900824431e-07 1.5979356767423607e-06 4.7241998659527945e-07 
5.1684553351035058e-20 9.0151040653196791e-17 1.4573221740724880e-14 8.0143911797332917e-13 2.3479583725053422e-11 4.5302020360966659e-10 6.3616104168493225e-09 6.6366611482346147e-08 4.7241998659527945e-07 1.0073729631296227e-06 
