1.146958660991e-07 3.727429460399e-08 7.174193490120e-09 9.168877396589e-10 8.264544303194e-11 4.870616121006e-12 1.607645667767e-13 2.247457094512e-15 7.215702441457e-18 8.440441961834e-22 
3.727429460399e-08 1.163934513727e-07 5.026181179749e-08 1.502223027555e-08 2.803447124772e-09 3.289800540843e-10 2.193455980700e-11 6.457985941998e-13 4.706847947784e-15 1.462137235569e-18 
7.174193490120e-09 5.026181179749e-08 1.012171769855e-07 4.713990339685e-08 1.699180237191e-08 3.611019051417e-09 4.269725408572e-10 2.276265591306e-11 3.241938708053e-13 2.346325498117e-16 
9.168877396589e-10 1.502223027555e-08 4.713990339685e-08 8.922102701582e-08 4.135049786440e-08 1.578190420758e-08 3.257706510312e-09 3.039052198840e-10 8.020380324400e-12 1.279888116710e-14 
8.264544303194e-11 2.803447124772e-09 1.699180237191e-08 4.135049786440e-08 7.965629774287e-08 3.530171477871e-08 1.293339846150e-08 2.154296473479e-09 1.061120350971e-10 3.715567924696e-13 
4.870616121006e-12 3.289800540843e-10 3.611019051417e-09 1.578190420758e-08 3.530171477871e-08 7.188202939629e-08 2.917020551397e-08 9.079954922486e-09 8.780020085547e-10 7.094085835467e-12 
1.607645667767e-13 2.193455980700e-11 4.269725408572e-10 3.257706510312e-09 1.293339846150e-08 2.917020551397e-08 6.505142518787e-08 2.281507003765e-08 4.715491259814e-09 9.838226763034e-11 
2.247457094512e-15 6.457985941998e-13 2.276265591306e-11 3.039052198840e-10 2.154296473479e-09 9.079954922486e-09 2.281507003765e-08 5.877893312822e-08 1.545683542058e-08 1.010566363046e-09 
7.215702441457e-18 4.706847947784e-15 3.241938708053e-13 8.020380324400e-12 1.061120350971e-10 8.780020085547e-10 4.715491259814e-09 1.545683542058e-08 5.230828731738e-08 7.044120831294e-09 
8.440441961834e-22 1.462137235569e-18 2.346325498117e-16 1.279888116710e-14 3.715567924696e-13 7.094085835467e-12 9.838226763034e-11 1.010566363046e-09 7.044120831294e-09 4.227404742309e-08 
