2.3591771508828363e-07 7.9865062285148421e-08 1.4772918194280711e-08 1.8485876681639050e-09 1.6494380079063068e-10 9.6982958242211759e-12 3.2184637568575496e-13 4.5482482988753612e-15 1.4970319342009514e-17 1.8279101145877787e-21 
7.9865062285148421e-08 2.1085354945377270e-07 1.0179374865166429e-07 3.0060922717972293e-08 5.5828209097291936e-09 6.5671519656127971e-10 4.4116063513294949e-11 1.3170916444322109e-12 9.8603682275986081e-15 3.1931420398976436e-18 
1.4772918194280711e-08 1.0179374865166429e-07 1.7449323461936529e-07 9.3930364653056690e-08 3.3860589869308285e-08 7.2338943725190970e-09 8.6312900875970340e-10 4.6810474933537363e-11 6.8490516855860543e-13 5.1690702572659848e-16 
1.8485876681639050e-09 3.0060922717972293e-08 9.3930364653056690e-08 1.4974119964828720e-07 8.2678473411392272e-08 3.1763890263757970e-08 6.6298890398415403e-09 6.3062552149260318e-10 1.7082160883898627e-11 2.8466145912821199e-14 
1.6494380079063068e-10 5.5828209097291936e-09 3.3860589869308285e-08 8.2678473411392272e-08 1.3162743104182749e-07 7.1535126320702389e-08 2.6571311353420143e-08 4.5156663534915468e-09 2.2800989871595271e-10 8.3515580650868887e-13 
9.6982958242211759e-12 6.5671519656127971e-10 7.2338943725190970e-09 3.1763890263757970e-08 7.1535126320702389e-08 1.1767019352224706e-07 6.0688069390729608e-08 1.9251612514811923e-08 1.9075415173503002e-09 1.6139087905786835e-11 
3.2184637568575496e-13 4.4116063513294949e-11 8.6312900875970340e-10 6.6298890398415403e-09 2.6571311353420143e-08 6.0688069390729608e-08 1.0601639851002887e-07 4.9039378220617905e-08 1.0403764054354312e-08 2.2708291090500933e-10 
4.5482482988753612e-15 1.3170916444322109e-12 4.6810474933537363e-11 6.3062552149260318e-10 4.5156663534915468e-09 1.9251612514811923e-08 4.9039378220617905e-08 9.5193149056499938e-08 3.4880087607206795e-08 2.3760868256404413e-09 
1.4970319342009514e-17 9.8603682275986081e-15 6.8490516855860543e-13 1.7082160883898627e-11 2.2800989871595271e-10 1.9075415173503002e-09 1.0403764054354312e-08 3.4880087607206795e-08 8.4316457252981016e-08 1.7005684408201180e-08 
1.8279101145877787e-21 3.1931420398976436e-18 5.1690702572659848e-16 2.8466145912821199e-14 8.3515580650868887e-13 1.6139087905786835e-11 2.2708291090500933e-10 2.3760868256404413e-09 1.7005684408201180e-08 6.3882673855851151e-08 
