1.0954693177053487e-07 3.5374140736650593e-08 6.8359902888843438e-09 8.7593128190421476e-10 7.9074550704418875e-11 4.6643681669306815e-12 1.5417246207067516e-13 2.1526315309262246e-15 6.9185776574483711e-18 8.0564847844780945e-22 
3.5374140736650593e-08 1.1218491986638245e-07 4.7984751619990020e-08 1.4368276939371513e-08 2.6836088561168261e-09 3.1534280869932701e-10 2.1026295858026773e-11 6.1847780657823748e-13 4.5140681568226575e-15 1.3945380995374969e-18 
6.8359902888843438e-09 4.7984751619990020e-08 9.8025817322595335e-08 4.5115127795508054e-08 1.6277870904258407e-08 3.4625772176020922e-09 4.0903628404651223e-10 2.1810972923596648e-11 3.1072291667585217e-13 2.2373876800961680e-16 
8.7593128190421476e-10 1.4368276939371513e-08 4.5115127795508054e-08 8.6645224890364093e-08 3.9647501113941451e-08 1.5127265351309322e-08 3.1199717750272673e-09 2.9136889504860207e-10 7.6775710681101031e-12 1.2208071723523884e-14 
7.9074550704418875e-11 2.6836088561168261e-09 1.6277870904258407e-08 3.9647501113941451e-08 7.7530667862384616e-08 3.3811860705724473e-08 1.2391716596119610e-08 2.0657085241215266e-09 1.0141865549749289e-10 3.5462955298114536e-13 
4.6643681669306815e-12 3.1534280869932701e-10 3.4625772176020922e-09 1.5127265351309322e-08 3.3811860705724473e-08 7.0044232200476959e-08 2.7970802213241937e-08 8.6978914963260208e-09 8.3793343383050901e-10 6.7758998396323692e-12 
1.5417246207067516e-13 2.1026295858026773e-11 4.0903628404651223e-10 3.1199717750272673e-09 1.2391716596119610e-08 2.7970802213241937e-08 6.3519485333201758e-08 2.1804297747864269e-08 4.4974832412486598e-09 9.3996828746390118e-11 
2.1526315309262246e-15 6.1847780657823748e-13 2.1810972923596648e-11 2.9136889504860207e-10 2.0657085241215266e-09 8.6978914963260208e-09 2.1804297747864269e-08 5.7367695246817916e-08 1.4756067979674104e-08 9.6391334733888766e-10 
6.9185776574483711e-18 4.5140681568226575e-15 3.1072291667585217e-13 7.6775710681101031e-12 1.0141865549749289e-10 8.3793343383050901e-10 4.4974832412486598e-09 1.4756067979674104e-08 5.1214230507738242e-08 6.6807270291558131e-09 
8.0564847844780945e-22 1.3945380995374969e-18 2.2373876800961680e-16 1.2208071723523884e-14 3.5462955298114536e-13 6.7758998396323692e-12 9.3996828746390118e-11 9.6391334733888766e-10 6.6807270291558131e-09 4.1502916339442588e-08 
