3.152789053139e-07 1.068449541676e-07 1.971620473835e-08 2.476546696511e-09 2.224279729892e-10 1.315334956069e-11 4.400039300100e-13 6.299227598968e-15 2.110910189796e-17 2.645298996447e-21 
1.068449541676e-07 2.719454710037e-07 1.361759484537e-07 4.044762399499e-08 7.555785176741e-09 8.943578327932e-10 6.067547100566e-11 1.836163332136e-12 1.398670632452e-14 4.641037132567e-18 
1.971620473835e-08 1.361759484537e-07 2.248517890517e-07 1.269392240450e-07 4.599065615427e-08 9.898268453775e-09 1.193876782488e-09 6.563600227164e-11 9.766424893402e-13 7.544352451657e-16 
2.476546696511e-09 4.044762399499e-08 1.269392240450e-07 1.931392431978e-07 1.128453100567e-07 4.372171045364e-08 9.226311143854e-09 8.893198048326e-10 2.448165330928e-11 4.172451078608e-14 
2.224279729892e-10 7.555785176741e-09 4.599065615427e-08 1.128453100567e-07 1.703404421205e-07 9.918386742103e-08 3.723334921383e-08 6.407904640209e-09 3.285049801165e-10 1.229618179154e-12 
1.315334956069e-11 8.943578327932e-10 9.898268453775e-09 4.372171045364e-08 9.918386742103e-08 1.533159009176e-07 8.572117343359e-08 2.751362781051e-08 2.764927433243e-09 2.387633953886e-11 
4.400039300100e-13 6.067547100566e-11 1.193876782488e-09 9.226311143854e-09 3.723334921383e-08 8.572117343359e-08 1.391337595207e-07 7.066643954631e-08 1.519341524527e-08 3.377557318843e-10 
6.299227598968e-15 1.836163332136e-12 6.563600227164e-11 8.893198048326e-10 6.407904640209e-09 2.751362781051e-08 7.066643954631e-08 1.257144011550e-07 5.143343863585e-08 3.556603486779e-09 
2.110910189796e-17 1.398670632452e-14 9.766424893402e-13 2.448165330928e-11 3.285049801165e-10 2.764927433243e-09 1.519341524527e-08 5.143343863585e-08 1.119069686597e-07 2.569052449156e-08 
2.645298996447e-21 4.641037132567e-18 7.544352451657e-16 4.172451078608e-14 1.229618179154e-12 2.387633953886e-11 3.377557318843e-10 3.556603486779e-09 2.569052449156e-08 8.305971205294e-08 
