7.179990671333e-08 2.030493540384e-08 4.072253064204e-09 5.362507514758e-10 4.942583444322e-11 2.963193475838e-12 9.909144557439e-14 1.398971742271e-15 4.516385122582e-18 5.263717411329e-22 
2.030493540384e-08 7.792788798233e-08 2.918195420749e-08 8.922555462122e-09 1.695279220556e-09 2.017185052192e-10 1.359212306702e-11 4.031262753178e-13 2.947022758192e-15 9.102064219381e-19 
4.072253064204e-09 2.918195420749e-08 7.144024176437e-08 2.837946763657e-08 1.036839872201e-08 2.227282749846e-09 2.655536534737e-10 1.423237471676e-11 2.029191200263e-13 1.457768827044e-16 
5.362507514758e-10 8.922555462122e-09 2.837946763657e-08 6.536987622767e-08 2.543308347263e-08 9.784866918462e-09 2.032014524544e-09 1.901983373990e-10 5.015981103691e-12 7.934209882452e-15 
4.942583444322e-11 1.695279220556e-09 1.036839872201e-08 2.543308347263e-08 6.006852686136e-08 2.198417114829e-08 8.085268770824e-09 1.348694369976e-09 6.627155842042e-11 2.297277582692e-13 
2.963193475838e-12 2.017185052192e-10 2.227282749846e-09 9.784866918462e-09 2.198417114829e-08 5.549561299561e-08 1.825942959222e-08 5.681316683379e-09 5.471656170516e-10 4.371594460565e-12 
9.909144557439e-14 1.359212306702e-11 2.655536534737e-10 2.032014524544e-09 8.085268770824e-09 1.825942959222e-08 5.126758151242e-08 1.424814056441e-08 2.928637339940e-09 6.034166800128e-11 
1.398971742271e-15 4.031262753178e-13 1.423237471676e-11 1.901983373990e-10 1.348694369976e-09 5.681316683379e-09 1.424814056441e-08 4.722372642935e-08 9.545783835688e-09 6.150391976936e-10 
4.516385122582e-18 2.947022758192e-15 2.029191200263e-13 5.015981103691e-12 6.627155842042e-11 5.471656170516e-10 2.928637339940e-09 9.545783835688e-09 4.293536912085e-08 4.225767947986e-09 
5.263717411329e-22 9.102064219381e-19 1.457768827044e-16 7.934209882452e-15 2.297277582692e-13 4.371594460565e-12 6.034166800128e-11 6.150391976936e-10 4.225767947986e-09 3.641262339718e-08 
