3.720475539476e-07 1.265212269584e-07 2.340834839996e-08 2.948664198646e-09 2.657993400932e-10 1.587229908269e-11 5.373450940458e-13 7.778738472209e-15 2.638348853019e-17 3.355053788919e-21 
1.265212269584e-07 3.173986074599e-07 1.620442102277e-07 4.825550786521e-08 9.079459187884e-09 1.086731617493e-09 7.451921035918e-11 2.277726416835e-12 1.754782863924e-14 5.898761604977e-18 
2.340834839996e-08 1.620442102277e-07 2.626763502662e-07 1.521402989500e-07 5.564009208195e-08 1.209726771361e-08 1.472823343070e-09 8.173391868037e-11 1.229164239370e-12 9.609500625097e-16 
2.948664198646e-09 4.825550786521e-08 1.521402989500e-07 2.274370406772e-07 1.375242552728e-07 5.373224443498e-08 1.143114889794e-08 1.111593944238e-09 3.089798124189e-11 5.327212005593e-14 
2.657993400932e-10 9.079459187884e-09 5.564009208195e-08 1.375242552728e-07 2.026556161707e-07 1.225719055703e-07 4.634543091186e-08 8.041112020123e-09 4.157322891419e-10 1.574186496775e-12 
1.587229908269e-11 1.086731617493e-09 1.209726771361e-08 5.373224443498e-08 1.225719055703e-07 1.837251715361e-07 1.072575573829e-07 3.467089445322e-08 3.509603248976e-09 3.066389431898e-11 
5.373450940458e-13 7.451921035918e-11 1.472823343070e-09 1.143114889794e-08 4.634543091186e-08 1.072575573829e-07 1.677937272549e-07 8.943794029874e-08 1.936025971786e-08 4.353814650256e-10 
7.778738472209e-15 2.277726416835e-12 8.173391868037e-11 1.111593944238e-09 8.041112020123e-09 3.467089445322e-08 8.943794029874e-08 1.522397810783e-07 6.591734346794e-08 4.602409024895e-09 
2.638348853019e-17 1.754782863924e-14 1.229164239370e-12 3.089798124189e-11 4.157322891419e-10 3.509603248976e-09 1.936025971786e-08 6.591734346794e-08 1.362979405029e-07 3.330522761570e-08 
3.355053788919e-21 5.898761604977e-18 9.609500625097e-16 5.327212005593e-14 1.574186496775e-12 3.066389431898e-11 4.353814650256e-10 4.602409024895e-09 3.330522761570e-08 9.961296172984e-08 
