9.991891034561e-08 3.164368056745e-08 6.161682874518e-09 7.937596833075e-10 7.193890946896e-11 4.253839170551e-12 1.410295551598e-13 1.969759344887e-15 6.338400029004e-18 7.361140907488e-22 
3.164368056745e-08 1.038092841453e-07 4.342423769806e-08 1.305718776923e-08 2.445183938763e-09 2.880987162594e-10 1.924461681586e-11 5.658689237384e-13 4.138615992249e-15 1.272616048181e-18 
6.161682874518e-09 4.342423769806e-08 9.162169981427e-08 4.108191749746e-08 1.485474134834e-08 3.167495347389e-09 3.743170268709e-10 1.996582753621e-11 2.848814127839e-13 2.040203594021e-16 
7.937596833075e-10 1.305718776923e-08 4.108191749746e-08 8.151563853680e-08 3.624817043776e-08 1.384541129218e-08 2.854688922356e-09 2.669315462155e-10 7.034007466455e-12 1.112917621115e-14 
7.193890946896e-11 2.445183938763e-09 1.485474134834e-08 3.624817043776e-08 7.335037148661e-08 3.093870406658e-08 1.134257008302e-08 1.893704965898e-09 9.279393217258e-11 3.233483097267e-13 
4.253839170551e-12 2.880987162594e-10 3.167495347389e-09 1.384541129218e-08 3.093870406658e-08 6.649372581521e-08 2.563087682492e-08 7.972051490572e-09 7.653431472066e-10 6.180974915647e-12 
1.410295551598e-13 1.924461681586e-11 3.743170268709e-10 2.854688922356e-09 1.134257008302e-08 2.563087682492e-08 6.058082611301e-08 1.994844969771e-08 4.101770237883e-09 8.576777795296e-11 
1.969759344887e-15 5.658689237384e-13 1.996582753621e-11 2.669315462155e-10 1.893704965898e-09 7.972051490572e-09 1.994844969771e-08 5.481419848753e-08 1.345696555670e-08 8.785154547817e-10 
6.338400029004e-18 4.138615992249e-15 2.848814127839e-13 7.034007466455e-12 9.279393217258e-11 7.653431472066e-10 4.101770237883e-09 1.345696555670e-08 4.918809764677e-08 6.054874663280e-09 
7.361140907488e-22 1.272616048181e-18 2.040203594021e-16 1.112917621115e-14 3.233483097267e-13 6.180974915647e-12 8.576777795296e-11 8.785154547817e-10 6.054874663280e-09 4.016821678171e-08 
