3.415684275742e-07 1.159030317547e-07 2.140995469039e-08 2.694376337043e-09 2.420552745250e-10 1.436420232637e-11 4.834880165669e-13 6.961651667110e-15 2.346321125507e-17 2.965047072579e-21 
1.159030317547e-07 2.927966156934e-07 1.480977129652e-07 4.401439995208e-08 8.236650453272e-09 9.801437552705e-10 6.686809160318e-11 2.033904522678e-12 1.557213354990e-14 5.208302913728e-18 
2.140995469039e-08 1.480977129652e-07 2.421906002425e-07 1.382485171917e-07 5.028897986152e-08 1.088074456831e-08 1.318750355454e-09 7.283640004789e-11 1.089063541171e-12 8.472953290849e-16 
2.694376337043e-09 4.401439995208e-08 1.382485171917e-07 2.084153248159e-07 1.238614558178e-07 4.820021475684e-08 1.021361440714e-08 9.885176295940e-10 2.734640612718e-11 4.687986208296e-14 
2.420552745250e-10 8.236650453272e-09 5.028897986152e-08 1.238614558178e-07 1.847939240648e-07 1.096559204386e-07 4.130972385910e-08 7.135272390232e-09 3.676333025932e-10 1.381909115537e-12 
1.436420232637e-11 9.801437552705e-10 1.088074456831e-08 4.820021475684e-08 1.096559204386e-07 1.669270986677e-07 9.532583231835e-08 3.070416799919e-08 3.100225888549e-09 2.684565954632e-11 
4.834880165669e-13 6.686809160318e-11 1.318750355454e-09 1.021361440714e-08 4.130972385910e-08 9.532583231835e-08 1.518960806104e-07 7.909001164632e-08 1.706248765015e-08 3.802652238899e-10 
6.961651667110e-15 2.033904522678e-12 7.283640004789e-11 9.885176295940e-10 7.135272390232e-09 3.070416799919e-08 7.909001164632e-08 1.376506157418e-07 5.781514357830e-08 4.018753920884e-09 
2.346321125507e-17 1.557213354990e-14 1.089063541171e-12 2.734640612718e-11 3.676333025932e-10 3.100225888549e-09 1.706248765015e-08 5.781514357830e-08 1.226122604095e-07 2.921093426031e-08 
2.965047072579e-21 5.208302913728e-18 8.472953290849e-16 4.687986208296e-14 1.381909115537e-12 2.684565954632e-11 3.802652238899e-10 4.018753920884e-09 2.921093426031e-08 9.049918381583e-08 
