1.612700758130e-07 5.418265941646e-08 1.019165836375e-08 1.284353085886e-09 1.147569454039e-10 6.726289943247e-12 2.220232487396e-13 3.101274962409e-15 1.004483461894e-17 1.189513579584e-21 
5.418265941646e-08 1.539277111453e-07 7.062715570730e-08 2.091538049476e-08 3.877631079885e-09 4.542115646539e-10 3.028227993593e-11 8.923827090114e-13 6.582198031440e-15 2.064984343210e-18 
1.019165836375e-08 7.062715570730e-08 1.299783607390e-07 6.529684163702e-08 2.346104983370e-08 4.986500679092e-09 5.892808805831e-10 3.155600340683e-11 4.547371967568e-13 3.324528897115e-16 
1.284353085886e-09 2.091538049476e-08 6.529684163702e-08 1.124630913734e-07 5.709740665803e-08 2.178735008497e-08 4.499839533010e-09 4.230868693759e-10 1.127154266386e-11 1.821890954696e-14 
1.147569454039e-10 3.877631079885e-09 2.346104983370e-08 5.709740665803e-08 9.924441078341e-08 4.872498715325e-08 1.792220895444e-08 3.012797029375e-09 1.493555067744e-10 5.321109087632e-13 
6.726289943247e-12 4.542115646539e-10 4.986500679092e-09 2.178735008497e-08 4.872498715325e-08 8.865396608515e-08 4.066087110328e-08 1.274700724621e-08 1.238660098544e-09 1.023537909217e-11 
2.220232487396e-13 3.028227993593e-11 5.892808805831e-10 4.499839533010e-09 1.792220895444e-08 4.066087110328e-08 7.987657395971e-08 3.211298886919e-08 6.688661029717e-09 1.431794077600e-10 
3.101274962409e-15 8.923827090114e-13 3.155600340683e-11 4.230868693759e-10 3.012797029375e-09 1.274700724621e-08 3.211298886919e-08 7.144878262291e-08 2.219178171021e-08 1.483652722199e-09 
1.004483461894e-17 6.582198031440e-15 4.547371967568e-13 1.127154266386e-11 1.493555067744e-10 1.238660098544e-09 6.688661029717e-09 2.219178171021e-08 6.342307499332e-08 1.041132139064e-08 
1.189513579584e-21 2.064984343210e-18 3.324528897115e-16 1.821890954696e-14 5.321109087632e-13 1.023537909217e-11 1.431794077600e-10 1.483652722199e-09 1.041132139064e-08 4.932654437009e-08 
