1.6029577757623890e-07 5.3921934921673567e-08 1.0147945784632316e-08 1.2790514985069887e-09 1.1427550711440625e-10 6.6994506789936794e-12 2.2084205141143788e-13 3.0867814463093401e-15 9.9826112779804255e-18 1.1823091442046763e-21 
5.3921934921673567e-08 1.5337937206047224e-07 7.0337592746179414e-08 2.0826737734337702e-08 3.8621681970016042e-09 4.5207651869120393e-10 3.0120943794400663e-11 8.8843694184460870e-13 6.5329441464309417e-15 2.0539543519673521e-18 
1.0147945784632316e-08 7.0337592746179414e-08 1.2954748431787301e-07 6.5031370825358301e-08 2.3362056798101514e-08 4.9601549375017964e-09 5.8643330398540585e-10 3.1396013863836115e-11 4.5108867687532573e-13 3.3072477704395419e-16 
1.2790514985069887e-09 2.0826737734337702e-08 6.5031370825358301e-08 1.1211842776693027e-07 5.6809845387137273e-08 2.1672452360631979e-08 4.4796137606161563e-09 4.2045637404010353e-10 1.1183537524136774e-11 1.8114076352199964e-14 
1.1427550711440625e-10 3.8621681970016042e-09 2.3362056798101514e-08 5.6809845387137273e-08 9.8862671689162842e-08 4.8499447080079226e-08 1.7833052708964616e-08 2.9904224843867394e-09 1.4831037349421625e-10 5.2837630809289005e-13 
6.6994506789936794e-12 4.5207651869120393e-10 4.9601549375017964e-09 2.1672452360631979e-08 4.8499447080079226e-08 8.8370386479621462e-08 4.0393473769942015e-08 1.2645870525147457e-08 1.2313312215774049e-09 1.0144539512357385e-11 
2.2084205141143788e-13 3.0120943794400663e-11 5.8643330398540585e-10 4.4796137606161563e-09 1.7833052708964616e-08 4.0393473769942015e-08 7.9466104147074895e-08 3.1890404857835072e-08 6.6516139239170721e-09 1.4160252129813449e-10 
3.0867814463093401e-15 8.8843694184460870e-13 3.1396013863836115e-11 4.2045637404010353e-10 2.9904224843867394e-09 1.2645870525147457e-08 3.1890404857835072e-08 7.1212942998215932e-08 2.2020766248077839e-08 1.4653534522601829e-09 
9.9826112779804255e-18 6.5329441464309417e-15 4.5108867687532573e-13 1.1183537524136774e-11 1.4831037349421625e-10 1.2313312215774049e-09 6.6516139239170721e-09 2.2020766248077839e-08 6.3014169410212672e-08 1.0310930842930369e-08 
1.1823091442046763e-21 2.0539543519673521e-18 3.3072477704395419e-16 1.8114076352199964e-14 5.2837630809289005e-13 1.0144539512357385e-11 1.4160252129813449e-10 1.4653534522601829e-09 1.0310930842930369e-08 4.9282388944988948e-08 
