3.1155193609219460e-07 1.0545260212687313e-07 1.9448309977830288e-08 2.4413665066312455e-09 2.1926937438584209e-10 1.3011132426533573e-11 4.3681250092005154e-13 6.2621556198951604e-15 2.0991363417330976e-17 2.6310448293985925e-21 
1.0545260212687313e-07 2.6865792256871206e-07 1.3427209312665503e-07 3.9864226126742239e-08 7.4623538536586947e-09 8.8669937867269749e-10 6.0288913345057364e-11 1.8256770651224637e-12 1.3909344129371018e-14 4.6161682059420243e-18 
1.9448309977830288e-08 1.3427209312665503e-07 2.2200912519741020e-07 1.2525225336995478e-07 4.5532979454043367e-08 9.8274011915977836e-09 1.1867499600949317e-09 6.5266345478025002e-11 9.7127860692502328e-13 7.5041493863228361e-16 
2.4413665066312455e-09 3.9864226126742239e-08 1.2525225336995478e-07 1.9141075539962030e-07 1.1196860217211764e-07 4.3446124719059607e-08 9.1732144928142152e-09 8.8435940729490060e-10 2.4348081519576101e-11 4.1503453278728990e-14 
2.1926937438584209e-10 7.4623538536586947e-09 4.5532979454043367e-08 1.1196860217211764e-07 1.6942317027807025e-07 9.8602666832841141e-08 3.7023379897667477e-08 6.3724792334714992e-09 3.2672476661779800e-10 1.2231436995800367e-12 
1.3011132426533573e-11 8.8669937867269749e-10 9.8274011915977836e-09 4.3446124719059607e-08 9.8602666832841141e-08 1.5260726541119399e-07 8.5244193314123774e-08 2.7362962039739043e-08 2.7500596392885903e-09 2.3751445264493020e-11 
4.3681250092005154e-13 6.0288913345057364e-11 1.1867499600949317e-09 9.1732144928142152e-09 3.7023379897667477e-08 8.5244193314123774e-08 1.3852431831706057e-07 7.0283575651955439e-08 1.5112519711530046e-08 3.3600142433825941e-10 
6.2621556198951604e-15 1.8256770651224637e-12 6.5266345478025002e-11 8.8435940729490060e-10 6.3724792334714992e-09 2.7362962039739043e-08 7.0283575651955439e-08 1.2519296098545300e-07 5.1163180899434175e-08 3.5382733693708728e-09 
2.0991363417330976e-17 1.3909344129371018e-14 9.7127860692502328e-13 2.4348081519576101e-11 3.2672476661779800e-10 2.7500596392885903e-09 1.5112519711530046e-08 5.1163180899434175e-08 1.1147374843099736e-07 2.5559628124712339e-08 
2.6310448293985925e-21 4.6161682059420243e-18 7.5041493863228361e-16 4.1503453278728990e-14 1.2231436995800367e-12 2.3751445264493020e-11 3.3600142433825941e-10 3.5382733693708728e-09 2.5559628124712339e-08 8.2787034340048235e-08 
