2.6892669811547505e-07 9.0980546128044535e-08 1.6785257421646546e-08 2.1015212238627950e-09 1.8792937792721729e-10 1.1088041273220712e-11 3.6975401731896937e-13 5.2591740540051398e-15 1.7453947486095282e-17 2.1575252478187872e-21 
9.0980546128044535e-08 2.3577538982221294e-07 1.1568384182236203e-07 3.4220489042847789e-08 6.3738020892813311e-09 7.5279638315882846e-10 5.0839436428227713e-11 1.5276257267619145e-12 1.1527721906910003e-14 3.7768567336335801e-18 
1.6785257421646546e-08 1.1568384182236203e-07 1.9467842918420069e-07 1.0714155124829964e-07 3.8749376662405373e-08 8.3143061805320884e-09 9.9741863047996902e-10 5.4436611382488189e-11 8.0268820431131883e-13 6.1262693560708410e-16 
2.1015212238627950e-09 3.4220489042847789e-08 1.0714155124829964e-07 1.6721071234873687e-07 9.4896341152972600e-08 3.6619101332439462e-08 7.6832935695705938e-09 7.3528677901183585e-10 2.0067869680847389e-11 3.3805778116575542e-14 
1.8792937792721729e-10 6.3738020892813311e-09 3.8749376662405373e-08 9.4896341152972600e-08 1.4734394492780183e-07 8.2758817134739097e-08 3.0891079734122433e-08 5.2802488195194614e-09 2.6854428794980382e-10 9.9389172247244574e-13 
1.1088041273220712e-11 7.5279638315882846e-10 8.3143061805320884e-09 3.6619101332439462e-08 8.2758817134739097e-08 1.3211863452097888e-07 7.0812253437929947e-08 2.2586381570190602e-08 2.2532396254851818e-09 1.9249862407163487e-11 
3.6975401731896937e-13 5.0839436428227713e-11 9.9741863047996902e-10 7.6832935695705938e-09 3.0891079734122433e-08 7.0812253437929947e-08 1.1938760465911861e-07 5.7762578329373146e-08 1.2333594989455871e-08 2.7155368267562132e-10 
5.2591740540051398e-15 1.5276257267619145e-12 5.4436611382488189e-11 7.3528677901183585e-10 5.2802488195194614e-09 2.2586381570190602e-08 5.7762578329373146e-08 1.0749529891387676e-07 4.1539359507534933e-08 2.8509954874973329e-09 
1.7453947486095282e-17 1.1527721906910003e-14 8.0268820431131883e-13 2.0067869680847389e-11 2.6854428794980382e-10 2.2532396254851818e-09 1.2333594989455871e-08 4.1539359507534933e-08 9.5409605242614855e-08 2.0518229180904257e-08 
2.1575252478187872e-21 3.7768567336335801e-18 6.1262693560708410e-16 3.3805778116575542e-14 9.9389172247244574e-13 1.9249862407163487e-11 2.7155368267562132e-10 2.8509954874973329e-09 2.0518229180904257e-08 7.1609853132744132e-08 
