6.6515174797938328e-08 1.8077483879772732e-08 3.6543651555060733e-09 4.8419792750749670e-10 4.4835824738505361e-11 2.6978523608010962e-12 9.0596456981486596e-14 1.2807018092526509e-15 4.1500872050156395e-18 4.8321697753077206e-22 
1.8077483879772732e-08 7.2767177681350748e-08 2.6306896633785460e-08 8.0833446255908913e-09 1.5412284321380897e-09 1.8412356739000486e-10 1.2437755427625712e-11 3.6938409366865966e-13 2.7108466807558373e-15 8.3531499694925888e-19 
3.6543651555060733e-09 2.6306896633785460e-08 6.7349715340570325e-08 2.5776651675683772e-08 9.4488776751305136e-09 2.0364691728186476e-09 2.4309485992015430e-10 1.3058993756440246e-11 1.8667744331427184e-13 1.3380041416545850e-16 
4.8419792750749670e-10 8.0833446255908913e-09 2.5776651675683772e-08 6.2054716994039576e-08 2.3237106461234684e-08 8.9544922574279140e-09 1.8614593721225407e-09 1.7476066445811017e-10 4.6120365262791114e-12 7.2862376341260773e-15 
4.4835824738505361e-11 1.5412284321380897e-09 9.4488776751305136e-09 2.3237106461234684e-08 5.7360920102386617e-08 2.0128818391429740e-08 7.4174123564567157e-09 1.2404637470084575e-09 6.0883362392740692e-11 2.1113880605499991e-13 
2.6978523608010962e-12 1.8412356739000486e-10 2.0364691728186476e-09 8.9544922574279140e-09 2.0128818391429740e-08 5.3228916975844536e-08 1.6783481410994233e-08 5.2253632412580819e-09 5.0230008856358184e-10 4.0214694246984397e-12 
9.0596456981486596e-14 1.2437755427625712e-11 2.4309485992015430e-10 1.8614593721225407e-09 7.4174123564567157e-09 1.6783481410994233e-08 4.9420437067447009e-08 1.3089060858826509e-08 2.6885765520674738e-09 5.5537177213864215e-11 
1.2807018092526509e-15 3.6938409366865966e-13 1.3058993756440246e-11 1.7476066445811017e-10 1.2404637470084575e-09 5.2253632412580819e-09 1.3089060858826509e-08 4.5661856840202079e-08 8.7757477066130535e-09 5.6540426723742916e-10 
4.1500872050156395e-18 2.7108466807558373e-15 1.8667744331427184e-13 4.6120365262791114e-12 6.0883362392740692e-11 5.0230008856358184e-10 2.6885765520674738e-09 8.7757477066130535e-09 4.1754193429852971e-08 3.8663035854077776e-09 
4.8321697753077206e-22 8.3531499694925888e-19 1.3380041416545850e-16 7.2862376341260773e-15 2.1113880605499991e-13 4.0214694246984397e-12 5.5537177213864215e-11 5.6540426723742916e-10 3.8663035854077776e-09 3.5685902379340537e-08 
