8.7289796858929244e-08 2.6688061330920708e-08 5.2582913797844677e-09 6.8304083941873167e-10 6.2274895155577897e-11 3.7005660135108761e-12 1.2298290650110678e-13 1.7234259339619541e-15 5.5467469805968098e-18 6.4374734123187393e-22 
2.6688061330920708e-08 9.2601627721986182e-08 3.7293994294062060e-08 1.1281658185506078e-08 2.1235877427199291e-09 2.5100921025528158e-10 1.6806919972468528e-11 4.9559368099417816e-13 3.6181648490671573e-15 1.1130392988489919e-18 
5.2582913797844677e-09 3.7293994294062060e-08 8.2953723688797813e-08 3.5632250560357443e-08 1.2930654535631214e-08 2.7627985080316487e-09 3.2738200646095962e-10 1.7484091760770844e-11 2.4893528116663404e-13 1.7835716955752012e-16 
6.8304083941873167e-10 1.1281658185506078e-08 3.5632250560357443e-08 7.4592730615325005e-08 3.1599087550228971e-08 1.2094047330481926e-08 2.4994897367561489e-09 2.3358346802527750e-10 6.1465983963573296e-12 9.7184386242852964e-15 
6.2274895155577897e-11 2.1235877427199291e-09 1.2930654535631214e-08 3.1599087550228971e-08 6.7623559486808442e-08 2.7073954659518282e-08 9.9330837516521789e-09 1.6556118179874943e-09 8.1116132921532029e-11 2.8185367100566994e-13 
3.7005660135108761e-12 2.5100921025528158e-10 2.7627985080316487e-09 1.2094047330481926e-08 2.7073954659518282e-08 6.1739398834933117e-08 2.2423075912001429e-08 6.9662008619163611e-09 6.6925140388464382e-10 5.3746416679302173e-12 
1.2298290650110678e-13 1.6806919972468528e-11 3.2738200646095962e-10 2.4994897367561489e-09 9.9330837516521789e-09 2.2423075912001429e-08 5.6497445501556007e-08 1.7438717853583100e-08 3.5844282527256954e-09 7.4356427391019444e-11 
1.7234259339619541e-15 4.9559368099417816e-13 1.7484091760770844e-11 2.3358346802527750e-10 1.6556118179874943e-09 6.9662008619163611e-09 1.7438717853583100e-08 5.1470262288526640e-08 1.1719914930301260e-08 7.5930748798832593e-10 
5.5467469805968098e-18 3.6181648490671573e-15 2.4893528116663404e-13 6.1465983963573296e-12 8.1116132921532029e-11 6.6925140388464382e-10 3.5844282527256954e-09 1.1719914930301260e-08 4.6371064003829369e-08 5.2237467035638676e-09 
6.4374734123187393e-22 1.1130392988489919e-18 1.7835716955752012e-16 9.7184386242852964e-15 2.8185367100566994e-13 5.3746416679302173e-12 7.4356427391019444e-11 7.5930748798832593e-10 5.2237467035638676e-09 3.8454602064958356e-08 
