1.5246938780783995e-07 5.1115688794723752e-08 9.6466871908665064e-09 1.2177656437506137e-09 1.0888869309367943e-10 6.3855925395908879e-12 2.1046205867915097e-13 2.9396132821786593e-15 9.4937667148058073e-18 1.1211986888187053e-21 
5.1115688794723752e-08 1.4714751811170952e-07 6.6944210628989939e-08 1.9840713579018746e-08 3.6809554681567260e-09 4.3087934191557806e-10 2.8696726454232167e-11 8.4569870537400895e-13 6.2095425834714896e-15 1.9467522799208664e-18 
9.6466871908665064e-09 6.6944210628989939e-08 1.2473963810438763e-07 6.1975296068736299e-08 2.2267452918241980e-08 4.7268021347550370e-09 5.5851706600038376e-10 2.9872549500231595e-11 4.2852224779911307e-13 3.1330259072858953e-16 
1.2177656437506137e-09 1.9840713579018746e-08 6.1975296068736299e-08 1.0818685867162836e-07 5.4142641226817594e-08 2.0646763934269625e-08 4.2646472116500908e-09 3.9985962762709961e-10 1.0617983657180217e-11 1.7150767708189388e-14 
1.0888869309367943e-10 3.6809554681567260e-09 2.2267452918241980e-08 5.4142641226817594e-08 9.5524463446132109e-08 4.6183665896901490e-08 1.6968572774695040e-08 2.8422519946095551e-09 1.4072163613239035e-10 4.9998750161319621e-13 
6.3855925395908879e-12 4.3087934191557806e-10 4.7268021347550370e-09 2.0646763934269625e-08 4.6183665896901490e-08 8.5462865661603700e-08 3.8409207336001294e-08 1.2010200869712804e-08 1.1674621031512976e-09 9.5929217020677359e-12 
2.1046205867915097e-13 2.8696726454232167e-11 5.5851706600038376e-10 4.2646472116500908e-09 1.6968572774695040e-08 3.8409207336001294e-08 7.6902807148778265e-08 3.0257937229584014e-08 6.3007538001283625e-09 1.3378243838286595e-10 
2.9396132821786593e-15 8.4569870537400895e-13 2.9872549500231595e-11 3.9985962762709961e-10 2.8422519946095551e-09 1.2010200869712804e-08 3.0257937229584014e-08 6.8960887890765329e-08 2.0832841262841260e-08 1.3825709806238635e-09 
9.4937667148058073e-18 6.2095425834714896e-15 4.2852224779911307e-13 1.0617983657180217e-11 1.4072163613239035e-10 1.1674621031512976e-09 6.3007538001283625e-09 2.0832841262841260e-08 6.1071173961340226e-08 9.7071855280330236e-09 
1.1211986888187053e-21 1.9467522799208664e-18 3.1330259072858953e-16 1.7150767708189388e-14 4.9998750161319621e-13 9.5929217020677359e-12 1.3378243838286595e-10 1.3825709806238635e-09 9.7071855280330236e-09 4.7981035636901145e-08 
