8.2502665356356049e-08 2.4753369357164401e-08 4.9021544948755444e-09 6.3920345374143644e-10 5.8446153437426509e-11 3.4808645953306596e-12 1.1588858160365529e-13 1.6263269894936888e-15 5.2389365807906170e-18 6.0804841631400443e-22 
2.4753369357164401e-08 8.8189520654253943e-08 3.4867845596919006e-08 1.0578641512063183e-08 1.9959157827612675e-09 2.3635803868351321e-10 1.5849495775439636e-11 4.6787304628081547e-13 3.4178178853939244e-15 1.0511547204341962e-18 
4.9021544948755444e-09 3.4867845596919006e-08 7.9521987375403012e-08 3.3470462899363314e-08 1.2167873183982234e-08 2.6036853048343246e-09 3.0889882203811177e-10 1.6510563399865281e-11 2.3516493819085424e-13 1.6840767852421443e-16 
6.3920345374143644e-10 1.0578641512063183e-08 3.3470462899363314e-08 7.1845691450827513e-08 2.9767411297359734e-08 1.1406006033528952e-08 2.3594096818585785e-09 2.2061913511096833e-10 5.8066109719338852e-12 9.1740880527560618e-15 
5.8446153437426509e-11 1.9959157827612675e-09 1.2167873183982234e-08 2.9767411297359734e-08 6.5374804379847179e-08 2.5550358928017826e-08 9.3797398977713141e-09 1.5639316586651414e-09 7.6624801550960205e-11 2.6598782389647287e-13 
3.4808645953306596e-12 2.3635803868351321e-10 2.6036853048343246e-09 1.1406006033528952e-08 2.5550358928017826e-08 5.9868556588315292e-08 2.1179485907888668e-08 6.5808743484269423e-09 6.3209610721995097e-10 5.0702109585705288e-12 
1.1588858160365529e-13 1.5849495775439636e-11 3.0889882203811177e-10 2.3594096818585785e-09 9.3797398977713141e-09 2.1179485907888668e-08 5.4932259680694845e-08 1.6473099513515137e-08 3.3843182327915397e-09 7.0109277603573628e-11 
1.6263269894936888e-15 4.6787304628081547e-13 1.6510563399865281e-11 2.2061913511096833e-10 1.5639316586651414e-09 6.5808743484269423e-09 1.6473099513515137e-08 5.0174967917902470e-08 1.1058780123232034e-08 7.1537727744368522e-10 
5.2389365807906170e-18 3.4178178853939244e-15 2.3516493819085424e-13 5.8066109719338852e-12 7.6624801550960205e-11 6.3209610721995097e-10 3.3843182327915397e-09 1.1058780123232034e-08 4.5327274542280532e-08 4.9144151773380688e-09 
6.0804841631400443e-22 1.0511547204341962e-18 1.6840767852421443e-16 9.1740880527560618e-15 2.6598782389647287e-13 5.0702109585705288e-12 7.0109277603573628e-11 7.1537727744368522e-10 4.9144151773380688e-09 3.7816006772777296e-08 
