9.6124379502771169e-07 3.6708350454736077e-07 7.2625231686313244e-08 9.7018612040510478e-09 9.2142300912019062e-10 5.8149450326235116e-11 2.0598387387984893e-12 3.0429020759843126e-14 1.0530704394949948e-16 1.4419423101085308e-20 
3.6708350454736077e-07 9.1472985837410205e-07 5.2526488053492741e-07 1.6441914398497613e-07 3.2573909790458656e-08 4.0954136575614490e-09 2.8927823004938137e-10 8.9569162280970886e-12 7.0946165374333817e-14 2.5669688389196269e-17 
7.2625231686313244e-08 5.2526488053492741e-07 8.2127021362101684e-07 5.3794067665406828e-07 2.0607532985101834e-07 4.6439734394015691e-08 5.7540453668152279e-09 3.2349714005520422e-10 5.0409135014347021e-12 4.2240912194339940e-15 
9.7018612040510478e-09 1.6441914398497613e-07 5.3794067665406828e-07 7.6124948781128494e-07 5.2359119264242153e-07 2.0880311749564675e-07 4.4890340883944548e-08 4.4404681248523767e-09 1.2870440590367490e-10 2.3606576776382992e-13 
9.2142300912019062e-10 3.2573909790458656e-08 2.0607532985101834e-07 5.2359119264242153e-07 7.0460200084124395e-07 4.7987904553010346e-07 1.8329425484290805e-07 3.2560510240193661e-08 1.7614130134718853e-09 7.0184372834832976e-12 
5.8149450326235116e-11 4.0954136575614490e-09 4.6439734394015691e-08 2.0880311749564675e-07 4.7987904553010346e-07 6.4175165591245386e-07 4.2974180646097033e-07 1.4318214157504458e-07 1.5147294231617789e-08 1.3727279135271896e-10 
2.0598387387984893e-12 2.8927823004938137e-10 5.7540453668152279e-09 4.4890340883944548e-08 1.8329425484290805e-07 4.2974180646097033e-07 6.0040355305569006e-07 3.7919512050086391e-07 8.5130193209951232e-08 1.9520739220469870e-09 
3.0429020759843126e-14 8.9569162280970886e-12 3.2349714005520422e-10 4.4404681248523767e-09 3.2560510240193661e-08 1.4318214157504458e-07 3.7919512050086391e-07 5.6967364176945851e-07 2.9411827612932286e-07 2.0580765694930449e-08 
1.0530704394949948e-16 7.0946165374333817e-14 5.0409135014347021e-12 1.2870440590367490e-10 1.7614130134718853e-09 1.5147294231617789e-08 8.5130193209951232e-08 2.9411827612932286e-07 5.1218658832030656e-07 1.4725259842810191e-07 
1.4419423101085308e-20 2.5669688389196269e-17 4.2240912194339940e-15 2.3606576776382992e-13 7.0184372834832976e-12 1.3727279135271896e-10 1.9520739220469870e-09 2.0580765694930449e-08 1.4725259842810191e-07 3.3306012575380826e-07 
