5.6482536598839309e-07 1.9817234294661830e-07 3.7573593019991191e-08 4.8691681095622272e-09 4.5159416838350773e-10 2.7684605397892125e-11 9.5992095696348141e-13 1.4211077768381258e-14 4.9751405016476402e-17 6.4627273173220511e-21 
1.9817234294661830e-07 4.9016174746527565e-07 2.6546586081212314e-07 8.1233720059075322e-08 1.5683015336508131e-08 1.9224256035339441e-09 1.3458354288600779e-10 4.2093981419440985e-12 3.3374527109251025e-14 1.1372769305695814e-17 
3.7573593019991191e-08 2.6546586081212314e-07 4.2134409093060164e-07 2.6100012086263337e-07 9.7566374291907004e-08 2.1642477177057732e-08 2.6852660337046968e-09 1.5263478164710387e-10 2.3507794783316051e-12 1.8548036693501898e-15 
4.8691681095622272e-09 8.1233720059075322e-08 2.6100012086263337e-07 3.7644834891112264e-07 2.4469585818202608e-07 9.7175279698380731e-08 2.1060069552899592e-08 2.0959909498603395e-09 5.9304489763804184e-11 1.0301413625350701e-13 
4.5159416838350773e-10 1.5683015336508131e-08 9.7566374291907004e-08 2.4469585818202608e-07 3.4287305107392014e-07 2.2437025368626679e-07 8.6446433300955916e-08 1.5295842021811280e-08 7.9979206426826453e-10 3.0533683813438709e-12 
2.7684605397892125e-11 1.9224256035339441e-09 2.1642477177057732e-08 9.7175279698380731e-08 2.2437025368626679e-07 3.1724005976803077e-07 2.0275788156977210e-07 6.6416217170657998e-08 6.7629837543281577e-09 5.9777582445442162e-11 
9.5992095696348141e-13 1.3458354288600779e-10 2.6852660337046968e-09 2.1060069552899592e-08 8.6446433300955916e-08 2.0275788156977210e-07 2.9507089161823353e-07 1.7206650990409993e-07 3.7389967111714354e-08 8.5604548949637204e-10 
1.4211077768381258e-14 4.2093981419440985e-12 1.5263478164710387e-10 2.0959909498603395e-09 1.5295842021811280e-08 6.6416217170657998e-08 1.7206650990409993e-07 2.6746214737694056e-07 1.2811841883925659e-07 9.1859799809319721e-09 
4.9751405016476402e-17 3.3374527109251025e-14 2.3507794783316051e-12 5.9304489763804184e-11 7.9979206426826453e-10 6.7629837543281577e-09 3.7389967111714354e-08 1.2811841883925659e-07 2.4229465282339207e-07 6.7983819073601539e-08 
6.4627273173220511e-21 1.1372769305695814e-17 1.8548036693501898e-15 1.0301413625350701e-13 3.0533683813438709e-12 5.9777582445442162e-11 8.5604548949637204e-10 9.1859799809319721e-09 6.7983819073601539e-08 1.7373927982632741e-07 
