2.8020924242856775e-07 1.3850442974139341e-07 1.0262867616006901e-07 8.1186389897401819e-08 6.5791360741336727e-08 5.3559609852123207e-08 4.3099783690806795e-08 3.3521093959758050e-08 2.3929161453535219e-08 1.1220140668007234e-08 
1.3850442974139341e-07 7.2134615586417860e-08 5.1830253558513924e-08 4.1211633656247594e-08 3.3588603188081806e-08 2.7531861739991710e-08 2.2351591610761904e-08 1.7606274863080516e-08 1.2852744104999111e-08 6.5642161722402541e-09 
1.0262867616006901e-07 5.1830253558513924e-08 4.1270994705269487e-08 3.0903874081577700e-08 2.5284087818119446e-08 2.0818956718626182e-08 1.6999531458056836e-08 1.3500066163792954e-08 9.9936788766704083e-09 5.3600704483418882e-09 
8.1186389897401819e-08 4.1211633656247594e-08 3.0903874081577700e-08 2.7281310713161280e-08 2.0320407812112578e-08 1.6806482501235637e-08 1.3800329269438209e-08 1.1045444665491339e-08 8.2844262224333203e-09 4.6398926961208127e-09 
6.5791360741336727e-08 3.3588603188081806e-08 2.5284087818119446e-08 2.0320407812112578e-08 1.9296414110341813e-08 1.3927192071442762e-08 1.1504994888083508e-08 9.2846884622112050e-09 7.0588569163576525e-09 4.1245317362783129e-09 
5.3559609852123207e-08 2.7531861739991710e-08 2.0818956718626182e-08 1.6806482501235637e-08 1.3927192071442762e-08 1.4177923049756929e-08 9.6814048481126071e-09 7.8857790871535304e-09 6.0850294837774958e-09 3.7149173196165024e-09 
4.3099783690806795e-08 2.2351591610761904e-08 1.6999531458056836e-08 1.3800329269438209e-08 1.1504994888083508e-08 9.6814048481126071e-09 1.0658994361022347e-08 6.6883422233792384e-09 5.2508253920377893e-09 3.3627752198517784e-09 
3.3521093959758050e-08 1.7606274863080516e-08 1.3500066163792954e-08 1.1045444665491339e-08 9.2846884622112050e-09 7.8857790871535304e-09 6.6883422233792384e-09 8.1282469352568574e-09 4.4855824867299663e-09 3.0376077682051579e-09 
2.3929161453535219e-08 1.2852744104999111e-08 9.9936788766704083e-09 8.2844262224333203e-09 7.0588569163576525e-09 6.0850294837774958e-09 5.2508253920377893e-09 4.4855824867299663e-09 6.2570142446010713e-09 2.7112448143971209e-09 
1.1220140668007234e-08 6.5642161722402541e-09 5.3600704483418882e-09 4.6398926961208127e-09 4.1245317362783129e-09 3.7149173196165024e-09 3.3627752198517784e-09 3.0376077682051579e-09 2.7112448143971209e-09 4.8417535221926177e-09 
