1.5729963310623691e-07 7.7086730835280253e-08 5.7063952342516478e-08 4.5096925162125312e-08 3.6504521125042555e-08 2.9677541365612903e-08 2.3839791551603926e-08 1.8493940709009240e-08 1.3138812301486482e-08 6.0397656192846203e-09 
7.7086730835280253e-08 4.1257403244736495e-08 2.8827291525243606e-08 2.2915242321528454e-08 1.8670972375521393e-08 1.5298761084491054e-08 1.2414660025061721e-08 9.7728006486458518e-09 7.1256037251549022e-09 3.6219339508367827e-09 
5.7063952342516478e-08 2.8827291525243606e-08 2.4085473774730019e-08 1.7195624667387509e-08 1.4072016433801499e-08 1.1590212124197554e-08 9.4673877535750581e-09 7.5224667637217834e-09 5.5732211419713120e-09 2.9962214828571230e-09 
4.5096925162125312e-08 2.2915242321528454e-08 1.7195624667387509e-08 1.6315567145679783e-08 1.1323312447297413e-08 9.3736389132010126e-09 7.7057617295734851e-09 6.1773586945042325e-09 4.6452464723780666e-09 2.6220718661000342e-09 
3.6504521125042555e-08 1.8670972375521393e-08 1.4072016433801499e-08 1.1323312447297413e-08 1.1889141486468115e-08 7.7832201366981127e-09 6.4420330899868005e-09 5.2126915136364804e-09 3.9801093893033785e-09 2.3546416143638339e-09 
2.9677541365612903e-08 1.5298761084491054e-08 1.1590212124197554e-08 9.3736389132010126e-09 7.7832201366981127e-09 9.0580729169074303e-09 5.4380932922682092e-09 4.4463367423469733e-09 3.4516638570405346e-09 2.1421552422192527e-09 
2.3839791551603926e-08 1.2414660025061721e-08 9.4673877535750581e-09 7.7057617295734851e-09 6.4420330899868005e-09 5.4380932922682092e-09 7.1172689120699960e-09 3.7903674864903920e-09 2.9989724184364691e-09 1.9594006428153440e-09 
1.8493940709009240e-08 9.7728006486458518e-09 7.5224667637217834e-09 6.1773586945042325e-09 5.2126915136364804e-09 4.4463367423469733e-09 3.7903674864903920e-09 5.7270718314880514e-09 2.5837480563938477e-09 1.7905872363176870e-09 
1.3138812301486482e-08 7.1256037251549022e-09 5.5732211419713120e-09 4.6452464723780666e-09 3.9801093893033785e-09 3.4516638570405346e-09 2.9989724184364691e-09 2.5837480563938477e-09 4.7061591954769669e-09 1.6214063519156136e-09 
6.0397656192846203e-09 3.6219339508367827e-09 2.9962214828571230e-09 2.6220718661000342e-09 2.3546416143638339e-09 2.1421552422192527e-09 1.9594006428153440e-09 1.7905872363176870e-09 1.6214063519156136e-09 3.9495964763219312e-09 
