2.543690147371e-09 8.839393597912e-12 1.028495396097e-11 1.115973610537e-11 1.178755192553e-11 1.228665282415e-11 1.271435343935e-11 1.310808305940e-11 1.350764891440e-11 1.405480257400e-11 
8.839393597912e-12 2.556224208071e-09 2.236837880726e-11 2.530900904458e-11 2.742025074267e-11 2.909539273466e-11 3.053095924015e-11 3.185263322255e-11 3.319391474752e-11 3.503066436494e-11 
1.028495396097e-11 2.236837880726e-11 2.568376467160e-09 3.514429836787e-11 3.898375003341e-11 4.201689482006e-11 4.461140771614e-11 4.700019546129e-11 4.942462057144e-11 5.274469457208e-11 
1.115973610537e-11 2.530900904458e-11 3.514429836787e-11 2.581201643352e-09 4.860774137311e-11 5.329781080674e-11 5.728659814236e-11 6.095169924728e-11 6.467163319709e-11 6.976627398454e-11 
1.178755192553e-11 2.742025074267e-11 3.898375003341e-11 4.860774137311e-11 2.595174290353e-09 6.340830973178e-11 6.912716899787e-11 7.434818474078e-11 7.963911611295e-11 8.688732328413e-11 
1.228665282415e-11 2.909539273466e-11 4.201689482006e-11 5.329781080674e-11 6.340830973178e-11 2.610792928649e-09 8.011732843360e-11 8.722080061773e-11 9.436667054987e-11 1.041522837397e-10 
1.271435343935e-11 3.053095924015e-11 4.461140771614e-11 5.728659814236e-11 6.912716899787e-11 8.011732843360e-11 2.628738230718e-09 9.971248019891e-11 1.091081595366e-10 1.218743157651e-10 
1.310808305940e-11 3.185263322255e-11 4.700019546129e-11 6.095169924728e-11 7.434818474078e-11 8.722080061773e-11 9.971248019891e-11 2.650536180482e-09 1.245210405118e-10 1.409144602141e-10 
1.350764891440e-11 3.319391474752e-11 4.942462057144e-11 6.467163319709e-11 7.963911611295e-11 9.436667054987e-11 1.091081595366e-10 1.245210405118e-10 2.680022809294e-09 1.634775185891e-10 
1.405480257400e-11 3.503066436494e-11 5.274469457208e-11 6.976627398454e-11 8.688732328413e-11 1.041522837397e-10 1.218743157651e-10 1.409144602141e-10 1.634775185891e-10 2.737506152937e-09 
