2.1259066122321874e-08 9.1612844967171665e-09 6.6979129110527784e-09 5.2260401170167855e-09 4.1691927470081301e-09 3.3297090786626993e-09 2.6125216281709424e-09 1.9569228596380992e-09 1.3017769187010212e-09 4.2750323218737391e-10 
9.1612844967171665e-09 7.0783132336802786e-09 3.3486422935390209e-09 2.6368891493209634e-09 2.1259887077451109e-09 1.7202005274965437e-09 1.3734628830897691e-09 1.0564320968805419e-09 7.3965433690802578e-10 3.1807411177193040e-10 
6.6979129110527784e-09 3.3486422935390209e-09 5.0237058108438255e-09 1.9693164476072474e-09 1.5990599552872401e-09 1.3049971333794228e-09 1.0536976084468713e-09 8.2389314804444588e-10 5.9428944274529242e-10 2.8933444220316573e-10 
5.2260401170167855e-09 2.6368891493209634e-09 1.9693164476072474e-09 4.1089169074246348e-09 1.2842289357234401e-09 1.0569143969909773e-09 8.6263001586977670e-10 6.8493953231896837e-10 5.0742076590183251e-10 2.7214687643218095e-10 
4.1691927470081301e-09 2.1259887077451109e-09 1.5990599552872401e-09 1.2842289357234401e-09 3.5968898763484549e-09 8.7906133774206507e-10 7.2572477043810443e-10 5.8545498697396485e-10 4.4534217936261999e-10 2.6011636984011771e-10 
3.3297090786626993e-09 1.7202005274965437e-09 1.3049971333794228e-09 1.0569143969909773e-09 8.7906133774206507e-10 3.2763188345534565e-09 6.1705787466764160e-10 5.0650775345655973e-10 3.9609346978568368e-10 2.5061905702251650e-10 
2.6125216281709424e-09 1.3734628830897691e-09 1.0536976084468713e-09 8.6263001586977670e-10 7.2572477043810443e-10 6.1705787466764160e-10 3.0625980467201933e-09 4.3899751868167330e-10 3.5392558081778926e-10 2.4236997531011296e-10 
1.9569228596380992e-09 1.0564320968805419e-09 8.2389314804444588e-10 6.8493953231896837e-10 5.8545498697396485e-10 5.0650775345655973e-10 4.3899751868167330e-10 2.9156900314278083e-09 3.1538400099366894e-10 2.3470057635612689e-10 
1.3017769187010212e-09 7.3965433690802578e-10 5.9428944274529242e-10 5.0742076590183251e-10 4.4534217936261999e-10 3.9609346978568368e-10 3.5392558081778926e-10 3.1538400099366894e-10 2.8156076427811555e-09 2.2732276571282463e-10 
4.2750323218737391e-10 3.1807411177193040e-10 2.8933444220316573e-10 2.7214687643218095e-10 2.6011636984011771e-10 2.5061905702251650e-10 2.4236997531011296e-10 2.3470057635612689e-10 2.2732276571282463e-10 2.7585959655207355e-09 
