1.7710326240832936e-08 7.4113604354932688e-09 5.4115673918356506e-09 4.2167241239805205e-09 3.3588191902467195e-09 2.6774004870087919e-09 2.0953285769053775e-09 1.5633937014233401e-09 1.0320908125338519e-09 3.2271900548111907e-10 
7.4113604354932688e-09 6.2045438259745169e-09 2.7007151776013460e-09 2.1239216399678464e-09 1.7099103200183960e-09 1.3810977368681254e-09 1.1001720739471703e-09 8.4339010060396949e-10 5.8695167649829162e-10 2.4554071881507609e-10 
5.4115673918356506e-09 2.7007151776013460e-09 4.5403622275667544e-09 1.5843251194218508e-09 1.2846645469853742e-09 1.0466854185789024e-09 8.4334148986215699e-10 6.5744632699883667e-10 4.7181971221037361e-10 2.2520240848272593e-10 
4.2167241239805205e-09 2.1239216399678464e-09 1.5843251194218508e-09 3.8003983435922542e-09 1.0305913717846243e-09 8.4687677563863273e-10 6.8987848521302297e-10 5.4633337770935219e-10 4.0301382663066562e-10 2.1303141219097041e-10 
3.3588191902467195e-09 1.7099103200183960e-09 1.2846645469853742e-09 1.0305913717846243e-09 3.3868404090582237e-09 7.0364047731849348e-10 5.7992615702974987e-10 4.6678950189076132e-10 3.5385265803129989e-10 2.0454665899425854e-10 
2.6774004870087919e-09 1.3810977368681254e-09 1.0466854185789024e-09 8.4687677563863273e-10 7.0364047731849348e-10 3.1283939260119167e-09 4.9266164029138378e-10 4.0367393608490028e-10 3.1485759122531919e-10 1.9785740575104329e-10 
2.0953285769053775e-09 1.1001720739471703e-09 8.4334148986215699e-10 6.8987848521302297e-10 5.7992615702974987e-10 4.9266164029138378e-10 2.9565167824552265e-09 3.4971103988565113e-10 2.8147353086559624e-10 1.9203416657429009e-10 
1.5633937014233401e-09 8.4339010060396949e-10 6.5744632699883667e-10 5.4633337770935219e-10 4.6678950189076132e-10 4.0367393608490028e-10 3.4971103988565113e-10 2.8388209544046613e-09 2.5097763352558996e-10 1.8661219604305017e-10 
1.0320908125338519e-09 5.8695167649829162e-10 4.7181971221037361e-10 4.0301382663066562e-10 3.5385265803129989e-10 3.1485759122531919e-10 2.8147353086559624e-10 2.5097763352558996e-10 2.7592329233288151e-09 1.8145576603254140e-10 
3.2271900548111907e-10 2.4554071881507609e-10 2.2520240848272593e-10 2.1303141219097041e-10 2.0454665899425854e-10 1.9785740575104329e-10 1.9203416657429009e-10 1.8661219604305017e-10 1.8145576603254140e-10 2.7152762878588210e-09 
