2.7559167195124441e-08 1.2278891905980341e-08 8.9952890330476306e-09 7.0332265211411700e-09 5.6243671611886906e-09 4.5051900063528247e-09 3.5488793077271942e-09 2.6743580399585742e-09 1.7998974175392250e-09 6.3403366704439593e-10 
1.2278891905980341e-08 8.6390774620238803e-09 4.5080860672419395e-09 3.5564960247022417e-09 2.8734102966470887e-09 2.3308180501549427e-09 1.8670980344509100e-09 1.4429395901304083e-09 1.0188283772607597e-09 4.5482430267213833e-10 
8.9952890330476306e-09 4.5080860672419395e-09 5.8897818398254411e-09 2.6600702513309948e-09 2.1639641922484067e-09 1.7699152776921565e-09 1.4331066696146520e-09 1.1249823833698598e-09 8.1690092544873000e-10 4.0795894893942426e-10 
7.0332265211411700e-09 3.5564960247022417e-09 2.6600702513309948e-09 4.6629091706333588e-09 1.7400666743416761e-09 1.4347677214863834e-09 1.1737814284201345e-09 9.3498672814177702e-10 6.9623500834238037e-10 3.7994476425173589e-10 
5.6243671611886906e-09 2.8734102966470887e-09 2.1639641922484067e-09 1.7400666743416761e-09 3.9744731044815917e-09 1.1944698550711789e-09 9.8793981533094825e-10 7.9892932944963989e-10 6.0996957922851305e-10 3.6022728013188918e-10 
4.5051900063528247e-09 2.3308180501549427e-09 1.7699152776921565e-09 1.4347677214863834e-09 1.1944698550711789e-09 3.5421215868769660e-09 8.4040727424702241e-10 6.9093876393787959e-10 5.4151541948310629e-10 3.4463368677705341e-10 
3.5488793077271942e-09 1.8670980344509100e-09 1.4331066696146520e-09 1.1737814284201345e-09 9.8793981533094825e-10 8.4040727424702241e-10 3.2526838847396257e-09 5.9857154792040819e-10 4.8289386237901291e-10 3.3112770469127379e-10 
2.6743580399585742e-09 1.4429395901304083e-09 1.1249823833698598e-09 9.3498672814177702e-10 7.9892932944963989e-10 6.9093876393787959e-10 5.9857154792040819e-10 3.0524707301000571e-09 4.2927160164892856e-10 3.1859391560218955e-10 
1.7998974175392250e-09 1.0188283772607597e-09 8.1690092544873000e-10 6.9623500834238037e-10 6.0996957922851305e-10 5.4151541948310629e-10 4.8289386237901291e-10 4.2927160164892856e-10 2.9144156154997932e-09 3.0637601458671276e-10 
6.3403366704439593e-10 4.5482430267213833e-10 4.0795894893942426e-10 3.7994476425173589e-10 3.6022728013188918e-10 3.4463368677705341e-10 3.3112770469127379e-10 3.1859391560218955e-10 3.0637601458671276e-10 2.8318852398737203e-09 
