2.6581914066702202e-08 1.1794582672056338e-08 8.6380315297377877e-09 6.7518999303741558e-09 5.3975669437151353e-09 4.3217146031377175e-09 3.4024467873939062e-09 2.5618427575709207e-09 1.7213651051505169e-09 6.0064937760690209e-10 
1.1794582672056338e-08 8.3963645544661540e-09 4.3276528658971178e-09 3.4132833223755212e-09 2.7569193366260568e-09 2.2355583928731119e-09 1.7899946247318855e-09 1.3824648473131740e-09 9.7501717099742846e-10 4.3310978928006879e-10 
8.6380315297377877e-09 4.3276528658971178e-09 5.7549360197200242e-09 2.5524690421839316e-09 2.0759200069715477e-09 1.6974093460933552e-09 1.3738900583712178e-09 1.0779392444495954e-09 7.8205819839064146e-10 3.8927282789205122e-10 
6.7518999303741558e-09 3.4132833223755212e-09 2.5524690421839316e-09 4.5765898563172133e-09 1.6690219410861500e-09 1.3758591003638227e-09 1.1252537654681624e-09 8.9597004137972106e-10 6.6675141258007060e-10 3.6306778417213926e-10 
5.3975669437151353e-09 2.7569193366260568e-09 2.0759200069715477e-09 1.6690219410861500e-09 3.9156259900357154e-09 1.1453143035685614e-09 9.4707631591666007e-10 7.6566475156855073e-10 5.8432234880402353e-10 3.4463677287711558e-10 
4.3217146031377175e-09 2.2355583928731119e-09 1.6974093460933552e-09 1.3758591003638227e-09 1.1453143035685614e-09 3.5007141930036833e-09 8.0563115619603318e-10 6.6224249727944303e-10 5.1891484174560625e-10 3.3006392401134500e-10 
3.4024467873939062e-09 1.7899946247318855e-09 1.3738900583712178e-09 1.1252537654681624e-09 9.4707631591666007e-10 8.0563115619603318e-10 3.2231179686714853e-09 5.7378534468616446e-10 4.6290345154118688e-10 3.1743758776749759e-10 
2.5618427575709207e-09 1.3824648473131740e-09 1.0779392444495954e-09 8.9597004137972106e-10 7.6566475156855073e-10 6.6224249727944303e-10 5.7378534468616446e-10 3.0312705380634448e-09 4.1167413642810241e-10 3.0571746111627699e-10 
1.7213651051505169e-09 9.7501717099742846e-10 7.8205819839064146e-10 6.6675141258007060e-10 5.8432234880402353e-10 5.1891484174560625e-10 4.6290345154118688e-10 4.1167413642810241e-10 2.8992124583542371e-09 2.9431082265944427e-10 
6.0064937760690209e-10 4.3310978928006879e-10 3.8927282789205122e-10 3.6306778417213926e-10 3.4463677287711558e-10 3.3006392401134500e-10 3.1743758776749759e-10 3.0571746111627699e-10 2.9431082265944427e-10 2.8207976723772565e-09 
