6.448344023183e-08 1.717624943995e-08 3.481070132146e-09 4.622794401362e-10 4.287729048821e-11 2.583734821781e-12 8.697797336318e-14 1.229412904327e-15 3.996012501481e-18 4.647750970854e-22 
1.717624943995e-08 7.063609765520e-08 2.509944369355e-08 7.727297518224e-09 1.475006848524e-09 1.766070602384e-10 1.194208846991e-11 3.548001467518e-13 2.612432772350e-15 8.033453004100e-19 
3.481070132146e-09 2.509944369355e-08 6.561779869294e-08 2.466032267850e-08 9.054312887622e-09 1.955050359755e-09 2.333788691365e-10 1.255813025243e-11 1.799009161729e-13 1.287334892045e-16 
4.622794401362e-10 7.727297518224e-09 2.466032267850e-08 6.063022792009e-08 2.230067649126e-08 8.597604275297e-09 1.787664715989e-09 1.682605479711e-10 4.442192737927e-12 7.016352894816e-15 
4.287729048821e-11 1.475006848524e-09 9.054312887622e-09 2.230067649126e-08 5.620009766324e-08 1.932481325333e-08 7.131846772476e-09 1.195294230984e-09 5.859648766968e-11 2.035475455799e-13 
2.583734821781e-12 1.766070602384e-10 1.955050359755e-09 8.597604275297e-09 1.932481325333e-08 5.225516186862e-08 1.616424495082e-08 5.034466770662e-09 4.831697775108e-10 3.881348014965e-12 
8.697797336318e-14 1.194208846991e-11 2.333788691365e-10 1.787664715989e-09 7.131846772476e-09 1.616424495082e-08 4.864935222973e-08 1.259683722457e-08 2.587407039317e-09 5.364329101807e-11 
1.229412904327e-15 3.548001467518e-13 1.255813025243e-11 1.682605479711e-10 1.195294230984e-09 5.034466770662e-09 1.259683722457e-08 4.499863821303e-08 8.463004855293e-09 5.458136472768e-10 
3.996012501481e-18 2.612432772350e-15 1.799009161729e-13 4.442192737927e-12 5.859648766968e-11 4.831697775108e-10 2.587407039317e-09 8.463004855293e-09 4.128794178322e-08 3.720149491681e-09 
4.647750970854e-22 8.033453004100e-19 1.287334892045e-16 7.016352894816e-15 2.035475455799e-13 3.881348014965e-12 5.364329101807e-11 5.458136472768e-10 3.720149491681e-09 3.539970007968e-08 
