6.715224774038e-08 1.832712610004e-08 3.698999259287e-09 4.896563498456e-10 4.528448008254e-11 2.724819216280e-12 9.144450742233e-14 1.291368427395e-15 4.191567365444e-18 4.869344078355e-22 
1.832712610004e-08 7.332318222289e-08 2.660926205198e-08 8.167946939896e-09 1.556376045463e-09 1.859457360824e-10 1.254301147220e-11 3.727715942695e-13 2.736141280179e-15 8.424731796308e-19 
3.698999259287e-09 2.660926205198e-08 6.776696617007e-08 2.602957278560e-08 9.543360485488e-09 2.055245459613e-09 2.451287831472e-10 1.318703082380e-11 1.882428328487e-13 1.350870429582e-16 
4.896563498456e-10 8.167946939896e-09 2.602957278560e-08 6.239257746189e-08 2.346110223828e-08 9.030056811059e-09 1.878064677551e-09 1.764831562604e-10 4.647291982394e-12 7.363375681957e-15 
4.528448008254e-11 1.556376045463e-09 9.543360485488e-09 2.346110223828e-08 5.761069420834e-08 2.029978288401e-08 7.489606679585e-09 1.251893672409e-09 6.133624747496e-11 2.135166853672e-13 
2.724819216280e-12 1.859457360824e-10 2.055245459613e-09 9.030056811059e-09 2.029978288401e-08 5.346794836160e-08 1.694765253016e-08 5.267418309540e-09 5.063575897708e-10 4.067461979237e-12 
9.144450742233e-14 1.254301147220e-11 2.451287831472e-10 1.878064677551e-09 7.489606679585e-09 1.694765253016e-08 4.959929316926e-08 1.318661513411e-08 2.714604152567e-09 5.613818138561e-11 
1.291368427395e-15 3.727715942695e-13 1.318703082380e-11 1.764831562604e-10 1.251893672409e-09 5.267418309540e-09 1.318661513411e-08 4.581869708437e-08 8.873957808813e-09 5.705632635877e-10 
4.191567365444e-18 2.736141280179e-15 1.882428328487e-13 4.647291982394e-12 6.133624747496e-11 5.063575897708e-10 2.714604152567e-09 8.873957808813e-09 4.188924364548e-08 3.897254467829e-09 
4.869344078355e-22 8.424731796308e-19 1.350870429582e-16 7.363375681957e-15 2.135166853672e-13 4.067461979237e-12 5.613818138561e-11 5.705632635877e-10 3.897254467829e-09 3.577646775032e-08 
