7.516504250639e-08 2.170094590850e-08 4.332652392629e-09 5.684333507194e-10 5.226172739381e-11 3.123817744846e-12 1.043880807248e-13 1.470075182553e-15 4.738825948101e-18 5.518928635351e-22 
2.170094590850e-08 8.114872059365e-08 3.095959181416e-08 9.442435068487e-09 1.789121370311e-09 2.125245323392e-10 1.430774298957e-11 4.229745449587e-13 3.095220609335e-15 9.532951970039e-19 
4.332652392629e-09 3.095959181416e-08 7.397490525635e-08 2.997496851391e-08 1.092731640468e-08 2.346019236273e-09 2.791496584464e-10 1.492776802096e-11 2.132337081498e-13 1.525696428524e-16 
5.684333507194e-10 9.442435068487e-09 2.997496851391e-08 6.738068574854e-08 2.679231272826e-08 1.029821265423e-08 2.132966709632e-09 1.995839934179e-10 5.269837290751e-12 8.302609233387e-15 
5.226172739381e-11 1.789121370311e-09 1.092731640468e-08 2.679231272826e-08 6.175080288506e-08 2.309548876143e-08 8.480461785996e-09 1.416478034057e-09 6.956261547293e-11 2.405266217313e-13 
3.123817744846e-12 2.125245323392e-10 2.346019236273e-09 1.029821265423e-08 2.309548876143e-08 5.683084576774e-08 1.916461757703e-08 5.969593030897e-09 5.735169673702e-10 4.583358122570e-12 
1.043880807248e-13 1.430774298957e-11 2.791496584464e-10 2.132966709632e-09 8.480461785996e-09 1.916461757703e-08 5.243804544355e-08 1.495468990773e-08 3.065794955789e-09 6.340181698503e-11 
1.470075182553e-15 4.229745449587e-13 1.492776802096e-11 1.995839934179e-10 1.416478034057e-09 5.969593030897e-09 1.495468990773e-08 4.812145975496e-08 1.000064973742e-08 6.476151049203e-10 
4.738825948101e-18 3.095220609335e-15 2.132337081498e-13 5.269837290751e-12 6.956261547293e-11 5.735169673702e-10 3.065794955789e-09 1.000064973742e-08 4.369790370932e-08 4.446135930059e-09 
5.518928635351e-22 9.532951970039e-19 1.525696428524e-16 8.302609233387e-15 2.405266217313e-13 4.583358122570e-12 6.340181698503e-11 6.476151049203e-10 4.446135930059e-09 3.683512647684e-08 
