1.282579725379e-06 5.123689259184e-07 1.031568198188e-07 1.397998132285e-08 1.319949266910e-09 8.205052583396e-11 2.944308125193e-12 4.546254765477e-14 1.598780791651e-16 2.001461806092e-20 
5.123689259184e-07 1.283289983103e-06 7.547391667919e-07 2.365212361846e-07 4.618815025924e-08 5.798949202110e-09 4.223001021632e-10 1.357771101047e-11 1.064038989620e-13 3.502840877521e-17 
1.031568198188e-07 7.547391667919e-07 1.170565030956e-06 7.660113227835e-07 2.909424539980e-07 6.660770718821e-08 8.558981727218e-09 4.923884104414e-10 7.435013189258e-12 5.682622380434e-15 
1.397998132285e-08 2.365212361846e-07 7.660113227835e-07 1.063022709453e-06 7.451623835856e-07 3.056295932093e-07 6.778644882257e-08 6.731152148457e-09 1.861469042113e-10 3.138185442185e-13 
1.319949266910e-09 4.618815025924e-08 2.909424539980e-07 7.451623835856e-07 1.012867443402e-06 7.187240835035e-07 2.789074626653e-07 4.873001504379e-08 2.491719468064e-09 9.241995239849e-12 
8.205052583396e-11 5.798949202110e-09 6.660770718821e-08 3.056295932093e-07 7.187240835035e-07 9.611210358486e-07 6.500112030526e-07 2.093489936421e-07 2.090231991993e-08 1.795646228812e-10 
2.944308125193e-12 4.223001021632e-10 8.558981727218e-09 6.778644882257e-08 2.789074626653e-07 6.500112030526e-07 8.725441913370e-07 5.359381344222e-07 1.144465814834e-07 2.547594280135e-09 
4.546254765477e-14 1.357771101047e-11 4.923884104414e-10 6.731152148457e-09 4.873001504379e-08 2.093489936421e-07 5.359381344222e-07 7.636976153521e-07 3.867732881248e-07 2.703773129841e-08 
1.598780791651e-16 1.064038989620e-13 7.435013189258e-12 1.861469042113e-10 2.491719468064e-09 2.090231991993e-08 1.144465814834e-07 3.867732881248e-07 6.619617873914e-07 1.986312944122e-07 
2.001461806092e-20 3.502840877521e-17 5.682622380434e-15 3.138185442185e-13 9.241995239849e-12 1.795646228812e-10 2.547594280135e-09 2.703773129841e-08 1.986312944122e-07 4.636625918799e-07 
