3.751561180575e-06 1.581418048779e-06 3.160315510300e-07 4.360833854572e-08 4.232500788116e-09 2.635876453056e-10 9.039916425818e-12 1.295649462421e-13 4.267364279523e-16 5.168981053463e-20 
1.581418048779e-06 3.871925462945e-06 2.338387762470e-06 7.518228289911e-07 1.488474220318e-07 1.822796405536e-08 1.250149573333e-09 3.757683823460e-11 2.806602471221e-13 9.016402839693e-17 
3.160315510300e-07 2.338387762470e-06 3.645162363090e-06 2.467288727838e-06 9.279604841300e-07 2.033897736573e-07 2.456449355281e-08 1.335390073061e-09 1.946414597951e-11 1.457584270366e-14 
4.360833854572e-08 7.518228289911e-07 2.467288727838e-06 3.342072588417e-06 2.311384990076e-06 9.007500724372e-07 1.890803043363e-07 1.797437596095e-08 4.846561769495e-10 8.016083572750e-13 
4.232500788116e-09 1.488474220318e-07 9.279604841300e-07 2.311384990076e-06 2.956364854050e-06 2.038232857114e-06 7.580455162754e-07 1.285121667559e-07 6.457565491451e-09 2.348517755977e-11 
2.635876453056e-10 1.822796405536e-08 2.033897736573e-07 9.007500724372e-07 2.038232857114e-06 2.580805823463e-06 1.729187452075e-06 5.467083008894e-07 5.391336281577e-08 4.531381975956e-10 
9.039916425818e-12 1.250149573333e-09 2.456449355281e-08 1.890803043363e-07 7.580455162754e-07 1.729187452075e-06 2.239637571817e-06 1.388773837241e-06 2.933180020534e-07 6.363364145322e-09 
1.295649462421e-13 3.757683823460e-11 1.335390073061e-09 1.797437596095e-08 1.285121667559e-07 5.467083008894e-07 1.388773837241e-06 1.918825838364e-06 9.803573816447e-07 6.638507103298e-08 
4.267364279523e-16 2.806602471221e-13 1.946414597951e-11 4.846561769495e-10 6.457565491451e-09 5.391336281577e-08 2.933180020534e-07 9.803573816447e-07 1.598369427405e-06 4.725393840165e-07 
5.168981053463e-20 9.016402839693e-17 1.457584270366e-14 8.016083572750e-13 2.348517755977e-11 4.531381975956e-10 6.363364145322e-09 6.638507103298e-08 4.725393840165e-07 1.007465633819e-06 
