3.144718468164e-07 1.065356064302e-07 1.965982235987e-08 2.469608022188e-09 2.218169969502e-10 1.311804506302e-11 4.388618399097e-13 6.283511062644e-15 2.105890624439e-17 2.639421561895e-21 
1.065356064302e-07 2.712462794559e-07 1.357921648526e-07 4.033582255147e-08 7.535308454713e-09 8.920011142984e-10 6.052098779734e-11 1.831663547142e-12 1.395395472857e-14 4.630840410300e-18 
1.965982235987e-08 1.357921648526e-07 2.243067546492e-07 1.265931451169e-07 4.586802870042e-08 9.872643966956e-09 1.190886903672e-09 6.547760257889e-11 9.743864140318e-13 7.527948791265e-16 
2.469608022188e-09 4.033582255147e-08 1.265931451169e-07 1.926977375797e-07 1.125505353710e-07 4.361065523248e-08 9.203590331565e-09 8.872055569065e-10 2.442584130207e-11 4.163471445405e-14 
2.218169969502e-10 7.535308454713e-09 4.586802870042e-08 1.125505353710e-07 1.699777176165e-07 9.893714011942e-08 3.714333964974e-08 6.392914817444e-09 3.277664210660e-10 1.226999551081e-12 
1.311804506302e-11 8.920011142984e-10 9.872643966956e-09 4.361065523248e-08 9.893714011942e-08 1.530118286446e-07 8.551823394313e-08 2.745044201349e-08 2.758808737438e-09 2.382607252119e-11 
4.388618399097e-13 6.052098779734e-11 1.190886903672e-09 9.203590331565e-09 3.714333964974e-08 8.551823394313e-08 1.388773538391e-07 7.050764449588e-08 1.516042145837e-08 3.370544227873e-10 
6.283511062644e-15 1.831663547142e-12 6.547760257889e-11 8.872055569065e-10 6.392914817444e-09 2.745044201349e-08 7.050764449588e-08 1.255009376650e-07 5.132430920593e-08 3.549356998392e-09 
2.105890624439e-17 1.395395472857e-14 9.743864140318e-13 2.442584130207e-11 3.277664210660e-10 2.758808737438e-09 1.516042145837e-08 5.132430920593e-08 1.117347054226e-07 2.563962715675e-08 
2.639421561895e-21 4.630840410300e-18 7.527948791265e-16 4.163471445405e-14 1.226999551081e-12 2.382607252119e-11 3.370544227873e-10 3.549356998392e-09 2.563962715675e-08 8.295507306707e-08 
