1.106332071919e-07 3.574205475508e-08 6.900096981003e-09 8.836731382644e-10 7.973329044639e-11 4.705317132257e-12 1.553974319089e-13 2.171514964465e-15 6.982906520740e-18 8.139532116647e-22 
3.574205475508e-08 1.129845932127e-07 4.841690744066e-08 1.448934758195e-08 2.706676734266e-09 3.179978866747e-10 2.119310072386e-11 6.244453858651e-13 4.552075107646e-15 1.410598109804e-18 
6.900096981003e-09 4.841690744066e-08 9.861870781095e-08 4.549637109996e-08 1.641923562943e-08 3.490174796440e-09 4.125506571251e-10 2.202335439186e-11 3.131992001930e-13 2.265056771816e-16 
8.836731382644e-10 1.448934758195e-08 4.549637109996e-08 8.715538813781e-08 3.997190932493e-08 1.524842437188e-08 3.149296717469e-09 2.940588017705e-10 7.740554123204e-12 1.236351597268e-14 
7.973329044639e-11 2.706676734266e-09 1.641923562943e-08 3.997190932493e-08 7.792006641540e-08 3.411376005933e-08 1.251245937180e-08 2.083150890620e-09 1.023463411049e-10 3.590740219823e-13 
4.705317132257e-12 3.179978866747e-10 3.490174796440e-09 1.524842437188e-08 3.411376005933e-08 7.045299163610e-08 2.822333114649e-08 8.768039728565e-09 8.468918360018e-10 6.855319486085e-12 
1.553974319089e-13 2.119310072386e-11 4.125506571251e-10 3.149296717469e-09 1.251245937180e-08 2.822333114649e-08 6.380326539713e-08 2.200527813037e-08 4.552451401876e-09 9.496811316996e-11 
2.171514964465e-15 6.244453858651e-13 2.202335439186e-11 2.940588017705e-10 2.083150890620e-09 8.768039728565e-09 2.200527813037e-08 5.770966774618e-08 1.493537942897e-08 9.726904205716e-10 
6.982906520740e-18 4.552075107646e-15 3.131992001930e-13 7.740554123204e-12 1.023463411049e-10 8.468918360018e-10 4.552451401876e-09 1.493537942897e-08 5.143851199673e-08 6.757091122249e-09 
8.139532116647e-22 1.410598109804e-18 2.265056771816e-16 1.236351597268e-14 3.590740219823e-13 6.855319486085e-12 9.496811316996e-11 9.726904205716e-10 6.757091122249e-09 4.170963801542e-08 
