2.714876933749e-07 9.190910206168e-08 1.696428969458e-08 2.125349217215e-09 1.901106071165e-10 1.123075091901e-11 3.742840302900e-13 5.297094953431e-15 1.752282076810e-17 2.164634349700e-21 
9.190910206168e-08 2.379692505667e-07 1.169745917623e-07 3.461569849120e-08 6.452001497261e-09 7.625979564913e-10 5.134185124545e-11 1.536013137077e-12 1.156923412431e-14 3.789273528265e-18 
1.696428969458e-08 1.169745917623e-07 1.965966140429e-07 1.084184558618e-07 3.925312559298e-08 8.412934139236e-09 1.005132084555e-09 5.468471657640e-11 8.054483853361e-13 6.146366787306e-16 
2.125349217215e-09 3.461569849120e-08 1.084184558618e-07 1.690034505246e-07 9.609585569259e-08 3.697010129007e-08 7.728994202775e-09 7.382117650484e-10 2.013530030756e-11 3.391642729128e-14 
1.901106071165e-10 6.452001497261e-09 3.925312559298e-08 9.609585569259e-08 1.485605305563e-07 8.333263070399e-08 3.103471034141e-08 5.299297906597e-09 2.694364460124e-10 9.971368447140e-13 
1.123075091901e-11 7.625979564913e-10 8.412934139236e-09 3.697010129007e-08 8.333263070399e-08 1.326322641015e-07 7.108504583373e-08 2.266322917270e-08 2.260683345883e-09 1.931254880033e-11 
3.742840302900e-13 5.134185124545e-11 1.005132084555e-09 7.728994202775e-09 3.103471034141e-08 7.108504583373e-08 1.197023309276e-07 5.795446534690e-08 1.237417138996e-08 2.724353973713e-10 
5.297094953431e-15 1.536013137077e-12 5.468471657640e-11 7.382117650484e-10 5.299297906597e-09 2.266322917270e-08 5.795446534690e-08 1.077566132167e-07 4.167531171414e-08 2.860216912191e-09 
1.752282076810e-17 1.156923412431e-14 8.054483853361e-13 2.013530030756e-11 2.694364460124e-10 2.260683345883e-09 1.237417138996e-08 4.167531171414e-08 9.562813501895e-08 2.058407376872e-08 
2.164634349700e-21 3.789273528265e-18 6.146366787306e-16 3.391642729128e-14 9.971368447140e-13 1.931254880033e-11 2.724353973713e-10 2.860216912191e-09 2.058407376872e-08 7.174729965379e-08 
