2.104482608291e-07 7.120033810581e-08 1.322371492927e-08 1.656856608647e-09 1.477302244765e-10 8.672841274003e-12 2.872444807292e-13 4.037529916700e-15 1.324264568618e-17 1.590724996818e-21 
7.120033810581e-08 1.916186717471e-07 9.121681106512e-08 2.693614186682e-08 4.995114010557e-09 5.867673835696e-10 3.927358455063e-11 1.167251275854e-12 8.705911828573e-15 2.769211247963e-18 
1.322371492927e-08 9.121681106512e-08 1.593060047380e-07 8.407712840330e-08 3.027133386817e-08 6.453570309068e-09 7.666451368423e-10 4.144730987744e-11 6.030300658348e-13 4.469564398765e-16 
1.656856608647e-09 2.693614186682e-08 8.407712840330e-08 1.368766053952e-07 7.382619648499e-08 2.826841551358e-08 5.878220978187e-09 5.577512651830e-10 1.498646103755e-11 2.454855020325e-14 
1.477302244765e-10 4.995114010557e-09 3.027133386817e-08 7.382619648499e-08 1.203075378145e-07 6.348592548617e-08 2.352895741622e-08 3.985494654318e-09 1.991820455948e-10 7.183966353625e-13 
8.672841274003e-12 5.867673835696e-10 6.453570309068e-09 2.826841551358e-08 6.348592548617e-08 1.074517598638e-07 5.365449570672e-08 1.692350185036e-08 1.658090625547e-09 1.384646818603e-11 
2.872444807292e-13 3.927358455063e-11 7.666451368423e-10 5.878220978187e-09 2.352895741622e-08 5.365449570672e-08 9.671884269643e-08 4.283159964331e-08 8.993860060939e-09 1.942422116851e-10 
4.037529916700e-15 1.167251275854e-12 4.144730987744e-11 5.577512651830e-10 3.985494654318e-09 1.692350185036e-08 4.283159964331e-08 8.624511548502e-08 2.997962253058e-08 2.024585481003e-09 
1.324264568618e-17 8.705911828573e-15 6.030300658348e-13 1.498646103755e-11 1.991820455948e-10 1.658090625547e-09 8.993860060939e-09 2.997962253058e-08 7.611549919713e-08 1.440861103477e-08 
1.590724996818e-21 2.769211247963e-18 4.469564398765e-16 2.454855020325e-14 7.183966353625e-13 1.384646818603e-11 1.942422116851e-10 2.024585481003e-09 1.440861103477e-08 5.820413360023e-08 
