1.191758202455e-07 3.896347491355e-08 7.478558852869e-09 9.539658788267e-10 8.590080255495e-11 5.055900107412e-12 1.669284956072e-13 2.332189599068e-15 7.487428510893e-18 8.772779071939e-22 
3.896347491355e-08 1.201754217945e-07 5.231619284655e-08 1.561898807569e-08 2.911476911067e-09 3.414939789442e-10 2.277645732179e-11 6.696776343496e-13 4.890074409615e-15 1.518696744172e-18 
7.478558852869e-09 5.231619284655e-08 1.041274781595e-07 4.897408943426e-08 1.763738837356e-08 3.749435887804e-09 4.431326656163e-10 2.360541370144e-11 3.371198646342e-13 2.435999982204e-16 
9.539658788267e-10 1.561898807569e-08 4.897408943426e-08 9.154187853890e-08 4.292887929694e-08 1.638667189906e-08 3.378845098700e-09 3.153800978262e-10 8.342945380026e-12 1.328746145355e-14 
8.590080255495e-11 2.911476911067e-09 1.763738837356e-08 4.292887929694e-08 8.163244512524e-08 3.662802213711e-08 1.341197168738e-08 2.238226225258e-09 1.103515485005e-10 3.859514177081e-13 
5.055900107412e-12 3.414939789442e-10 3.749435887804e-09 1.638667189906e-08 3.662802213711e-08 7.349471903761e-08 3.027994187113e-08 9.443447769625e-09 9.123974011931e-10 7.378671764280e-12 
1.669284956072e-13 2.277645732179e-11 4.431326656163e-10 3.378845098700e-09 1.341197168738e-08 3.027994187113e-08 6.651750410405e-08 2.372568949291e-08 4.896615014082e-09 1.025573041834e-10 
2.332189599068e-15 6.696776343496e-13 2.360541370144e-11 3.153800978262e-10 2.238226225258e-09 9.443447769625e-09 2.372568949291e-08 5.995901461199e-08 1.606526221591e-08 1.056217647986e-09 
7.487428510893e-18 4.890074409615e-15 3.371198646342e-13 8.342945380026e-12 1.103515485005e-10 9.123974011931e-10 4.896615014082e-09 1.606526221591e-08 5.336263679026e-08 7.364574766681e-09 
8.772779071939e-22 1.518696744172e-18 2.435999982204e-16 1.328746145355e-14 3.859514177081e-13 7.378671764280e-12 1.025573041834e-10 1.056217647986e-09 7.364574766681e-09 4.290717864027e-08 
