2.551590190381e-09 2.165330544767e-11 2.496324112556e-11 2.696274485152e-11 2.839794020511e-11 2.953891996323e-11 3.051666009943e-11 3.141673308611e-11 3.233013886836e-11 3.358090251214e-11 
2.165330544767e-11 2.580242197505e-09 5.175614963524e-11 5.806665265287e-11 6.259821501211e-11 6.619508866640e-11 6.927748745575e-11 7.211526195145e-11 7.499510091101e-11 7.893866540679e-11 
2.496324112556e-11 5.175614963524e-11 2.606029048644e-09 7.837907476940e-11 8.628696397827e-11 9.254039155922e-11 9.789094087056e-11 1.028170707405e-10 1.078165661685e-10 1.146628550525e-10 
2.696274485152e-11 5.806665265287e-11 7.837907476940e-11 2.632120230848e-09 1.053923548588e-10 1.147552344574e-10 1.227256515620e-10 1.300510470660e-10 1.374858138898e-10 1.476677622579e-10 
2.839794020511e-11 6.259821501211e-11 8.628696397827e-11 1.053923548588e-10 2.659675376197e-09 1.342525081911e-10 1.453817211587e-10 1.555515361537e-10 1.658588712438e-10 1.799782956180e-10 
2.953891996323e-11 6.619508866640e-11 9.254039155922e-11 1.147552344574e-10 1.342525081911e-10 2.689737539849e-09 1.661275756344e-10 1.796769391354e-10 1.933166269455e-10 2.119941913473e-10 
3.051666009943e-11 6.927748745575e-11 9.789094087056e-11 1.227256515620e-10 1.453817211587e-10 1.661275756344e-10 2.723636097783e-09 2.028740896306e-10 2.205054152603e-10 2.444706241885e-10 
3.141673308611e-11 7.211526195145e-11 1.028170707405e-10 1.300510470660e-10 1.555515361537e-10 1.796769391354e-10 2.028740896306e-10 2.764171751731e-09 2.487364281257e-10 2.790814316405e-10 
3.233013886836e-11 7.499510091101e-11 1.078165661685e-10 1.374858138898e-10 1.658588712438e-10 1.933166269455e-10 2.205054152603e-10 2.487364281257e-10 2.818336869069e-09 3.199329205365e-10 
3.358090251214e-11 7.893866540679e-11 1.146628550525e-10 1.476677622579e-10 1.799782956180e-10 2.119941913473e-10 2.444706241885e-10 2.790814316405e-10 3.199329205365e-10 2.922899664068e-09 
