1.9056961743571308e-08 8.0748253199628147e-09 5.8989782709786984e-09 4.5989323949722659e-09 3.6654822926630767e-09 2.9240444835347817e-09 2.2906712913309035e-09 1.7117856801395986e-09 1.1334643554184808e-09 3.6145062321280114e-10 
8.0748253199628147e-09 6.5355816148759206e-09 2.9460684740597503e-09 2.3180739398653609e-09 1.8673067661403539e-09 1.5092945172778292e-09 1.2034057817181955e-09 9.2377229998362091e-10 6.4444850061852846e-10 2.7261421169048037e-10 
5.8989782709786984e-09 2.9460684740597503e-09 4.7233159041492464e-09 1.7299917995026480e-09 1.4035686407663031e-09 1.1443297994958599e-09 9.2280863441271972e-10 7.2027106646329090e-10 5.1797685615792522e-10 2.4923702761428080e-10 
4.5989323949722659e-09 2.3180739398653609e-09 1.7299917995026480e-09 3.9170937311574416e-09 1.1264966482949013e-09 9.2626653968165607e-10 7.5514546540386802e-10 5.9866810886085796e-10 4.4239644387636342e-10 2.3525169469070816e-10 
3.6654822926630767e-09 1.8673067661403539e-09 1.4035686407663031e-09 1.1264966482949013e-09 3.4662472634696834e-09 7.6994104154984965e-10 6.3501609643219315e-10 5.1161163279238378e-10 3.8839131311613038e-10 2.2548593865430137e-10 
2.9240444835347817e-09 1.5092945172778292e-09 1.1443297994958599e-09 9.2626653968165607e-10 7.6994104154984965e-10 3.1842985462271587e-09 5.3967097961079610e-10 4.4253205125157106e-10 3.4555161313472573e-10 2.1778259517415476e-10 
2.2906712913309035e-09 1.2034057817181955e-09 9.2280863441271972e-10 7.5514546540386802e-10 6.3501609643219315e-10 5.3967097961079610e-10 2.9966117126057869e-09 3.8346605151116551e-10 3.0887424320569675e-10 2.1108299022656037e-10 
1.7117856801395986e-09 9.2377229998362091e-10 7.2027106646329090e-10 5.9866810886085796e-10 5.1161163279238378e-10 4.4253205125157106e-10 3.8346605151116551e-10 2.8678989456180923e-09 2.7536212716844299e-10 2.0484899543467624e-10 
1.1334643554184808e-09 6.4444850061852846e-10 5.1797685615792522e-10 4.4239644387636342e-10 3.8839131311613038e-10 3.4555161313472573e-10 3.0887424320569675e-10 2.7536212716844299e-10 2.7806069354779219e-09 1.9889082169212399e-10 
3.6145062321280114e-10 2.7261421169048037e-10 2.4923702761428080e-10 2.3525169469070816e-10 2.2548593865430137e-10 2.1778259517415476e-10 2.1108299022656037e-10 2.0484899543467624e-10 1.9889082169212399e-10 2.7317983190901733e-09 
