5.7795192420775823e-08 2.7333203357851746e-08 2.0136244297966303e-08 1.5835274945873517e-08 1.2746953292515344e-08 1.0293315798840479e-08 8.1958447338689461e-09 6.2761299399673682e-09 4.3542047351551127e-09 1.7990970283227748e-09 
2.7333203357851746e-08 1.6205710792546977e-08 1.0144377516450981e-08 8.0390694650788043e-09 6.5276987962088424e-09 5.3269811618565208e-09 4.3003643005370354e-09 3.3605005125144704e-09 2.4194290155024395e-09 1.1708752721037269e-09 
2.0136244297966303e-08 1.0144377516450981e-08 1.0106836920857219e-08 6.0288768990408942e-09 4.9238510616783704e-09 4.0459809493421565e-09 3.2953102545912564e-09 2.6079464596801278e-09 1.9196319053837432e-09 1.0077585287526285e-09 
1.5835274945873517e-08 8.0390694650788043e-09 6.0288768990408942e-09 7.3660548456194059e-09 3.9654131095687695e-09 3.2804631642706658e-09 2.6946807456253233e-09 2.1582053418863813e-09 1.6209376466468839e-09 9.1026248760220714e-10 
1.2746953292515344e-08 6.5276987962088424e-09 4.9238510616783704e-09 3.9654131095687695e-09 5.8162126492728335e-09 2.7313928873556784e-09 2.2640297220052170e-09 1.8359035973008765e-09 1.4071121348386028e-09 8.4094116639402806e-10 
1.0293315798840479e-08 5.3269811618565208e-09 4.0459809493421565e-09 3.2804631642706658e-09 2.7313928873556784e-09 4.8337149703417260e-09 1.9220154315794460e-09 1.5799601484866293e-09 1.2373194179482212e-09 7.8594556243914597e-10 
8.1958447338689461e-09 4.3003643005370354e-09 3.2953102545912564e-09 2.6946807456253233e-09 2.2640297220052170e-09 1.9220154315794460e-09 4.1678169807894847e-09 1.3609410212819575e-09 1.0918773780173247e-09 7.3853807525596103e-10 
6.2761299399673682e-09 3.3605005125144704e-09 2.6079464596801278e-09 2.1582053418863813e-09 1.8359035973008765e-09 1.5799601484866293e-09 1.3609410212819575e-09 3.6986372745968354e-09 9.5861099808014913e-10 6.9468127201170583e-10 
4.3542047351551127e-09 2.4194290155024395e-09 1.9196319053837432e-09 1.6209376466468839e-09 1.4071121348386028e-09 1.2373194179482212e-09 1.0918773780173247e-09 9.5861099808014913e-10 3.3639295146946297e-09 6.5107544264239687e-10 
1.7990970283227748e-09 1.1708752721037269e-09 1.0077585287526285e-09 9.1026248760220714e-10 8.4094116639402806e-10 7.8594556243914597e-10 7.3853807525596103e-10 6.9468127201170583e-10 6.5107544264239687e-10 3.1376651016808480e-09 
