4.5289397693399236e-08 2.1095704113262345e-08 1.5514584266080557e-08 1.2179383091039788e-08 9.7845166063174639e-09 7.8818842951963721e-09 6.2556343531520966e-09 4.7675592129883984e-09 3.2782410909276278e-09 1.2963818758476672e-09 
2.1095704113262345e-08 1.3067446577267577e-08 7.8051300276251337e-09 6.1773892710375899e-09 5.0088767586376912e-09 4.0805860431872874e-09 3.2869912147086142e-09 2.5606377315319761e-09 1.8336185946463432e-09 8.6828768833057132e-10 
1.5514584266080557e-08 7.8051300276251337e-09 8.3560652587106558e-09 4.6298369088334453e-09 3.7773076023690346e-09 3.1000648993990790e-09 2.5210218890338195e-09 1.9909462148380374e-09 1.4603523906360646e-09 7.5695000941549040e-10 
1.2179383091039788e-08 6.1773892710375899e-09 4.6298369088334453e-09 6.2435303290758042e-09 3.0413729125201995e-09 2.5141393390168050e-09 2.0632931217769102e-09 1.6505038520060718e-09 1.2372886954579006e-09 6.9040718742895163e-10 
9.7845166063174639e-09 5.0088767586376912e-09 3.7773076023690346e-09 3.0413729125201995e-09 5.0518593663892324e-09 2.0939317449523451e-09 1.7351559888012843e-09 1.4065883674806092e-09 1.0776722107742032e-09 6.4321016660764652e-10 
7.8818842951963721e-09 4.0805860431872874e-09 3.1000648993990790e-09 2.5141393390168050e-09 2.0939317449523451e-09 4.2986443952966784e-09 1.4745869786392986e-09 1.2129211706367988e-09 9.5095094156067119e-10 6.0579466859602071e-10 
6.2556343531520966e-09 3.2869912147086142e-09 2.5210218890338195e-09 2.0632931217769102e-09 1.7351559888012843e-09 1.4745869786392986e-09 3.7901076431134128e-09 1.0472146244381406e-09 8.4240956981867543e-10 5.7350590919774451e-10 
4.7675592129883984e-09 2.5606377315319761e-09 1.9909462148380374e-09 1.6505038520060718e-09 1.4065883674806092e-09 1.2129211706367988e-09 1.0472146244381406e-09 3.4338316480622157e-09 7.4300033672286373e-10 5.4361318903460298e-10 
3.2782410909276278e-09 1.8336185946463432e-09 1.4603523906360646e-09 1.2372886954579006e-09 1.0776722107742032e-09 9.5095094156067119e-10 8.4240956981867543e-10 7.4300033672286373e-10 3.1822715451123739e-09 5.1401896584003489e-10 
1.2963818758476672e-09 8.6828768833057132e-10 7.5695000941549040e-10 6.9040718742895163e-10 6.4321016660764652e-10 6.0579466859602071e-10 5.7350590919774451e-10 5.4361318903460298e-10 5.1401896584003489e-10 3.0181166595925303e-09 
