2.8012125449171072e-07 1.3846043418198960e-07 1.0259611389560869e-07 8.1160729964526162e-08 6.5770720375011348e-08 5.3543007765200642e-08 4.3086667655568604e-08 3.3511176563037945e-08 2.3922382085476285e-08 1.1217276671552300e-08 
1.3846043418198960e-07 7.2112028162417482e-08 5.1813234285844725e-08 4.1197976893147878e-08 3.3577390572881306e-08 2.7522615806947683e-08 2.2344045128281498e-08 1.7600289724985120e-08 1.2848291589620472e-08 6.5616555597853528e-09 
1.0259611389560869e-07 5.1813234285844725e-08 4.1258020222117845e-08 3.0893342815470125e-08 2.5275332222599914e-08 2.0811630167337469e-08 1.6993440615971005e-08 1.3495111649425466e-08 9.9898401990722350e-09 5.3575982219571529e-09 
8.1160729964526162e-08 4.1197976893147878e-08 3.0893342815470125e-08 2.7272667616930708e-08 2.0313136824012413e-08 1.6800316324555063e-08 1.3795119208621431e-08 1.1041114608578688e-08 8.2809605546413779e-09 4.6374763357601454e-09 
6.5770720375011348e-08 3.3577390572881306e-08 2.5275332222599914e-08 2.0313136824012413e-08 1.9290221268323484e-08 1.3921867847145030e-08 1.1500423539258915e-08 9.2808109398547181e-09 7.0556609923169934e-09 4.1221543253641369e-09 
5.3543007765200642e-08 2.7522615806947683e-08 2.0811630167337469e-08 1.6800316324555063e-08 1.3921867847145030e-08 1.4173277043471757e-08 9.6773478234845356e-09 7.8822663586280914e-09 6.0820517384275441e-09 3.7125725674404863e-09 
4.3086667655568604e-08 2.2344045128281498e-08 1.6993440615971005e-08 1.3795119208621431e-08 1.1500423539258915e-08 9.6773478234845356e-09 1.0655384222502013e-08 6.6851465216646894e-09 5.2480388295519969e-09 3.3604625348410424e-09 
3.3511176563037945e-08 1.7600289724985120e-08 1.3495111649425466e-08 1.1041114608578688e-08 9.2808109398547181e-09 7.8822663586280914e-09 6.6851465216646894e-09 8.1253443622557740e-09 4.4829716210224590e-09 3.0353283070541247e-09 
2.3922382085476285e-08 1.2848291589620472e-08 9.9898401990722350e-09 8.2809605546413779e-09 7.0556609923169934e-09 6.0820517384275441e-09 5.2480388295519969e-09 4.4829716210224590e-09 6.2545704916662339e-09 2.7089923602001619e-09 
1.1217276671552300e-08 6.5616555597853528e-09 5.3575982219571529e-09 4.6374763357601454e-09 4.1221543253641369e-09 3.7125725674404863e-09 3.3604625348410424e-09 3.0353283070541247e-09 2.7089923602001619e-09 4.8394766289778062e-09 
