2.9713958876399014e-08 1.3347735171014094e-08 9.7842419610332728e-09 7.6549106313285535e-09 6.1259421897211869e-09 4.9113345314976241e-09 3.8734301995638889e-09 2.9241937986511352e-09 1.9748628564504562e-09 7.0953934886649984e-10 
1.3347735171014094e-08 9.1750300430298667e-09 4.9066704554102746e-09 3.8729864012825799e-09 3.1309656144865855e-09 2.5415492468176058e-09 2.0377869355397762e-09 1.5769520700817237e-09 1.1160816361087712e-09 5.0333254229970903e-10 
9.7842419610332728e-09 4.9066704554102746e-09 6.1877270914966697e-09 2.8978714298129898e-09 2.3585937207854951e-09 1.9302455993710535e-09 1.5641021262823459e-09 1.2291038309486024e-09 8.9408417206686239e-10 4.4946584160253079e-10 
7.6549106313285535e-09 3.8729864012825799e-09 2.8978714298129898e-09 4.8536855846821741e-09 1.8970931052552421e-09 1.5649796210401838e-09 1.2810568504925312e-09 1.0212460827424490e-09 7.6142540043776260e-10 4.1726886542753492e-10 
6.1259421897211869e-09 3.1309656144865855e-09 2.3585937207854951e-09 1.8970931052552421e-09 4.1045184149143648e-09 1.3030780739030495e-09 1.0782068029007133e-09 8.7238681918139851e-10 6.6657324782059106e-10 3.9457404328050532e-10 
4.9113345314976241e-09 2.5415492468176058e-09 1.9302455993710535e-09 1.5649796210401838e-09 1.3030780739030495e-09 3.6335674030446772e-09 9.1716498047964163e-10 7.5422883958354826e-10 5.9129964013381483e-10 3.7661750810649984e-10 
3.8734301995638889e-09 2.0377869355397762e-09 1.5641021262823459e-09 1.2810568504925312e-09 1.0782068029007133e-09 9.1716498047964163e-10 3.3178791727234876e-09 6.5315923880666931e-10 5.2683587289690585e-10 3.6107622234994901e-10 
2.9241937986511352e-09 1.5769520700817237e-09 1.2291038309486024e-09 1.0212460827424490e-09 8.7238681918139851e-10 7.5422883958354826e-10 6.5315923880666931e-10 3.0990764753871289e-09 4.6785662039437719e-10 3.4666051866793193e-10 
1.9748628564504562e-09 1.1160816361087712e-09 8.9408417206686239e-10 7.6142540043776260e-10 6.6657324782059106e-10 5.9129964013381483e-10 5.2683587289690585e-10 4.6785662039437719e-10 2.9476375063150157e-09 3.3256312261896650e-10 
7.0953934886649984e-10 5.0333254229970903e-10 4.4946584160253079e-10 4.1726886542753492e-10 3.9457404328050532e-10 3.7661750810649984e-10 3.6107622234994901e-10 3.4666051866793193e-10 3.3256312261896650e-10 2.8557853827477912e-09 
