1.6522400947306497e-08 6.8269388135587534e-09 4.9826737176084841e-09 3.8807717310116854e-09 3.0896139115934413e-09 2.4612281361418214e-09 1.9244850046711844e-09 1.4340276078118748e-09 9.4424543715346211e-10 2.9020343245413493e-10 
6.8269388135587534e-09 5.9132445210697973e-09 2.4849725680913705e-09 1.9533302070222059e-09 1.5717342681107994e-09 1.2686747139359977e-09 1.0097651150995714e-09 7.7313335662893902e-10 5.3686608956304637e-10 2.2227155196105901e-10 
4.9826737176084841e-09 2.4849725680913705e-09 4.3795703260403741e-09 1.4563706417525606e-09 1.1802805306810425e-09 9.6102632548726336e-10 7.7369205916762492e-10 6.0245213302241497e-10 4.3149599423299078e-10 2.0434884939838670e-10 
3.8807717310116854e-09 1.9533302070222059e-09 1.4563706417525606e-09 3.6979215550533866e-09 9.4639857816585111e-10 7.7720939341548853e-10 6.3263190318125402e-10 5.0045846467289870e-10 3.6852227826343073e-10 1.9362004352501986e-10 
3.0896139115934413e-09 1.5717342681107994e-09 1.1802805306810425e-09 9.4639857816585111e-10 3.3171322762534148e-09 6.4543946458181542e-10 5.3156790653749315e-10 4.2744460168625828e-10 3.2352989549677073e-10 1.8615032369232601e-10 
2.4612281361418214e-09 1.2686747139359977e-09 9.6102632548726336e-10 7.7720939341548853e-10 6.4543946458181542e-10 3.0793001484768565e-09 4.5136062863125276e-10 3.6951275812264741e-10 2.8784325072485621e-10 1.8026387347411580e-10 
1.9244850046711844e-09 1.0097651150995714e-09 7.7369205916762492e-10 6.3263190318125402e-10 5.3156790653749315e-10 4.5136062863125276e-10 2.9212545233704321e-09 3.1998513324166542e-10 2.5729328092810423e-10 1.7513546982661660e-10 
1.4340276078118748e-09 7.7313335662893902e-10 6.0245213302241497e-10 5.0045846467289870e-10 4.2744460168625828e-10 3.6951275812264741e-10 3.1998513324166542e-10 2.8131590501924716e-09 2.2939185648410325e-10 1.7035800290761531e-10 
9.4424543715346211e-10 5.3686608956304637e-10 4.3149599423299078e-10 3.6852227826343073e-10 3.2352989549677073e-10 2.8784325072485621e-10 2.5729328092810423e-10 2.2939185648410325e-10 2.7402328847415318e-09 1.6583386772795614e-10 
2.9020343245413493e-10 2.2227155196105901e-10 2.0434884939838670e-10 1.9362004352501986e-10 1.8615032369232601e-10 1.8026387347411580e-10 1.7513546982661660e-10 1.7035800290761531e-10 1.6583386772795614e-10 2.7003493504987249e-09 
