1.287516088575e-07 4.246666032667e-08 8.103610264235e-09 1.030019733099e-09 9.248033132770e-11 5.435133619778e-12 1.794444973161e-13 2.501222450627e-15 8.065398878174e-18 9.428759852258e-22 
4.246666032667e-08 1.279533942487e-07 5.653019007014e-08 1.683286104782e-08 3.130593860472e-09 3.671827564927e-10 2.445163820485e-11 7.188750772821e-13 5.271173147582e-15 1.633693347760e-18 
8.103610264235e-09 5.653019007014e-08 1.100622928703e-07 5.268058149024e-08 1.896172632736e-08 4.029576800258e-09 4.753679954364e-10 2.538407269188e-11 3.631858847513e-13 2.625409615252e-16 
1.030019733099e-09 1.683286104782e-08 5.268058149024e-08 9.629414919470e-08 4.615356211833e-08 1.759007503715e-08 3.626070311450e-09 3.396655890352e-10 8.978219846097e-12 1.435878508936e-14 
9.248033132770e-11 3.130593860472e-09 1.896172632736e-08 4.615356211833e-08 8.557381672049e-08 3.928993932056e-08 1.441929176209e-08 2.412132698131e-09 1.186464911478e-10 4.183344414260e-13 
5.435133619778e-12 3.671827564927e-10 4.029576800258e-09 1.759007503715e-08 3.928993932056e-08 7.686580686137e-08 3.262302479916e-08 1.016861338547e-08 9.811671032370e-10 8.020591620851e-12 
1.794444973161e-13 2.445163820485e-11 4.753679954364e-10 3.626070311450e-09 1.441929176209e-08 3.262302479916e-08 6.947848726491e-08 2.550794657925e-08 5.280263303056e-09 1.116826922181e-10 
2.501222450627e-15 7.188750772821e-13 2.538407269188e-11 3.396655890352e-10 2.412132698131e-09 1.016861338547e-08 2.550794657925e-08 6.239520378624e-08 1.742629025679e-08 1.149398732114e-09 
8.065398878174e-18 5.271173147582e-15 3.631858847513e-13 8.978219846097e-12 1.186464911478e-10 9.811671032370e-10 5.280263303056e-09 1.742629025679e-08 5.558753078633e-08 7.988755074045e-09 
9.428759852258e-22 1.633693347760e-18 2.625409615252e-16 1.435878508936e-14 4.183344414260e-13 8.020591620851e-12 1.116826922181e-10 1.149398732114e-09 7.988755074045e-09 4.428992145570e-08 
