5.779119490548e-08 1.424320218625e-08 2.916688163829e-09 3.906973312726e-10 3.651893705161e-11 2.215948493948e-12 7.486359110353e-14 1.066848706782e-15 3.473341232289e-18 4.074176483925e-22 
1.424320218625e-08 6.369143394921e-08 2.116962349069e-08 6.563366460374e-09 1.262235517641e-09 1.517607053748e-10 1.031768472809e-11 3.085268489726e-13 2.270654529611e-15 7.049785098985e-19 
2.916688163829e-09 2.116962349069e-08 5.994717855302e-08 2.106385524843e-08 7.771416510430e-09 1.683787921654e-09 2.023369882533e-10 1.092121615778e-11 1.565655516735e-13 1.129617008187e-16 
3.906973312726e-10 6.563366460374e-09 2.106385524843e-08 5.602303996903e-08 1.918170406967e-08 7.431666012371e-09 1.553661718175e-09 1.462674309014e-10 3.874774000933e-12 6.150040893353e-15 
3.651893705161e-11 1.262235517641e-09 7.771416510430e-09 1.918170406967e-08 5.237896401064e-08 1.677493557030e-08 6.202464283806e-09 1.039226140206e-09 5.125065712338e-11 1.780875110703e-13 
2.215948493948e-12 1.517607053748e-10 1.683787921654e-09 7.431666012371e-09 1.677493557030e-08 4.912208716802e-08 1.404985309191e-08 4.385846434235e-09 4.235970197311e-10 3.388337664328e-12 
7.486359110353e-14 1.031768472809e-11 2.023369882533e-10 1.553661718175e-09 6.202464283806e-09 1.404985309191e-08 4.599805807302e-08 1.101913954150e-08 2.269309737118e-09 4.673983768010e-11 
1.066848706782e-15 3.085268489726e-13 1.092121615778e-11 1.462674309014e-10 1.039226140206e-09 4.385846434235e-09 1.101913954150e-08 4.293736236035e-08 7.399125789198e-09 4.756529390439e-10 
3.473341232289e-18 2.270654529611e-15 1.565655516735e-13 3.874774000933e-12 5.125065712338e-11 4.235970197311e-10 2.269309737118e-09 7.399125789198e-09 3.960648988883e-08 3.256983141857e-09 
4.074176483925e-22 7.049785098985e-19 1.129617008187e-16 6.150040893353e-15 1.780875110703e-13 3.388337664328e-12 4.673983768010e-11 4.756529390439e-10 3.256983141857e-09 3.447887291370e-08 
