6.525669296363e-07 2.327808861148e-07 4.465296941380e-08 5.846465364939e-09 5.469119487062e-10 3.372366574604e-11 1.180649594342e-12 1.764262872928e-14 6.104432216107e-17 8.164801643068e-21 
2.327808861148e-07 5.760656511805e-07 3.178906966352e-07 9.812372818870e-08 1.906484940654e-08 2.353105845572e-09 1.665658330300e-10 5.211352724767e-12 4.090045579273e-14 1.449611338758e-17 
4.465296941380e-08 3.178906966352e-07 5.025284652130e-07 3.168170084530e-07 1.190483475225e-07 2.664394141365e-08 3.331426918898e-09 1.880874511726e-10 2.890593222760e-12 2.379845951823e-15 
5.846465364939e-09 9.812372818870e-08 3.168170084530e-07 4.527196401405e-07 3.003200038939e-07 1.203151825090e-07 2.609412334912e-08 2.572973166394e-09 7.344493885320e-11 1.326942702069e-13 
5.469119487062e-10 1.906484940654e-08 1.190483475225e-07 3.003200038939e-07 4.173607974451e-07 2.783920727579e-07 1.065876120426e-07 1.876204560261e-08 1.000682256812e-09 3.935581783058e-12 
3.372366574604e-11 2.353105845572e-09 2.664394141365e-08 1.203151825090e-07 2.783920727579e-07 3.851693246270e-07 2.486984307440e-07 8.192493547680e-08 8.568846508198e-09 7.677048130797e-11 
1.180649594342e-12 1.665658330300e-10 3.331426918898e-09 2.609412334912e-08 1.065876120426e-07 2.486984307440e-07 3.563976170327e-07 2.153958259822e-07 4.794685344503e-08 1.088501466819e-09 
1.764262872928e-14 5.211352724767e-12 1.880874511726e-10 2.572973166394e-09 1.876204560261e-08 8.192493547680e-08 2.153958259822e-07 3.337349035449e-07 1.647796817833e-07 1.144731773908e-08 
6.104432216107e-17 4.090045579273e-14 2.890593222760e-12 7.344493885320e-11 1.000682256812e-09 8.568846508198e-09 4.794685344503e-08 1.647796817833e-07 2.977491441818e-07 8.214005516636e-08 
8.164801643068e-21 1.449611338758e-17 2.379845951823e-15 1.326942702069e-13 3.935581783058e-12 7.677048130797e-11 1.088501466819e-09 1.144731773908e-08 8.214005516636e-08 2.040845461168e-07 
