3.743851656569e-06 1.578521035165e-06 3.154685589420e-07 4.353517096534e-08 4.225925983223e-09 2.632034789893e-10 9.027222266707e-12 1.293847733089e-13 4.261375013125e-16 5.161631568969e-20 
1.578521035165e-06 3.865036713660e-06 2.334387490459e-06 7.506248092338e-07 1.486256533979e-07 1.820203330102e-08 1.248407347032e-09 3.752447027856e-11 2.802647365355e-13 9.003580926991e-17 
3.154685589420e-07 2.334387490459e-06 3.639335127603e-06 2.463550912507e-06 9.266209350227e-07 2.031043776516e-07 2.453032192536e-08 1.333522836043e-09 1.943662743373e-11 1.455512748477e-14 
4.353517096534e-08 7.506248092338e-07 2.463550912507e-06 3.337260637030e-06 2.308122764450e-06 8.994952586780e-07 1.888169650502e-07 1.794914691377e-08 4.839691862366e-10 8.004706368130e-13 
4.225925983223e-09 1.486256533979e-07 9.266209350227e-07 2.308122764450e-06 2.952281507571e-06 2.035397292358e-06 7.569859908221e-07 1.283310302462e-07 6.448394236564e-09 2.345191698912e-11 
2.632034789893e-10 1.820203330102e-08 2.031043776516e-07 8.994952586780e-07 2.035397292358e-06 2.577242416900e-06 1.726757667837e-06 5.459344535249e-07 5.383671611368e-08 4.524985431182e-10 
9.027222266707e-12 1.248407347032e-09 2.453032192536e-08 1.888169650502e-07 7.569859908221e-07 1.726757667837e-06 2.236511582104e-06 1.386801330741e-06 2.929013253273e-07 6.354428173808e-09 
1.293847733089e-13 3.752447027856e-11 1.333522836043e-09 1.794914691377e-08 1.283310302462e-07 5.459344535249e-07 1.386801330741e-06 1.916138365769e-06 9.789706953145e-07 6.629270643008e-08 
4.261375013125e-16 2.802647365355e-13 1.943662743373e-11 4.839691862366e-10 6.448394236564e-09 5.383671611368e-08 2.929013253273e-07 9.789706953145e-07 1.596174058148e-06 4.718939334105e-07 
5.161631568969e-20 9.003580926991e-17 1.455512748477e-14 8.004706368130e-13 2.345191698912e-11 4.524985431182e-10 6.354428173808e-09 6.629270643008e-08 4.718939334105e-07 1.006180220911e-06 
