8.800532951377e-08 2.691878860709e-08 5.295324764646e-09 6.871952196923e-10 6.260772204291e-11 3.720726048294e-12 1.235027101338e-13 1.732269519171e-15 5.573185957939e-18 6.477491561734e-22 
2.691878860709e-08 9.307011192927e-08 3.753150616921e-08 1.134346520138e-08 2.135148516965e-09 2.522135505113e-10 1.687925673375e-11 4.984172640993e-13 3.632267820226e-15 1.120993083984e-18 
5.295324764646e-09 3.753150616921e-08 8.325863398259e-08 3.582422005859e-08 1.299839957197e-08 2.774610056748e-09 3.290004032705e-10 1.757941312679e-11 2.498425067255e-13 1.797186635961e-16 
6.871952196923e-10 1.134346520138e-08 3.582422005859e-08 7.484114380361e-08 3.174102775910e-08 1.214698659062e-08 2.513331420358e-09 2.346911884612e-10 6.171714568920e-12 9.792548081755e-15 
6.260772204291e-11 2.135148516965e-09 1.299839957197e-08 3.174102775910e-08 6.779097854049e-08 2.721553735166e-08 9.987701475523e-09 1.662174233135e-09 8.153037242849e-11 2.838583173485e-13 
3.720726048294e-12 2.522135505113e-10 2.774610056748e-09 1.214698659062e-08 2.721553735166e-08 6.192835956695e-08 2.252410617403e-08 6.992910100056e-09 6.735758461141e-10 5.407617534027e-12 
1.235027101338e-13 1.687925673375e-11 3.290004032705e-10 2.513331420358e-09 9.987701475523e-09 2.252410617403e-08 5.660233241892e-08 1.752896087616e-08 3.611092556371e-09 7.471991262212e-11 
1.732269519171e-15 4.984172640993e-13 1.757941312679e-11 2.346911884612e-10 1.662174233135e-09 6.992910100056e-09 1.752896087616e-08 5.163768761476e-08 1.179860506379e-08 7.626210143093e-10 
5.573185957939e-18 3.632267820226e-15 2.498425067255e-13 6.171714568920e-12 8.153037242849e-11 6.735758461141e-10 3.611092556371e-09 1.179860506379e-08 4.645570241879e-08 5.262921366561e-09 
6.477491561734e-22 1.120993083984e-18 1.797186635961e-16 9.792548081755e-15 2.838583173485e-13 5.407617534027e-12 7.471991262212e-11 7.626210143093e-10 5.262921366561e-09 3.856294545502e-08 
