1.538014733135e-07 5.154491447418e-08 9.722171146379e-09 1.226915147370e-09 1.097479308799e-10 6.434193655667e-12 2.122096249632e-13 2.967006791793e-15 9.572224943461e-18 1.134735588838e-21 
5.154491447418e-08 1.480869448929e-07 6.745095397342e-08 1.999370477423e-08 3.709730650424e-09 4.342205157172e-10 2.895998869761e-11 8.529673680013e-13 6.267720394870e-15 1.968726831416e-18 
9.722171146379e-09 6.745095397342e-08 1.254772599222e-07 6.246522671247e-08 2.243718246435e-08 4.766682882305e-09 5.637013937746e-10 3.011647465941e-11 4.331114812985e-13 3.165266086703e-16 
1.226915147370e-09 1.999370477423e-08 6.246522671247e-08 1.087972268934e-07 5.457696302736e-08 2.083670510143e-08 4.302229849876e-09 4.032307260357e-10 1.074283434336e-11 1.731177052957e-14 
1.097479308799e-10 3.709730650424e-09 2.243718246435e-08 5.457696302736e-08 9.613536400423e-08 4.660745351809e-08 1.710792504462e-08 2.869292442228e-09 1.424380511802e-10 5.044479369261e-13 
6.434193655667e-12 4.342205157172e-10 4.766682882305e-09 2.083670510143e-08 4.660745351809e-08 8.593877791664e-08 3.873988378263e-08 1.214453520231e-08 1.181157912331e-09 9.681856695015e-12 
2.122096249632e-13 2.895998869761e-11 5.637013937746e-10 4.302229849876e-09 1.710792504462e-08 3.873988378263e-08 7.742101454208e-08 3.062677665452e-08 6.365473143787e-09 1.352435884349e-10 
2.967006791793e-15 8.529673680013e-13 3.011647465941e-11 4.032307260357e-10 2.869292442228e-09 1.214453520231e-08 3.062677665452e-08 6.940499360647e-08 2.102563659482e-08 1.402179490247e-09 
9.572224943461e-18 6.267720394870e-15 4.331114812985e-13 1.074283434336e-11 1.424380511802e-10 1.181157912331e-09 6.365473143787e-09 2.102563659482e-08 6.148361367600e-08 9.869303298471e-09 
1.134735588838e-21 1.968726831416e-18 3.165266086703e-16 1.731177052957e-14 5.044479369261e-13 9.681856695015e-12 1.352435884349e-10 1.402179490247e-09 9.869303298471e-09 4.818776602071e-08 
