4.068270345886e-07 1.387929924581e-07 2.571976969502e-08 3.250502147556e-09 2.949667760210e-10 1.772464192379e-11 6.033764181276e-13 8.787325148427e-15 2.997914814247e-17 3.853499580708e-21 
1.387929924581e-07 3.458745430876e-07 1.783960233626e-07 5.342670060653e-08 1.011619338442e-08 1.217448577260e-09 8.391900263971e-11 2.579817636894e-12 1.996655011766e-14 6.788356497369e-18 
2.571976969502e-08 1.783960233626e-07 2.875479094667e-07 1.692363769234e-07 6.220836259943e-08 1.358932216083e-08 1.662832982374e-09 9.274138029134e-11 1.400946782064e-12 1.106972796550e-15 
3.250502147556e-09 5.342670060653e-08 1.692363769234e-07 2.507954193374e-07 1.542772138176e-07 6.053211565183e-08 1.293804176578e-08 1.263101921362e-09 3.529690385148e-11 6.136668714755e-14 
2.949667760210e-10 1.011619338442e-08 6.220836259943e-08 1.542772138176e-07 2.245917947923e-07 1.385262998410e-07 5.257699553620e-08 9.151379614138e-09 4.762781815832e-10 1.811666507137e-12 
1.772464192379e-11 1.217448577260e-09 1.358932216083e-08 6.053211565183e-08 1.385262998410e-07 2.045315031432e-07 1.219217355266e-07 3.955676025501e-08 4.033112500497e-09 3.523271130481e-11 
6.033764181276e-13 8.391900263971e-11 1.662832982374e-09 1.293804176578e-08 5.257699553620e-08 1.219217355266e-07 1.872984854620e-07 1.024783167303e-07 2.229361014076e-08 4.994723116407e-10 
8.787325148427e-15 2.579817636894e-12 9.274138029134e-11 1.263101921362e-09 9.151379614138e-09 3.955676025501e-08 1.024783167303e-07 1.709608205440e-07 7.581232657388e-08 5.285676829556e-09 
2.997914814247e-17 1.996655011766e-14 1.400946782064e-12 3.529690385148e-11 4.762781815832e-10 4.033112500497e-09 2.229361014076e-08 7.581232657388e-08 1.522780114508e-07 3.864988648563e-08 
3.853499580708e-21 6.788356497369e-18 1.106972796550e-15 6.136668714755e-14 1.811666507137e-12 3.523271130481e-11 4.994723116407e-10 5.285676829556e-09 3.864988648563e-08 1.117626419970e-07 
