1.147721997807e-07 3.730953927091e-08 7.181230257326e-09 9.178144477012e-10 8.273106359555e-11 4.875794664169e-12 1.609392515274e-13 2.249951165101e-15 7.223941785892e-18 8.450271107499e-22 
3.730953927091e-08 1.164794167812e-07 5.031222599628e-08 1.503767046906e-08 2.806398145802e-09 3.293345301419e-10 2.195861820600e-11 6.465240551898e-13 4.712243863355e-15 1.463851471000e-18 
7.181230257326e-09 5.031222599628e-08 1.012919652354e-07 4.718918716884e-08 1.700996105294e-08 3.614947557395e-09 4.274453538902e-10 2.278846484763e-11 3.245663618199e-13 2.349094548060e-16 
9.178144477012e-10 1.503767046906e-08 4.718918716884e-08 8.928602978888e-08 4.139528042445e-08 1.579923755371e-08 3.261353765177e-09 3.042520807156e-10 8.029622506363e-12 1.281407618665e-14 
8.273106359555e-11 2.806398145802e-09 1.700996105294e-08 4.139528042445e-08 7.971266676062e-08 3.534097217530e-08 1.294804773868e-08 2.156766152763e-09 1.062349211773e-10 3.719999791419e-13 
4.875794664169e-12 3.293345301419e-10 3.614947557395e-09 1.579923755371e-08 3.534097217530e-08 7.193135020836e-08 2.920354848592e-08 9.090400865969e-09 8.790270289904e-10 7.102569143830e-12 
1.609392515274e-13 2.195861820600e-11 4.274453538902e-10 3.261353765177e-09 1.294804773868e-08 2.920354848592e-08 6.509375706999e-08 2.284149859278e-08 4.721058483798e-09 9.849981487976e-11 
2.249951165101e-15 6.465240551898e-13 2.278846484763e-11 3.042520807156e-10 2.156766152763e-09 9.090400865969e-09 2.284149859278e-08 5.881486106907e-08 1.547527521204e-08 1.011767925274e-09 
7.223941785892e-18 4.712243863355e-15 3.245663618199e-13 8.029622506363e-12 1.062349211773e-10 8.790270289904e-10 4.721058483798e-09 1.547527521204e-08 5.233701073152e-08 7.052495282312e-09 
8.450271107499e-22 1.463851471000e-18 2.349094548060e-16 1.281407618665e-14 3.719999791419e-13 7.102569143830e-12 9.849981487976e-11 1.011767925274e-09 7.052495282312e-09 4.229097462641e-08 
