1.191851536938e-07 3.896549899070e-08 7.478754298623e-09 9.539742286743e-10 8.590028611877e-11 5.055827075842e-12 1.669228013301e-13 2.332098752266e-15 7.486990427889e-18 8.772184191102e-22 
3.896549899070e-08 1.201781844613e-07 5.231690407138e-08 1.561895591087e-08 2.911445279009e-09 3.414853378658e-10 2.277556899351e-11 6.696502656483e-13 4.889734183024e-15 1.518598003347e-18 
7.478754298623e-09 5.231690407138e-08 1.041274707902e-07 4.897365352501e-08 1.763706725777e-08 3.749306616681e-09 4.431152788447e-10 2.360427585371e-11 3.370946206350e-13 2.435841480401e-16 
9.539742286743e-10 1.561895591087e-08 4.897365352501e-08 9.154086391761e-08 4.292758076277e-08 1.638603007902e-08 3.378708670690e-09 3.153616133211e-10 8.342318861203e-12 1.328654776317e-14 
8.590028611877e-11 2.911445279009e-09 1.763706725777e-08 4.292758076277e-08 8.163037347053e-08 3.662658448266e-08 1.341133827334e-08 2.238071258100e-09 1.103436176056e-10 3.859218588970e-13 
5.055827075842e-12 3.414853378658e-10 3.749306616681e-09 1.638603007902e-08 3.662658448266e-08 7.349271278015e-08 3.027807226384e-08 9.442739304130e-09 9.123358998267e-10 7.378019902851e-12 
1.669228013301e-13 2.277556899351e-11 4.431152788447e-10 3.378708670690e-09 1.341133827334e-08 3.027807226384e-08 6.651465914862e-08 2.372399161399e-08 4.896287039965e-09 1.025468103688e-10 
2.332098752266e-15 6.696502656483e-13 2.360427585371e-11 3.153616133211e-10 2.238071258100e-09 9.442739304130e-09 2.372399161399e-08 5.995692373177e-08 1.606396140095e-08 1.056099880532e-09 
7.486990427889e-18 4.889734183024e-15 3.370946206350e-13 8.342318861203e-12 1.103436176056e-10 9.123358998267e-10 4.896287039965e-09 1.606396140095e-08 5.335996294816e-08 7.363821806808e-09 
8.772184191102e-22 1.518598003347e-18 2.435841480401e-16 1.328654776317e-14 3.859218588970e-13 7.378019902851e-12 1.025468103688e-10 1.056099880532e-09 7.363821806808e-09 4.290571970915e-08 
