7.339483468023e-08 2.096134905342e-08 4.194371800590e-09 5.513129228295e-10 5.075217819515e-11 3.037855717648e-12 1.015381877928e-13 1.432087895877e-15 4.617666647834e-18 5.382601810550e-22 
2.096134905342e-08 7.943844235809e-08 3.001488282806e-08 9.165580506569e-09 1.739068176099e-09 2.067127841728e-10 1.392453677066e-11 4.123072498648e-13 3.014588294793e-15 9.302020292306e-19 
4.194371800590e-09 3.001488282806e-08 7.262506304771e-08 2.912515056419e-08 1.062759711934e-08 2.282193103117e-09 2.718811326397e-10 1.455115585644e-11 2.076546150997e-13 1.489049817603e-16 
5.513129228295e-10 9.165580506569e-09 2.912515056419e-08 6.630378999311e-08 2.606086598033e-08 1.002338515397e-08 2.078807852007e-09 1.944776338913e-10 5.133428847367e-12 8.102103050435e-15 
5.075217819515e-11 1.739068176099e-09 1.062759711934e-08 2.606086598033e-08 6.084928524297e-08 2.250110000814e-08 8.266635793326e-09 1.379640250632e-09 6.780223778990e-11 2.345961452533e-13 
3.037855717648e-12 2.067127841728e-10 2.282193103117e-09 1.002338515397e-08 2.250110000814e-08 5.611024028291e-08 1.867182183797e-08 5.814123038069e-09 5.594161401458e-10 4.466373803598e-12 
1.015381877928e-13 1.392453677066e-11 2.718811326397e-10 2.078807852007e-09 8.266635793326e-09 1.867182183797e-08 5.180486934904e-08 1.457680278673e-08 2.991693843669e-09 6.171469067081e-11 
1.432087895877e-15 4.123072498648e-13 1.455115585644e-11 1.944776338913e-10 1.379640250632e-09 5.814123038069e-09 1.457680278673e-08 4.763891847317e-08 9.750681524067e-09 6.299289310521e-10 
4.617666647834e-18 3.014588294793e-15 2.076546150997e-13 5.133428847367e-12 6.780223778990e-11 5.594161401458e-10 2.991693843669e-09 9.750681524067e-09 4.328098684561e-08 4.328882958581e-09 
5.382601810550e-22 9.302020292306e-19 1.489049817603e-16 8.102103050435e-15 2.345961452533e-13 4.466373803598e-12 6.171469067081e-11 6.299289310521e-10 4.328882958581e-09 3.660702435691e-08 
