9.360116963376e-08 2.916200518910e-08 5.707786981315e-09 7.378983325585e-10 6.707740897170e-11 3.974820340381e-12 1.318441464533e-13 1.847060252366e-15 5.930086371674e-18 6.908509964254e-22 
2.916200518910e-08 9.818034882136e-08 4.033689034777e-08 1.216148038470e-08 2.283581660227e-09 2.692380018630e-10 1.801824420996e-11 5.305944424150e-13 3.869996691748e-15 1.194224177163e-18 
5.707786981315e-09 4.033689034777e-08 8.724567236459e-08 3.834488103935e-08 1.388126389224e-08 2.961980347340e-09 3.508802608972e-10 1.870188876852e-11 2.665363702539e-13 1.912648917990e-16 
7.378983325585e-10 1.216148038470e-08 3.834488103935e-08 7.802027132616e-08 3.388169758046e-08 1.296518995444e-08 2.676816074364e-09 2.497660811471e-10 6.588425378291e-12 1.041535994571e-14 
6.707740897170e-11 2.283581660227e-09 1.388126389224e-08 3.388169758046e-08 7.046368492241e-08 2.901064208745e-08 1.062606964761e-08 1.771133337309e-09 8.701859598560e-11 3.019414973721e-13 
3.974820340381e-12 2.692380018630e-10 2.961980347340e-09 1.296518995444e-08 2.901064208745e-08 6.408906229258e-08 2.397647091950e-08 7.462412045733e-09 7.181132846551e-10 5.758680482200e-12 
1.318441464533e-13 1.801824420996e-11 3.508802608972e-10 2.676816074364e-09 1.062606964761e-08 2.397647091950e-08 5.849692638181e-08 1.870804246227e-08 3.843606564099e-09 7.977783874243e-11 
1.847060252366e-15 5.305944424150e-13 1.870188876852e-11 2.497660811471e-10 1.771133337309e-09 7.462412045733e-09 1.870804246227e-08 5.316085904966e-08 1.255799747564e-08 8.174659588045e-10 
5.930086371674e-18 3.869996691748e-15 2.665363702539e-13 6.588425378291e-12 8.701859598560e-11 7.181132846551e-10 3.843606564099e-09 1.255799747564e-08 4.772864064602e-08 5.651389921323e-09 
6.908509964254e-22 1.194224177163e-18 1.912648917990e-16 1.041535994571e-14 3.019414973721e-13 5.758680482200e-12 7.977783874243e-11 8.174659588045e-10 5.651389921323e-09 3.931383573479e-08 
