9.080205294465e-08 2.805329352203e-08 5.505153536001e-09 7.130975414730e-10 6.490113101153e-11 3.851574804043e-12 1.277727001257e-13 1.791857983902e-15 5.755909760825e-18 6.702524706152e-22 
2.805329352203e-08 9.566705266687e-08 3.896392439423e-08 1.176223910333e-08 2.211575119128e-09 2.609438334693e-10 1.746565158449e-11 5.151332651116e-13 3.753326576211e-15 1.159331491568e-18 
5.505153536001e-09 3.896392439423e-08 8.529827389324e-08 3.712064956930e-08 1.345239187423e-08 2.870641575942e-09 3.403367144317e-10 1.815893802278e-11 2.583630982577e-13 1.857532120007e-16 
7.130975414730e-10 1.176223910333e-08 3.712064956930e-08 7.647734087064e-08 3.283761577110e-08 1.256856483638e-08 2.598248603949e-09 2.424133895142e-10 6.385918022954e-12 1.011603843947e-14 
6.490113101153e-11 2.211575119128e-09 1.345239187423e-08 3.283761577110e-08 6.916550949851e-08 2.814742861680e-08 1.031758068416e-08 1.717729889214e-09 8.437618856162e-11 2.931518701837e-13 
3.851574804043e-12 2.609438334693e-10 2.870641575942e-09 1.256856483638e-08 2.814742861680e-08 6.304767738058e-08 2.326653997094e-08 7.233302032718e-09 6.968313109531e-10 5.585640523302e-12 
1.277727001257e-13 1.746565158449e-11 3.403367144317e-10 2.598248603949e-09 1.031758068416e-08 2.326653997094e-08 5.756967137474e-08 1.814061939268e-08 3.732339486913e-09 7.725642502676e-11 
1.791857983902e-15 5.151332651116e-13 1.815893802278e-11 2.424133895142e-10 1.717729889214e-09 7.233302032718e-09 1.814061939268e-08 5.243380344892e-08 1.218716822171e-08 7.902264216612e-10 
5.755909760825e-18 3.753326576211e-15 2.583630982577e-13 6.385918022954e-12 8.437618856162e-11 6.968313109531e-10 3.732339486913e-09 1.218716822171e-08 4.709586343238e-08 5.463625180937e-09 
6.702524706152e-22 1.159331491568e-18 1.857532120007e-16 1.011603843947e-14 2.931518701837e-13 5.585640523302e-12 7.725642502676e-11 7.902264216612e-10 5.463625180937e-09 3.894879311194e-08 
