8.4212097473328279e-08 4.0535129915076689e-08 2.9931023434265682e-08 2.3593467155584214e-08 1.9042786452655233e-08 1.5427136942680550e-08 1.2335821383210508e-08 9.5056699516054259e-09 6.6712856342821678e-09 2.9076984986611508e-09 
4.0535129915076689e-08 2.2854594746911944e-08 1.5103546920843995e-08 1.1988213543023248e-08 9.7516873257786254e-09 7.9747467211143184e-09 6.4552114867675274e-09 5.0636620648004181e-09 3.6697467107157926e-09 1.8222586448489017e-09 
2.9931023434265682e-08 1.5103546920843995e-08 1.3819052410233827e-08 8.9957166321980820e-09 7.3555767703877387e-09 6.0524919546897061e-09 4.9380382472016562e-09 3.9172529773278016e-09 2.8945811663085529e-09 1.5409091878769331e-09 
2.3593467155584214e-08 1.1988213543023248e-08 8.9957166321980820e-09 9.7457194842040845e-09 5.9235656888692099e-09 4.9036589934841743e-09 4.0312762907378124e-09 3.2320674400037911e-09 2.4312649469987572e-09 1.3727147665716245e-09 
1.9042786452655233e-08 9.7516873257786254e-09 7.3555767703877387e-09 5.9235656888692099e-09 7.4344506048195185e-09 4.0795058616647269e-09 3.3809679042582893e-09 2.7408650328410534e-09 2.0993958608891197e-09 1.2527990513008426e-09 
1.5427136942680550e-08 7.9747467211143184e-09 6.0524919546897061e-09 4.9036589934841743e-09 4.0795058616647269e-09 5.9632363354210114e-09 2.8644208749298698e-09 2.3507160644958281e-09 1.8357973027527836e-09 1.1575879838562720e-09 
1.2335821383210508e-08 6.4552114867675274e-09 4.9380382472016562e-09 4.0312762907378124e-09 3.3809679042582893e-09 2.8644208749298698e-09 4.9608094155813499e-09 2.0168006171364519e-09 1.6099876578774372e-09 1.0756101513702212e-09 
9.5056699516054259e-09 5.0636620648004181e-09 3.9172529773278016e-09 3.2320674400037911e-09 2.7408650328410534e-09 2.3507160644958281e-09 2.0168006171364519e-09 4.2490510440323777e-09 1.4029672300776233e-09 9.9983054976027543e-10 
6.6712856342821678e-09 3.6697467107157926e-09 2.8945811663085529e-09 2.4312649469987572e-09 2.0993958608891197e-09 1.8357973027527836e-09 1.6099876578774372e-09 1.4029672300776233e-09 3.7342869353584583e-09 9.2415298246542867e-10 
2.9076984986611508e-09 1.8222586448489017e-09 1.5409091878769331e-09 1.3727147665716245e-09 1.2527990513008426e-09 1.1575879838562720e-09 1.0756101513702212e-09 9.9983054976027543e-10 9.2415298246542867e-10 3.3703830452985728e-09 
