8.5458668890365713e-07 4.2513954446533448e-07 3.1508081983438240e-07 2.4930106660238743e-07 2.0207353657587782e-07 1.6455043381099448e-07 1.3247147002265189e-07 1.0311374114463181e-07 7.3717689390399241e-08 3.4633006566205538e-08 
4.2513954446533448e-07 2.1606176443913604e-07 1.5896188547149678e-07 1.2635040464329354e-07 1.0293891986739058e-07 8.4338030311167255e-08 6.8432546067327984e-08 5.3870956952126428e-08 3.9285788006795729e-08 1.9925584012348671e-08 
3.1508081983438240e-07 1.5896188547149678e-07 1.2124516342274319e-07 9.4645340833749645e-08 7.7372839670864493e-08 6.3649436875529528e-08 5.1913019854599836e-08 4.1165497969132271e-08 3.0398184415653187e-08 1.6122372013310299e-08 
2.4930106660238743e-07 1.2635040464329354e-07 9.4645340833749645e-08 7.8232865380985080e-08 6.2091135733885423e-08 5.1282644977450229e-08 4.2037712586011079e-08 3.3569616007000402e-08 2.5084037934162856e-08 1.3846887275365700e-08 
2.0207353657587782e-07 1.0293891986739058e-07 7.7372839670864493e-08 6.2091135733885423e-08 5.3661540347669120e-08 4.2408065121601257e-08 3.4952055480292929e-08 2.8120453142840716e-08 2.1273152282133543e-08 1.2217859003992356e-08 
1.6455043381099448e-07 8.4338030311167255e-08 6.3649436875529528e-08 5.1282644977450229e-08 4.2408065121601257e-08 3.7895450594305825e-08 2.9322881883708063e-08 2.3791349444076646e-08 1.8245261098927760e-08 1.0923291640528940e-08 
1.3247147002265189e-07 6.8432546067327984e-08 5.1913019854599836e-08 4.2037712586011079e-08 3.4952055480292929e-08 2.9322881883708063e-08 2.7043584586031385e-08 2.0085921067349217e-08 1.5651344639242146e-08 9.8098061445269314e-09 
1.0311374114463181e-07 5.3870956952126428e-08 4.1165497969132271e-08 3.3569616007000402e-08 2.8120453142840716e-08 2.3791349444076646e-08 2.0085921067349217e-08 1.9225626689621472e-08 1.3271957183075149e-08 8.7806494868843931e-09 
7.3717689390399241e-08 3.9285788006795729e-08 3.0398184415653187e-08 2.5084037934162856e-08 2.1273152282133543e-08 1.8245261098927760e-08 1.5651344639242146e-08 1.3271957183075149e-08 1.3426801656912813e-08 7.7491235665289175e-09 
3.4633006566205538e-08 1.9925584012348671e-08 1.6122372013310299e-08 1.3846887275365700e-08 1.2217859003992356e-08 1.0923291640528940e-08 9.8098061445269314e-09 8.7806494868843931e-09 7.7491235665289175e-09 8.9950386115504700e-09 
