2.771055512454e-09 3.423606551021e-10 3.824193260297e-10 4.065812496188e-10 4.239233030476e-10 4.377101957364e-10 4.495246811869e-10 4.604007639010e-10 4.714380618476e-10 4.865519156027e-10 
3.423606551021e-10 3.116272908097e-09 6.885150724544e-10 7.583330114466e-10 8.084440620415e-10 8.482052393366e-10 8.822787092663e-10 9.136488397993e-10 9.454843972392e-10 9.890795072377e-10 
3.824193260297e-10 6.885150724544e-10 3.399199084582e-09 9.792843650964e-10 1.065945824438e-09 1.134372758603e-09 1.192885827112e-09 1.246757440382e-09 1.301433703232e-09 1.376308581802e-09 
4.065812496188e-10 7.583330114466e-10 9.792843650964e-10 3.686092359510e-09 1.278255246888e-09 1.382308314124e-09 1.470688340038e-09 1.551851935168e-09 1.634231119421e-09 1.747057032712e-09 
4.239233030476e-10 8.084440620415e-10 1.065945824438e-09 1.278255246888e-09 3.995764912813e-09 1.606362236575e-09 1.733261389833e-09 1.848847373068e-09 1.965913565705e-09 2.126307979471e-09 
4.377101957364e-10 8.482052393366e-10 1.134372758603e-09 1.382308314124e-09 1.606362236575e-09 4.344602439889e-09 1.982187006937e-09 2.142002359534e-09 2.302218926942e-09 2.521599206146e-09 
4.495246811869e-10 8.822787092663e-10 1.192885827112e-09 1.470688340038e-09 1.733261389833e-09 1.982187006937e-09 4.754866724189e-09 2.435741440373e-09 2.652046114400e-09 2.944802805381e-09 
4.604007639010e-10 9.136488397993e-10 1.246757440382e-09 1.551851935168e-09 1.848847373068e-09 2.142002359534e-09 2.435741440373e-09 5.271316559011e-09 3.032317364135e-09 3.418605891083e-09 
4.714380618476e-10 9.454843972392e-10 1.301433703232e-09 1.634231119421e-09 1.965913565705e-09 2.302218926942e-09 2.652046114400e-09 3.032317364135e-09 6.003954042311e-09 4.006213600672e-09 
4.865519156027e-10 9.890795072377e-10 1.376308581802e-09 1.747057032712e-09 2.126307979471e-09 2.521599206146e-09 2.944802805381e-09 3.418605891083e-09 4.006213600672e-09 7.525578365486e-09 
