1.8527748454178422e-08 7.8147420119610925e-09 5.7081666606518024e-09 4.4494884524151747e-09 3.5457287965608704e-09 2.8278683927031561e-09 2.2146381147471053e-09 1.6541757126517190e-09 1.0942879083868187e-09 3.4682048278009284e-10 
7.8147420119610925e-09 6.4061381832383469e-09 2.8502578237765690e-09 2.2423480967846890e-09 1.8059918964054774e-09 1.4594227024467177e-09 1.1633119963898248e-09 8.9262388976790080e-10 6.2225067288649719e-10 2.6230760675665010e-10 
5.7081666606518024e-09 2.8502578237765690e-09 4.6519663478097267e-09 1.6732499835363536e-09 1.3573061363029765e-09 1.1063879997296938e-09 8.9197767623259852e-10 6.9594650886662062e-10 5.0016260606773640e-10 2.4005750901141962e-10 
4.4494884524151747e-09 2.2423480967846890e-09 1.6732499835363536e-09 3.8716883900817618e-09 1.0892223722551081e-09 8.9544853798113197e-10 7.2984572514152936e-10 5.7841833780827816e-10 4.2719971493720516e-10 2.2674502229075750e-10 
3.5457287965608704e-09 1.8059918964054774e-09 1.3573061363029765e-09 1.0892223722551081e-09 3.4354175288983882e-09 7.4422847727800180e-10 6.1367850517933436e-10 4.9427863331397367e-10 3.7506522860780186e-10 2.1745376340884269e-10 
2.8278683927031561e-09 1.4594227024467177e-09 1.1063879997296938e-09 8.9544853798113197e-10 7.4422847727800180e-10 3.1626390419308774e-09 5.2147787322190071e-10 4.2751350541366884e-10 3.3370957661299614e-10 2.1012585051231571e-10 
2.2146381147471053e-09 1.1633119963898248e-09 8.9197767623259852e-10 7.2984572514152936e-10 6.1367850517933436e-10 5.2147787322190071e-10 2.9811080257052365e-09 3.7042691497102158e-10 2.9830288961120722e-10 2.0375081386509432e-10 
1.6541757126517190e-09 8.9262388976790080e-10 6.9594650886662062e-10 5.7841833780827816e-10 4.9427863331397367e-10 4.2751350541366884e-10 3.7042691497102158e-10 2.8566728155164639e-09 2.6595370592590106e-10 1.9781762888811339e-10 
1.0942879083868187e-09 6.2225067288649719e-10 5.0016260606773640e-10 4.2719971493720516e-10 3.7506522860780186e-10 3.3370957661299614e-10 2.9830288961120722e-10 2.6595370592590106e-10 2.7723575782342603e-09 1.9215534567875559e-10 
3.4682048278009284e-10 2.6230760675665010e-10 2.4005750901141962e-10 2.2674502229075750e-10 2.1745376340884269e-10 2.1012585051231571e-10 2.0375081386509432e-10 1.9781762888811339e-10 1.9215534567875559e-10 2.7253929740787515e-09 
