5.7639291103960404e-08 2.7258058685477152e-08 2.0081620889942037e-08 1.5792822284637760e-08 1.2713185981162092e-08 1.0266410433538125e-08 8.1747733859201660e-09 6.2603681662116425e-09 4.3437266376786472e-09 1.7956187206077527e-09 
2.7258058685477152e-08 1.6169037030814555e-08 1.0117477892884352e-08 8.0179655040579380e-09 6.5107288441437589e-09 5.3132765628090570e-09 4.2894359740571034e-09 3.3520990350527406e-09 2.4135414533672947e-09 1.1683090637816270e-09 
2.0081620889942037e-08 1.0117477892884352e-08 1.0086980425341876e-08 6.0131962494057554e-09 4.9111482086429341e-09 4.0356298567818222e-09 3.2869587396264156e-09 2.6014149997543960e-09 1.9149109237980464e-09 1.0054247486790243e-09 
1.5792822284637760e-08 8.0179655040579380e-09 6.0131962494057554e-09 7.3535892157855539e-09 3.9552394781090033e-09 3.2720995431165960e-09 2.6878561673877243e-09 2.1527817183329638e-09 1.6169073957728868e-09 9.0806554575940025e-10 
1.2713185981162092e-08 6.5107288441437589e-09 4.9111482086429341e-09 3.9552394781090033e-09 5.8078413129009376e-09 2.7244447132486198e-09 2.2582918991160424e-09 1.8312676682649229e-09 1.4035719109946977e-09 8.3883893953242727e-10 
1.0266410433538125e-08 5.3132765628090570e-09 4.0356298567818222e-09 3.2720995431165960e-09 2.7244447132486198e-09 4.8278841387609040e-09 1.9171350944149856e-09 1.5759454851683122e-09 1.2341654124559738e-09 7.8391730504322050e-10 
8.1747733859201660e-09 4.2894359740571034e-09 3.2869587396264156e-09 2.6878561673877243e-09 2.2582918991160424e-09 1.9171350944149856e-09 4.1636660068478208e-09 1.3574546530147085e-09 1.0890520620196001e-09 7.3657336453527811e-10 
6.2603681662116425e-09 3.3520990350527406e-09 2.6014149997543960e-09 2.1527817183329638e-09 1.8312676682649229e-09 1.5759454851683122e-09 1.3574546530147085e-09 3.6956319145587160e-09 9.5608451801603371e-10 6.9277505903984646e-10 
4.3437266376786472e-09 2.4135414533672947e-09 1.9149109237980464e-09 1.6169073957728868e-09 1.4035719109946977e-09 1.2341654124559738e-09 1.0890520620196001e-09 9.5608451801603371e-10 3.3616982661553923e-09 6.4922516688911964e-10 
1.7956187206077527e-09 1.1683090637816270e-09 1.0054247486790243e-09 9.0806554575940025e-10 8.3883893953242727e-10 7.8391730504322050e-10 7.3657336453527811e-10 6.9277505903984646e-10 6.4922516688911964e-10 3.1358688529604545e-09 
