1.6121422046486814e-08 6.6304014624771297e-09 4.8387478686740128e-09 3.7682606117379532e-09 2.9996481974679074e-09 2.3891640705202980e-09 1.8677119608349197e-09 1.3912356285470167e-09 9.1543681667276131e-10 2.8002945468342879e-10 
6.6304014624771297e-09 5.8156505655157651e-09 2.4128467307805124e-09 1.8964115815983401e-09 1.5257259154637093e-09 1.2313286983327086e-09 9.7981959449306504e-10 7.4995588952427887e-10 5.2045752774153599e-10 2.1486135379187680e-10 
4.8387478686740128e-09 2.4128467307805124e-09 4.3259286280136433e-09 1.4137660371354308e-09 1.1455929002942388e-09 9.3262410839081270e-10 7.5066028594101307e-10 5.8433263106846673e-10 4.1828925501892041e-10 1.9766130472885641e-10 
3.7682606117379532e-09 1.8964115815983401e-09 1.4137660371354308e-09 3.6638636589740239e-09 9.1847006652998843e-10 7.5414715913008309e-10 6.1372812683145463e-10 4.8535892123806378e-10 3.5722719772418486e-10 1.8736385896504947e-10 
2.9996481974679074e-09 1.5257259154637093e-09 1.1455929002942388e-09 9.1847006652998843e-10 3.2940493309096351e-09 6.2620354743699138e-10 5.1562043276889784e-10 4.1450610321828767e-10 3.1360029186261995e-10 1.8019691739448704e-10 
2.3891640705202980e-09 1.2313286983327086e-09 9.3262410839081270e-10 7.5414715913008309e-10 6.2620354743699138e-10 3.0631013629720874e-09 4.3775891640796038e-10 3.5828865214474951e-10 2.7899660285700813e-10 1.7454966593238303e-10 
1.8677119608349197e-09 9.7981959449306504e-10 7.5066028594101307e-10 6.1372812683145463e-10 5.1562043276889784e-10 4.3775891640796038e-10 2.9096587178371172e-09 3.1022691243809972e-10 2.4937373885517355e-10 1.6962846147910756e-10 
1.3912356285470167e-09 7.4995588952427887e-10 5.8433263106846673e-10 4.8535892123806378e-10 4.1450610321828767e-10 3.5828865214474951e-10 3.1022691243809972e-10 2.8047429128195794e-09 2.2232028189463036e-10 1.6504328562383132e-10 
9.1543681667276131e-10 5.2045752774153599e-10 4.1828925501892041e-10 3.5722719772418486e-10 3.1360029186261995e-10 2.7899660285700813e-10 2.4937373885517355e-10 2.2232028189463036e-10 2.7340051031131995e-09 1.6070664737377484e-10 
2.8002945468342879e-10 2.1486135379187680e-10 1.9766130472885641e-10 1.8736385896504947e-10 1.8019691739448704e-10 1.7454966593238303e-10 1.6962846147910756e-10 1.6504328562383132e-10 1.6070664737377484e-10 2.6954210597427766e-09 
