6.1721558723151070e-08 2.9296350246408603e-08 2.1592982160816178e-08 1.6989233386295128e-08 1.3683452908972077e-08 1.1056984998435831e-08 8.8116669763941458e-09 6.7564816215160653e-09 4.6987599725211428e-09 1.9637301293791300e-09 
2.9296350246408603e-08 1.7195156028055253e-08 1.0882632488443025e-08 8.6271377404833732e-09 7.0079158603557349e-09 5.7214808870164679e-09 4.6215248399756693e-09 3.6144416452455874e-09 2.6059660872102478e-09 1.2682286578007744e-09 
2.1592982160816178e-08 1.0882632488443025e-08 1.0659729801402659e-08 6.4709407689710712e-09 5.2863326965956186e-09 4.3452125554264977e-09 3.5404195043246263e-09 2.8034396281277886e-09 2.0653606984381562e-09 1.0877065202801096e-09 
1.6989233386295128e-08 8.6271377404833732e-09 6.4709407689710712e-09 7.7208230655950635e-09 4.2575021290619487e-09 3.5227344678965911e-09 2.8943184061142994e-09 2.3187514513838849e-09 1.7422658734950327e-09 9.7980208478346598e-10 
1.3683452908972077e-08 7.0079158603557349e-09 5.2863326965956186e-09 4.2575021290619487e-09 6.0577665094294284e-09 2.9327797820445007e-09 2.4310350830376371e-09 1.9713762192482789e-09 1.5109420496778388e-09 9.0303306031086876e-10 
1.1056984998435831e-08 5.7214808870164679e-09 4.3452125554264977e-09 3.5227344678965911e-09 2.9327797820445007e-09 5.0026077006731208e-09 2.0630877912271647e-09 1.6955066057492446e-09 1.3272419212790641e-09 8.4211718997939191e-10 
8.8116669763941458e-09 4.6215248399756693e-09 3.5404195043246263e-09 2.8943184061142994e-09 2.4310350830376371e-09 2.0630877912271647e-09 4.2866847539415340e-09 1.4594252668265446e-09 1.1698827715032982e-09 7.8961961516641349e-10 
6.7564816215160653e-09 3.6144416452455874e-09 2.8034396281277886e-09 2.3187514513838849e-09 1.9713762192482789e-09 1.6955066057492446e-09 1.4594252668265446e-09 3.7814599307077256e-09 1.0256783304311289e-09 7.4106217093905180e-10 
4.6987599725211428e-09 2.6059660872102478e-09 2.0653606984381562e-09 1.7422658734950327e-09 1.5109420496778388e-09 1.3272419212790641e-09 1.1698827715032982e-09 1.0256783304311289e-09 3.4200205044916301e-09 6.9273283637045243e-10 
1.9637301293791300e-09 1.2682286578007744e-09 1.0877065202801096e-09 9.7980208478346598e-10 9.0303306031086876e-10 8.4211718997939191e-10 7.8961961516641349e-10 7.4106217093905180e-10 6.9273283637045243e-10 3.1733799968108371e-09 
