2.542127703083e-09 6.234455809508e-12 7.273022613552e-12 7.901879818306e-12 8.353172206264e-12 8.711935652979e-12 9.019376263048e-12 9.302397997703e-12 9.589614961939e-12 9.982921739349e-12 
6.234455809508e-12 2.551137400672e-09 1.603876607141e-11 1.819435245865e-11 1.974175101499e-11 2.096930315367e-11 2.202129902301e-11 2.298984226642e-11 2.397275539281e-11 2.531875676240e-11 
7.273022613552e-12 1.603876607141e-11 2.560078112804e-09 2.549748758459e-11 2.835228141745e-11 3.060651945734e-11 3.253450194144e-11 3.430962511876e-11 3.611124466730e-11 3.857843596318e-11 
7.901879818306e-12 1.819435245865e-11 2.549748758459e-11 2.569658260319e-09 3.560754085785e-11 3.913694018288e-11 4.213715137609e-11 4.489352853465e-11 4.769117066718e-11 5.152271554099e-11 
8.353172206264e-12 1.974175101499e-11 2.835228141745e-11 3.560754085785e-11 2.580225583979e-09 4.685334401913e-11 5.120245141906e-11 5.517103772628e-11 5.919240396653e-11 6.470152808690e-11 
8.711935652979e-12 2.096930315367e-11 3.060651945734e-11 3.913694018288e-11 4.685334401913e-11 2.592160590425e-09 5.967212208016e-11 6.512240010439e-11 7.060249416155e-11 7.810697960501e-11 
9.019376263048e-12 2.202129902301e-11 3.253450194144e-11 4.213715137609e-11 5.120245141906e-11 5.967212208016e-11 2.605994146921e-09 7.483046633307e-11 8.209368311254e-11 9.195891785167e-11 
9.302397997703e-12 2.298984226642e-11 3.430962511876e-11 4.489352853465e-11 5.517103772628e-11 6.512240010439e-11 7.483046633307e-11 2.622930707323e-09 9.416413233012e-11 1.069201789393e-10 
9.589614961939e-12 2.397275539281e-11 3.611124466730e-11 4.769117066718e-11 5.919240396653e-11 7.060249416155e-11 8.209368311254e-11 9.416413233012e-11 2.646013325345e-09 1.247362754281e-10 
9.982921739349e-12 2.531875676240e-11 3.857843596318e-11 5.152271554099e-11 6.470152808690e-11 7.810697960501e-11 9.195891785167e-11 1.069201789393e-10 1.247362754281e-10 2.691350983501e-09 
