1.1389153428880489e-07 3.7044726347880254e-08 7.1390567877714318e-09 9.1307536742469731e-10 8.2322949195721269e-11 4.8517776380787158e-12 1.6027646110644306e-13 2.2372824109342258e-15 7.1919258683509762e-18 8.3832467472394270e-22 
3.7044726347880254e-08 1.1594633758624612e-07 5.0041643667346860e-08 1.4964216746073674e-08 2.7922580189532467e-09 3.2789817592214184e-10 2.1855037335183453e-11 6.4280986374759797e-13 4.6930809608543032e-15 1.4515015515284885e-18 
7.1390567877714318e-09 5.0041643667346860e-08 1.0093405435003174e-07 4.6952187318311315e-08 1.6929604978797541e-08 3.5995955461963329e-09 4.2512834142119453e-10 2.2670560072662050e-11 3.2309790397441645e-13 2.3294509236574639e-16 
9.1307536742469731e-10 1.4964216746073674e-08 4.6952187318311315e-08 8.8990063150008312e-08 4.1220803876222923e-08 1.5723312311342674e-08 3.2426989514677593e-09 3.0288294186427444e-10 7.9849318831488121e-12 1.2714344375920055e-14 
8.2322949195721269e-11 2.7922580189532467e-09 1.6929604978797541e-08 4.1220803876222923e-08 7.9475695986744635e-08 3.5141634326073506e-08 1.2879974005556023e-08 2.1476638415004702e-09 1.0550592549758826e-10 3.6946228110783886e-13 
4.8517776380787158e-12 3.2789817592214184e-10 3.5995955461963329e-09 1.5723312311342674e-08 3.5141634326073506e-08 7.1691615145532235e-08 2.9077098762296527e-08 9.0450854669150453e-09 8.7201064545812049e-10 7.0621026728656518e-12 
1.6027646110644306e-13 2.1855037335183453e-11 4.2512834142119453e-10 3.2426989514677593e-09 1.2879974005556023e-08 2.9077098762296527e-08 6.4925730790199824e-08 2.2683265645562058e-08 4.6827561214891205e-09 9.8016313145692639e-11 
2.2372824109342258e-15 6.4280986374759797e-13 2.2670560072662050e-11 3.0288294186427444e-10 2.1476638415004702e-09 9.0450854669150453e-09 2.2683265645562058e-08 5.8562131478898417e-08 1.5375247267552733e-08 1.0058696739635295e-09 
7.1919258683509762e-18 4.6930809608543032e-15 3.2309790397441645e-13 7.9849318831488121e-12 1.0550592549758826e-10 8.7201064545812049e-10 4.6827561214891205e-09 1.5375247267552733e-08 5.2206276685004590e-08 6.9803808950197243e-09 
8.3832467472394270e-22 1.4515015515284885e-18 2.3294509236574639e-16 1.2714344375920055e-14 3.6946228110783886e-13 7.0621026728656518e-12 9.8016313145692639e-11 1.0058696739635295e-09 6.9803808950197243e-09 4.2132802687743896e-08 
