1.880433402597e-07 6.352046640891e-08 1.185199622143e-08 1.487379055862e-09 1.327056896662e-10 7.781058657640e-12 2.568570296133e-13 3.608894493257e-15 1.171929029545e-17 1.409793669093e-21 
6.352046640891e-08 1.745757673168e-07 8.187086486960e-08 2.418969154158e-08 4.485437581854e-09 5.253055456003e-10 3.511821743344e-11 1.040525834958e-12 7.687038512278e-15 2.454347668151e-18 
1.185199622143e-08 8.187086486960e-08 1.459271536821e-07 7.552205863644e-08 2.713730354681e-08 5.771321026969e-09 6.852458133455e-10 3.681214359893e-11 5.324022359510e-13 3.957312128363e-16 
1.487379055862e-09 2.418969154158e-08 7.552205863644e-08 1.256723660487e-07 6.604579294401e-08 2.527576422060e-08 5.244031578238e-09 4.936965417654e-10 1.324624000021e-11 2.169214516657e-14 
1.327056896662e-10 4.485437581854e-09 2.713730354681e-08 6.604579294401e-08 1.105571793640e-07 5.671846186951e-08 2.090709170670e-08 3.520031866287e-09 1.763203509088e-10 6.330442453955e-13 
7.781058657640e-12 5.253055456003e-10 5.771321026969e-09 2.527576422060e-08 5.671846186951e-08 9.871313065653e-08 4.745258841529e-08 1.494888120063e-08 1.469134104957e-09 1.215890304545e-11 
2.568570296133e-13 3.511821743344e-11 6.852458133455e-10 5.244031578238e-09 2.090709170670e-08 4.745258841529e-08 8.870119713819e-08 3.791877676464e-08 7.958343762167e-09 1.698507006301e-10 
3.608894493257e-15 1.040525834958e-12 3.681214359893e-11 4.936965417654e-10 3.520031866287e-09 1.494888120063e-08 3.791877676464e-08 7.961195289719e-08 2.638589209371e-08 1.761385428473e-09 
1.171929029545e-17 7.687038512278e-15 5.324022359510e-13 1.324624000021e-11 1.763203509088e-10 1.469134104957e-09 7.958343762167e-09 2.638589209371e-08 7.000080265708e-08 1.245460572120e-08 
1.409793669093e-21 2.454347668151e-18 3.957312128363e-16 2.169214516657e-14 6.330442453955e-13 1.215890304545e-11 1.698507006301e-10 1.761385428473e-09 1.245460572120e-08 5.391310550371e-08 
