7.4627006210510034e-08 2.1523424293233002e-08 4.3026989736069453e-09 5.6478574947872304e-10 5.1915960017075600e-11 3.1061650730672338e-12 1.0381162094354801e-13 1.4614913676770655e-15 4.7196633926925704e-18 5.4827927949902973e-22 
2.1523424293233002e-08 8.0774610017099327e-08 3.0758273681755459e-08 9.3808604715425517e-09 1.7780966625914986e-09 2.1139616813279749e-10 1.4221462055084842e-11 4.2091680051504000e-13 3.0804277025044329e-15 9.4774319182309409e-19 
4.3026989736069453e-09 3.0758273681755459e-08 7.3678344123383170e-08 2.9782096796716843e-08 1.0867422669017384e-08 2.3328605664339528e-09 2.7751230042336806e-10 1.4864956256583919e-11 2.1200599545208085e-13 1.5181584042482781e-16 
5.6478574947872304e-10 9.3808604715425517e-09 2.9782096796716843e-08 6.7161304941514145e-08 2.6648217267486468e-08 1.0236258255270899e-08 2.1219824084130630e-09 1.9874773325936929e-10 5.2355604039232536e-12 8.2682757853676103e-15 
5.1915960017075600e-11 1.7780966625914986e-09 1.0867422669017384e-08 2.6648217267486468e-08 6.1550420831875511e-08 2.2964854824971780e-08 8.4441658596396073e-09 1.4095487781309870e-09 6.9093202561143835e-11 2.3964373784811643e-13 
3.1061650730672338e-12 2.1139616813279749e-10 2.3328605664339528e-09 1.0236258255270899e-08 2.2964854824971780e-08 5.6703087823152792e-08 1.9082592637387643e-08 5.9332005563651477e-09 5.6993494981150471e-10 4.5657926314902598e-12 
1.0381162094354801e-13 1.4221462055084842e-11 2.7751230042336806e-10 2.1219824084130630e-09 8.4441658596396073e-09 1.9082592637387643e-08 5.2299752270483400e-08 1.4853938379199452e-08 3.0507065595233368e-09 6.3086157992919325e-11 
1.4614913676770655e-15 4.2091680051504000e-13 1.4864956256583919e-11 1.9874773325936929e-10 1.4095487781309870e-09 5.9332005563651477e-09 1.4853938379199452e-08 4.8012147416285695e-08 9.9616774841273569e-09 6.4287201562694930e-10 
4.7196633926925704e-18 3.0804277025044329e-15 2.1200599545208085e-13 5.2355604039232536e-12 6.9093202561143835e-11 5.6993494981150471e-10 3.0507065595233368e-09 9.9616774841273569e-09 4.3602681496086330e-08 4.4054501634057671e-09 
5.4827927949902973e-22 9.4774319182309409e-19 1.5181584042482781e-16 8.2682757853676103e-15 2.3964373784811643e-13 4.5657926314902598e-12 6.3086157992919325e-11 6.4287201562694930e-10 4.4054501634057671e-09 3.6774695437311691e-08 
