6.2796809349593551e-08 1.6479679394856359e-08 3.3503755658708563e-09 4.4577709797949399e-10 4.1427981766324583e-11 2.5013379856111916e-12 8.4252811302732162e-14 1.1943110476724488e-15 3.8797569381822357e-18 4.5266879263336447e-22 
1.6479679394856359e-08 6.9022361052168012e-08 2.4194290416812289e-08 7.4600818070891876e-09 1.4271628874928339e-09 1.7101630473542478e-10 1.1583172392898093e-11 3.4482491612217745e-13 2.5357644815562948e-15 7.8265951546585293e-19 
3.3503755658708563e-09 2.4194290416812289e-08 6.4313141323085746e-08 2.3847591303527154e-08 8.7664977406834743e-09 1.8942320979169204e-09 2.2664022232226695e-10 1.2200187222282871e-11 1.7470010210616831e-13 1.2538239325410716e-16 
4.4577709797949399e-10 7.4600818070891876e-09 2.3847591303527154e-08 5.9597487042440295e-08 2.1598870278645823e-08 8.3405694644060180e-09 1.7372084269050914e-09 1.6337598102483719e-10 4.3177982092321125e-12 6.8283345242412920e-15 
4.1427981766324583e-11 1.4271628874928339e-09 8.7664977406834743e-09 2.1598870278645823e-08 5.5353198457854670e-08 1.8774217830177669e-08 6.9290327223817149e-09 1.1603748719628218e-09 5.7019203611232414e-11 1.9787308676428435e-13 
2.5013379856111916e-12 1.7101630473542478e-10 1.8942320979169204e-09 8.3405694644060180e-09 1.8774217830177669e-08 5.1575187214038417e-08 1.5692854012707767e-08 4.8909474712396410e-09 4.7057188396504928e-10 3.7686024852679882e-12 
8.4252811302732162e-14 1.1583172392898093e-11 2.2664022232226695e-10 1.7372084269050914e-09 6.9290327223817149e-09 1.5692854012707767e-08 4.8058781229468802e-08 1.2258471288379305e-08 2.5193932276227239e-09 5.2036724858505449e-11 
1.1943110476724488e-15 3.4482491612217745e-13 1.2200187222282871e-11 1.6337598102483719e-10 1.1603748719628218e-09 4.8909474712396410e-09 1.2258471288379305e-08 4.4561948310859592e-08 8.2241053611530923e-09 5.2957400582442219e-10 
3.8797569381822357e-18 2.5357644815562948e-15 1.7470010210616831e-13 4.3177982092321125e-12 5.7019203611232414e-11 4.7057188396504928e-10 2.5193932276227239e-09 8.2241053611530923e-09 4.0898041094451046e-08 3.6182878460032825e-09 
4.5266879263336447e-22 7.8265951546585293e-19 1.2538239325410716e-16 6.8283345242412920e-15 1.9787308676428435e-13 3.7686024852679882e-12 5.2036724858505449e-11 5.2957400582442219e-10 3.6182878460032825e-09 3.5189354756709879e-08 
