7.900381145408e-08 2.328388728446e-08 4.627632969454e-09 6.050722337084e-10 5.544932554894e-11 3.306972971787e-12 1.103820826867e-13 1.549336871736e-15 5.000814714262e-18 5.800306883193e-22 
2.328388728446e-08 8.479720927438e-08 3.298100991928e-08 1.003019826750e-08 1.895108866087e-09 2.248822397152e-10 1.510286064851e-11 4.457585245767e-13 3.266034749687e-15 1.002033623316e-18 
4.627632969454e-09 3.298100991928e-08 7.684711810777e-08 3.176938645574e-08 1.156606349441e-08 2.480003974075e-09 2.943001527229e-10 1.574253294964e-11 2.247980478424e-13 1.605033988360e-16 
6.050722337084e-10 1.003019826750e-08 3.176938645574e-08 6.967452968579e-08 2.833966227903e-08 1.086864150272e-08 2.247848337766e-09 2.105898228050e-10 5.548757744288e-12 8.746159720212e-15 
5.544932554894e-11 1.895108866087e-09 1.156606349441e-08 2.833966227903e-08 6.362381006404e-08 2.434109126352e-08 8.942451845282e-09 1.494368525690e-09 7.316063151138e-11 2.537769382917e-13 
3.306972971787e-12 2.248822397152e-10 2.480003974075e-09 1.086864150272e-08 2.434109126352e-08 5.838286135855e-08 2.022327367303e-08 6.289860900288e-09 6.028810958333e-10 4.842702179128e-12 
1.103820826867e-13 1.510286064851e-11 2.943001527229e-10 2.247848337766e-09 8.942451845282e-09 2.022327367303e-08 5.375235182716e-08 1.572741845394e-08 3.226221762321e-09 6.703400986302e-11 
1.549336871736e-15 4.457585245767e-13 1.574253294964e-11 2.105898228050e-10 1.494368525690e-09 6.289860900288e-09 1.572741845394e-08 4.914949326287e-08 1.055514541955e-08 6.840088162452e-10 
5.000814714262e-18 3.266034749687e-15 2.247980478424e-13 5.548757744288e-12 7.316063151138e-11 6.028810958333e-10 3.226221762321e-09 1.055514541955e-08 4.457581712776e-08 4.683236362173e-09 
5.800306883193e-22 1.002033623316e-18 1.605033988360e-16 8.746159720212e-15 2.537769382917e-13 4.842702179128e-12 6.703400986302e-11 6.840088162452e-10 4.683236362173e-09 3.733516011479e-08 
