6.9438289698341904e-08 1.9325786732807876e-08 3.8903265065856293e-09 5.1372321514015874e-10 4.7439724671943713e-11 2.8480540276270990e-12 9.5454481749370876e-14 1.3470451244835169e-15 4.3587038023568029e-18 5.0693763499845307e-22 
1.9325786732807876e-08 7.5678436407087917e-08 2.7934812768285099e-08 8.5601515333402646e-09 1.6283701704351710e-09 1.9415283824483351e-10 1.3092961507272414e-11 3.8827936140533629e-13 2.8461225424430053e-15 8.7626974571096388e-19 
3.8903265065856293e-09 2.7934812768285099e-08 6.9674299888990398e-08 2.7250182593153665e-08 9.9706466315107691e-09 2.1454127615394495e-09 2.5572730032084100e-10 1.3720800353674102e-11 1.9594081606487852e-13 1.4035868211955318e-16 
5.1372321514015874e-10 8.5601515333402646e-09 2.7250182593153665e-08 6.3933140695585944e-08 2.4491257224508607e-08 9.4252704237772374e-09 1.9570055142671970e-09 1.8354607884523386e-10 4.8398523764593501e-12 7.6435524448584654e-15 
4.7439724671943713e-11 1.6283701704351710e-09 9.9706466315107691e-09 2.4491257224508607e-08 5.8900007214860161e-08 2.1169404138823359e-08 7.7936953688082920e-09 1.3023474168522395e-09 6.3879541674514146e-11 2.2150595498941206e-13 
2.8480540276270990e-12 1.9415283824483351e-10 2.1454127615394495e-09 9.4252704237772374e-09 2.1169404138823359e-08 5.4502372847326001e-08 1.7625410493425665e-08 5.4841270928531914e-09 5.2695208715803782e-10 4.2193532642105074e-12 
9.5454481749370876e-14 1.3092961507272414e-11 2.5572730032084100e-10 1.9570055142671970e-09 7.7936953688082920e-09 1.7625410493425665e-08 5.0473508170821420e-08 1.3733121351092447e-08 2.8204037739054745e-09 5.8279809427643398e-11 
1.3470451244835169e-15 3.8827936140533629e-13 1.3720800353674102e-11 1.8354607884523386e-10 1.3023474168522395e-09 5.4841270928531914e-09 1.3733121351092447e-08 4.6517851534073334e-08 9.2070102976158017e-09 5.9351141213722959e-10 
4.3587038023568029e-18 2.8461225424430053e-15 1.9594081606487852e-13 4.8398523764593501e-12 6.3879541674514146e-11 5.2695208715803782e-10 2.8204037739054745e-09 9.2070102976158017e-09 4.2425342068852603e-08 4.0613485174427710e-09 
5.0693763499845307e-22 8.7626974571096388e-19 1.4035868211955318e-16 7.6435524448584654e-15 2.2150595498941206e-13 4.2193532642105074e-12 5.8279809427643398e-11 5.9351141213722959e-10 4.0613485174427710e-09 3.6078688429295715e-08 
