2.6963895547668605e-07 9.1264321612950709e-08 1.6838232573581059e-08 2.1081840679196877e-09 1.8852543363860968e-10 1.1123115294036304e-11 3.7091735849943739e-13 5.2755821857474797e-15 1.7507695054879317e-17 2.1640246641797717e-21 
9.1264321612950709e-08 2.3642948071610590e-07 1.1605032102429444e-07 3.4329046706425561e-08 6.3939893559100938e-09 7.5517094025026488e-10 5.0998775621374802e-11 1.5323700969732130e-12 1.1563053887621896e-14 3.7881882828700354e-18 
1.6838232573581059e-08 1.1605032102429444e-07 1.9520654082782471e-07 1.0748113371437250e-07 3.8871828043872975e-08 8.3404506794302088e-09 1.0005330914271601e-09 5.4604961498170757e-11 8.0513790699566166e-13 6.1445790611599996e-16 
2.1081840679196877e-09 3.4329046706425561e-08 1.0748113371437250e-07 1.6765023777830899e-07 9.5195234355893097e-08 3.6733811701646332e-08 7.7071853054147213e-09 7.3755078036443661e-10 2.0128853325298950e-11 3.3906433503974116e-14 
1.8852543363860968e-10 6.3939893559100938e-09 3.8871828043872975e-08 9.5195234355893097e-08 1.4771752488248471e-07 8.3016819282010289e-08 3.0986658967796679e-08 5.2964271445068503e-09 2.6935656062231617e-10 9.9683987123060999e-13 
1.1123115294036304e-11 7.5517094025026488e-10 8.3404506794302088e-09 3.6733811701646332e-08 8.3016819282010289e-08 1.3244063250752994e-07 7.1030016777549193e-08 2.2655181911240041e-08 2.2600173833714713e-09 1.9306734708061203e-11 
3.7091735849943739e-13 5.0998775621374802e-11 1.0005330914271601e-09 7.7071853054147213e-09 3.0986658967796679e-08 7.1030016777549193e-08 1.1966593361312978e-07 5.7937263898498410e-08 1.2370440302802113e-08 2.7235205277202438e-10 
5.2755821857474797e-15 1.5323700969732130e-12 5.4604961498170757e-11 7.3755078036443661e-10 5.2964271445068503e-09 2.2655181911240041e-08 5.7937263898498410e-08 1.0773286708437951e-07 4.1662421038055898e-08 2.8593141354711952e-09 
1.7507695054879317e-17 1.1563053887621896e-14 8.0513790699566166e-13 2.0128853325298950e-11 2.6935656062231617e-10 2.2600173833714713e-09 1.2370440302802113e-08 4.1662421038055898e-08 9.5606480781509109e-08 2.0577300362753188e-08 
2.1640246641797717e-21 3.7881882828700354e-18 6.1445790611599996e-16 3.3906433503974116e-14 9.9683987123060999e-13 1.9306734708061203e-11 2.7235205277202438e-10 2.8593141354711952e-09 2.0577300362753188e-08 7.1733019122382060e-08 
