9.358159130078e-08 2.915335432521e-08 5.706122571405e-09 7.376864904307e-10 6.705840578610e-11 3.973702598995e-12 1.318072918650e-13 1.846542292198e-15 5.928403626560e-18 6.906556262356e-22 
2.915335432521e-08 9.815983090304e-08 4.032523425216e-08 1.215801291795e-08 2.282936400002e-09 2.691623787058e-10 1.801319559213e-11 5.304445644425e-13 3.868891781692e-15 1.193882491788e-18 
5.706122571405e-09 4.032523425216e-08 8.722880889878e-08 3.833402635411e-08 1.387735628548e-08 2.961150299497e-09 3.507816914684e-10 1.869658603025e-11 2.664599053161e-13 1.912096969045e-16 
7.376864904307e-10 1.215801291795e-08 3.833402635411e-08 7.800623726833e-08 3.387219413869e-08 1.296155626729e-08 2.676061001913e-09 2.496950223085e-10 6.586522582945e-12 1.041233002368e-14 
6.705840578610e-11 2.282936400002e-09 1.387735628548e-08 3.387219413869e-08 7.045184658841e-08 2.900248035374e-08 1.062305798171e-08 1.770627324909e-09 8.699323800741e-11 3.018529914770e-13 
3.973702598995e-12 2.691623787058e-10 2.961150299497e-09 1.296155626729e-08 2.900248035374e-08 6.407890511971e-08 2.396964303928e-08 7.460264638624e-09 7.179015368478e-10 5.756979497319e-12 
1.318072918650e-13 1.801319559213e-11 3.507816914684e-10 2.676061001913e-09 1.062305798171e-08 2.396964303928e-08 5.848823576706e-08 1.870258785856e-08 3.842456360473e-09 7.975405212895e-11 
1.846542292198e-15 5.304445644425e-13 1.869658603025e-11 2.496950223085e-10 1.770627324909e-09 7.460264638624e-09 1.870258785856e-08 5.315343634027e-08 1.255417664851e-08 8.172183314848e-10 
5.928403626560e-18 3.868891781692e-15 2.664599053161e-13 6.586522582945e-12 8.699323800741e-11 7.179015368478e-10 3.842456360473e-09 1.255417664851e-08 4.772257279057e-08 5.649620553683e-09 
6.906556262356e-22 1.193882491788e-18 1.912096969045e-16 1.041233002368e-14 3.018529914770e-13 5.756979497319e-12 7.975405212895e-11 8.172183314848e-10 5.649620553683e-09 3.931027523182e-08 
