1.404534250324e-07 4.676373274368e-08 8.871567500631e-09 1.123546460635e-09 1.006418035055e-10 5.911628768941e-12 1.947567046016e-13 2.720744165197e-15 8.775811528932e-18 1.032279912395e-21 
4.676373274368e-08 1.375029992467e-07 6.172081805346e-08 1.832816648404e-08 3.405835415051e-09 3.988825452201e-10 2.654923484920e-11 7.830040737039e-13 5.729552418674e-15 1.792948920539e-18 
8.871567500631e-09 6.172081805346e-08 1.173599617877e-07 5.731746352241e-08 2.061550811803e-08 4.373995771753e-09 5.168815768793e-10 2.764440311363e-11 3.948307701098e-13 2.885543014054e-16 
1.123546460635e-09 1.832816648404e-08 5.731746352241e-08 1.022503318478e-07 5.011297666495e-08 1.910228399842e-08 3.948079893394e-09 3.695792821642e-10 9.775325635424e-12 1.578802376299e-14 
1.006418035055e-10 3.405835415051e-09 2.061550811803e-08 5.011297666495e-08 9.048655981672e-08 4.274794964879e-08 1.570406713760e-08 2.622366299856e-09 1.295318847197e-10 4.597200205709e-13 
5.911628768941e-12 3.988825452201e-10 4.373995771753e-09 1.910228399842e-08 4.274794964879e-08 8.120877112082e-08 3.548531117049e-08 1.106191521977e-08 1.074938476301e-09 8.802764399121e-12 
1.947567046016e-13 2.654923484920e-11 5.168815768793e-10 3.948079893394e-09 1.570406713760e-08 3.548531117049e-08 7.307880481895e-08 2.785277331938e-08 5.801428225094e-09 1.223961432060e-10 
2.720744165197e-15 7.830040737039e-13 2.764440311363e-11 3.695792821642e-10 2.622366299856e-09 1.106191521977e-08 2.785277331938e-08 6.573758508391e-08 1.913979061056e-08 1.260230328471e-09 
8.775811528932e-18 5.729552418674e-15 3.948307701098e-13 9.775325635424e-12 1.295318847197e-10 1.074938476301e-09 5.801428225094e-09 1.913979061056e-08 5.822104590032e-08 8.833817608633e-09 
1.032279912395e-21 1.792948920539e-18 2.885543014054e-16 1.578802376299e-14 4.597200205709e-13 8.802764399121e-12 1.223961432060e-10 1.260230328471e-09 8.833817608633e-09 4.615579363768e-08 
