1.9720860076013603e-07 6.6702447239362515e-08 1.2416908766919727e-08 1.5565880542731239e-09 1.3877510181743099e-10 8.1379497515153088e-12 2.6889996320234472e-13 3.7760241342356989e-15 1.2308413109774292e-17 1.4795292629224769e-21 
6.6702447239362515e-08 1.8160400088014332e-07 8.5696556204260957e-08 2.5303508250212555e-08 4.6900353228688215e-09 5.4978376193137309e-10 3.6751212336371818e-11 1.0897557992902907e-12 8.0790883332535089e-15 2.5776815627223463e-18 
1.2416908766919727e-08 8.5696556204260957e-08 1.5136154789534683e-07 7.8964710507828995e-08 2.8389367443620729e-08 6.0413577517220345e-09 7.1703334453462588e-10 3.8609086627655975e-11 5.5942591784686462e-13 4.1622085544646256e-16 
1.5565880542731239e-09 2.5303508250212555e-08 7.8964710507828995e-08 1.3015299414449365e-07 6.9135940336089411e-08 2.6450774111422543e-08 5.4906290532430693e-09 5.1845511274168944e-10 1.3909909742070748e-11 2.2862928976799764e-14 
1.3877510181743099e-10 4.6900353228688215e-09 2.8389367443620729e-08 6.9135940336089411e-08 1.1439311936998414e-07 5.9355692741742901e-08 2.1923717117472810e-08 3.6990209559201637e-09 1.8506497740933108e-10 6.6897107933132119e-13 
8.1379497515153088e-12 5.4978376193137309e-10 6.0413577517220345e-09 2.6450774111422543e-08 5.9355692741742901e-08 1.0210409478506417e-07 4.9847301723199215e-08 1.5703212691917335e-08 1.5424966480768944e-09 1.2889057244470720e-11 
2.6889996320234472e-13 3.6751212336371818e-11 7.1703334453462588e-10 5.4906290532430693e-09 2.1923717117472810e-08 4.9847301723199215e-08 9.1769756644934693e-08 3.9798323100581864e-08 8.3744626610483475e-09 1.8069018707164026e-10 
3.7760241342356989e-15 1.0897557992902907e-12 3.8609086627655975e-11 5.1845511274168944e-10 3.6990209559201637e-09 1.5703212691917335e-08 3.9798323100581864e-08 8.2233425737816148e-08 2.7912226501305516e-08 1.8809994592069196e-09 
1.2308413109774292e-17 8.0790883332535089e-15 5.5942591784686462e-13 1.3909909742070748e-11 1.8506497740933108e-10 1.5424966480768944e-09 8.3744626610483475e-09 2.7912226501305516e-08 7.2745979176988883e-08 1.3357132368172662e-08 
1.4795292629224769e-21 2.5776815627223463e-18 4.1622085544646256e-16 2.2862928976799764e-14 6.6897107933132119e-13 1.2889057244470720e-11 1.8069018707164026e-10 1.8809994592069196e-09 1.3357132368172662e-08 5.5908416066422670e-08 
