1.537694948635e-07 5.153287192891e-08 9.720013369376e-09 1.226651865320e-09 1.097248837507e-10 6.432854960635e-12 2.121655176850e-13 2.966379586236e-15 9.570149339381e-18 1.134487317793e-21 
5.153287192891e-08 1.480600356557e-07 6.743631648941e-08 1.998946698387e-08 3.708954238848e-09 4.341300251608e-10 2.895391189400e-11 8.527845369438e-13 6.266346266350e-15 1.968289250778e-18 
9.720013369376e-09 6.743631648941e-08 1.254565852783e-07 6.245212369809e-08 2.243250271922e-08 4.765687856108e-09 5.635820949028e-10 3.010996823100e-11 4.330156442107e-13 3.164554925440e-16 
1.226651865320e-09 1.998946698387e-08 6.245212369809e-08 1.087804095529e-07 5.456558653833e-08 2.083232820300e-08 4.301310416527e-09 4.031429845341e-10 1.074042966186e-11 1.730784457664e-14 
1.097248837507e-10 3.708954238848e-09 2.243250271922e-08 5.456558653833e-08 9.612112495239e-08 4.659755174820e-08 1.710423215536e-08 2.868662650877e-09 1.424057158758e-10 5.043325977881e-13 
6.432854960635e-12 4.341300251608e-10 4.765687856108e-09 2.083232820300e-08 4.659755174820e-08 8.592634906629e-08 3.873143702725e-08 1.214183373668e-08 1.180885209458e-09 9.679624909870e-12 
2.121655176850e-13 2.895391189400e-11 5.635820949028e-10 4.301310416527e-09 1.710423215536e-08 3.873143702725e-08 7.741012488084e-08 3.061981854111e-08 6.363975534553e-09 1.352120802853e-10 
2.966379586236e-15 8.527845369438e-13 3.010996823100e-11 4.031429845341e-10 2.868662650877e-09 1.214183373668e-08 3.061981854111e-08 6.939537255487e-08 2.102059740841e-08 1.401846432811e-09 
9.570149339381e-18 6.266346266350e-15 4.330156442107e-13 1.074042966186e-11 1.424057158758e-10 1.180885209458e-09 6.363975534553e-09 2.102059740841e-08 6.147544209384e-08 9.866865227406e-09 
1.134487317793e-21 1.968289250778e-18 3.164554925440e-16 1.730784457664e-14 5.043325977881e-13 9.679624909870e-12 1.352120802853e-10 1.401846432811e-09 9.866865227406e-09 4.818273041232e-08 
