1.8660493536362328e-07 6.3056509237196422e-08 1.1767948954071470e-08 1.4768664461177951e-09 1.3169986787775389e-10 7.7201047927048576e-12 2.5486489440967789e-13 3.5734697648935007e-15 1.1621050495300516e-17 1.3906858096225419e-21 
6.3056509237196422e-08 1.7353651424160512e-07 8.1290260507311973e-08 2.4013108896136231e-08 4.4500811754508316e-09 5.2131500005852910e-10 3.4808890146970517e-11 1.0304523784685669e-12 7.6212553820195876e-15 2.4208638352979488e-18 
1.1767948954071470e-08 8.1290260507311973e-08 1.4507867750953772e-07 7.4932351081722442e-08 2.6927388609220849e-08 5.7254586673790851e-09 6.7867559459858848e-10 3.6480694736785610e-11 5.2727598101718123e-13 3.9059061354539684e-16 
1.4768664461177951e-09 2.4013108896136231e-08 7.4932351081722442e-08 1.2491203023396257e-07 6.5539621061482990e-08 2.5050458376839462e-08 5.1929978100981182e-09 4.8949028092976108e-10 1.3098864994762529e-11 2.1438241180635660e-14 
1.3169986787775389e-10 4.4500811754508316e-09 2.6927388609220849e-08 6.5539621061482990e-08 1.0984524587936282e-07 5.6164016897883767e-08 2.0716882701495754e-08 3.4891457708234493e-09 1.7410232638883614e-10 6.2677650279532701e-13 
7.7201047927048576e-12 5.2131500005852910e-10 5.7254586673790851e-09 2.5050458376839462e-08 5.6164016897883767e-08 9.8054711792388679e-08 4.7051755714177710e-08 1.4794934261263281e-08 1.4494356126781577e-09 1.2065343333722207e-11 
2.5486489440967789e-13 3.4808890146970517e-11 6.7867559459858848e-10 5.1929978100981182e-09 2.0716882701495754e-08 4.7051755714177710e-08 8.8118789757729177e-08 3.7439404678190586e-08 7.8580156903800169e-09 1.6895983885178626e-10 
3.5734697648935007e-15 1.0304523784685669e-12 3.6480694736785610e-11 4.8949028092976108e-10 3.4891457708234493e-09 1.4794934261263281e-08 3.7439404678190586e-08 7.8932584732902387e-08 2.6144210129753811e-08 1.7562152602252902e-09 
1.1621050495300516e-17 7.6212553820195876e-15 5.2727598101718123e-13 1.3098864994762529e-11 1.7410232638883614e-10 1.4494356126781577e-09 7.8580156903800169e-09 2.6144210129753811e-08 6.9824909624779171e-08 1.2440406877696390e-08 
1.3906858096225419e-21 2.4208638352979488e-18 3.9059061354539684e-16 2.1438241180635660e-14 6.2677650279532701e-13 1.2065343333722207e-11 1.6895983885178626e-10 1.7562152602252902e-09 1.2440406877696390e-08 5.3910963389190672e-08 
