9.6127002756844193e-07 3.6709641404865750e-07 7.2627729977877041e-08 9.7022612920218665e-09 9.2144779287208197e-10 5.8149293765953505e-11 2.0598758588540778e-12 3.0431066691870501e-14 1.0531070238302037e-16 1.4418195319885565e-20 
3.6709641404865750e-07 9.1476029948099782e-07 5.2528534713298319e-07 1.6442497251048825e-07 3.2574127611696372e-08 4.0954264103478027e-09 2.8929134242696587e-10 8.9575345423996229e-12 7.0946454174350312e-14 2.5667316689500919e-17 
7.2627729977877041e-08 5.2528534713298319e-07 8.2130054304477928e-07 5.3794873733305044e-07 2.0607495912203104e-07 4.6440770642322962e-08 5.7544068392687250e-09 3.2351522228503541e-10 5.0407903604018723e-12 4.2236933531856988e-15 
9.7022612920218665e-09 1.6442497251048825e-07 5.3794873733305044e-07 7.6124805877786346e-07 5.2359693426627629e-07 2.0881311996296030e-07 4.4893424461419881e-08 4.4406145402325912e-09 1.2869802243399883e-10 2.3604419312216549e-13 
9.2144779287208197e-10 3.2574127611696372e-08 2.0607495912203104e-07 5.2359693426627629e-07 7.0463029783072131e-07 4.7991136459935732e-07 1.8330482348330173e-07 3.2560561338405463e-08 1.7612881801647299e-09 7.0178467854107617e-12 
5.8149293765953505e-11 4.0954264103478027e-09 4.6440770642322962e-08 2.0881311996296030e-07 4.7991136459935732e-07 6.4179044958021166e-07 4.2975278376224937e-07 1.4317700747420942e-07 1.5145982531467990e-08 1.3726293740301471e-10 
2.0598758588540778e-12 2.8929134242696587e-10 5.7544068392687250e-09 4.4893424461419881e-08 1.8330482348330173e-07 4.2975278376224937e-07 6.0039029887772949e-07 3.7916797077230709e-07 8.5122353498630266e-08 1.9519720232984420e-09 
3.0431066691870501e-14 8.9575345423996229e-12 3.2351522228503541e-10 4.4406145402325912e-09 3.2560561338405463e-08 1.4317700747420942e-07 3.7916797077230709e-07 5.6962397372179886e-07 2.9409501022353472e-07 2.0580334710663082e-08 
1.0531070238302037e-16 7.0946454174350312e-14 5.0407903604018723e-12 1.2869802243399883e-10 1.7612881801647299e-09 1.5145982531467990e-08 8.5122353498630266e-08 2.9409501022353472e-07 5.1216857790042523e-07 1.4725639461527902e-07 
1.4418195319885565e-20 2.5667316689500919e-17 4.2236933531856988e-15 2.3604419312216549e-13 7.0178467854107617e-12 1.3726293740301471e-10 1.9519720232984420e-09 2.0580334710663082e-08 1.4725639461527902e-07 3.3307776243144560e-07 
