5.6484328285512684e-07 1.9817982295707275e-07 3.7575184968847485e-08 4.8693918196505602e-09 4.5161602705802765e-10 2.7685928771679868e-11 9.5997287080027402e-13 1.4211821035544479e-14 4.9752944913460819e-17 6.4632504462292905e-21 
1.9817982295707275e-07 4.9018096611690343e-07 2.6547780876519756e-07 8.1237604566678471e-08 1.5683769837778900e-08 1.9225225731408893e-09 1.3459117194216935e-10 4.2095738994898594e-12 3.3375753668073654e-14 1.1373700098521542e-17 
3.7575184968847485e-08 2.6547780876519756e-07 4.2136276782147965e-07 2.6101274259317598e-07 9.7571113004765600e-08 2.1643655105975542e-08 2.6854084333963101e-09 1.5263999413781554e-10 2.3508925291858075e-12 1.8549460482884170e-15 
4.8693918196505602e-09 8.1237604566678471e-08 2.6101274259317598e-07 3.7646512836440283e-07 2.4470865649865462e-07 9.7180747358942676e-08 2.1061011191630662e-08 2.0960588811919990e-09 5.9308120267303312e-11 1.0302096173232396e-13 
4.5161602705802765e-10 1.5683769837778900e-08 9.7571113004765600e-08 2.4470865649865462e-07 3.4289083266673523e-07 2.2438154756894581e-07 8.6449458227306151e-08 1.5296431429841929e-08 7.9985056564647362e-10 3.0535237085927423e-12 
2.7685928771679868e-11 1.9225225731408893e-09 2.1643655105975542e-08 9.7180747358942676e-08 2.2438154756894581e-07 3.1725082598914034e-07 2.0276453765261767e-07 6.6419804608933202e-08 6.7635236905421837e-09 5.9779437826904080e-11 
9.5997287080027402e-13 1.3459117194216935e-10 2.6854084333963101e-09 2.1061011191630662e-08 8.6449458227306151e-08 2.0276453765261767e-07 2.9508366356846194e-07 1.7207918308013672e-07 3.7392710386069362e-08 8.5605190106926964e-10 
1.4211821035544479e-14 4.2095738994898594e-12 1.5263999413781554e-10 2.0960588811919990e-09 1.5296431429841929e-08 6.6419804608933202e-08 1.7207918308013672e-07 2.6748091177564457e-07 1.2812401878621717e-07 9.1858421824025510e-09 
4.9752944913460819e-17 3.3375753668073654e-14 2.3508925291858075e-12 5.9308120267303312e-11 7.9985056564647362e-10 6.7635236905421837e-09 3.7392710386069362e-08 1.2812401878621717e-07 2.4229394564003149e-07 6.7982828005069974e-08 
6.4632504462292905e-21 1.1373700098521542e-17 1.8549460482884170e-15 1.0302096173232396e-13 3.0535237085927423e-12 5.9779437826904080e-11 8.5605190106926964e-10 9.1858421824025510e-09 6.7982828005069974e-08 1.7374629508330586e-07 
