1.2280147580212863e-07 4.0354238472464081e-08 7.7298122215182650e-09 9.8469520208727927e-10 8.8541645454803183e-11 5.2088725884139979e-12 1.7187827624663339e-13 2.3983004661964498e-15 7.7134021912102598e-18 9.0150701204291148e-22 
4.0354238472464081e-08 1.2329717207465363e-07 5.4018047718122870e-08 1.6107451672005204e-08 2.9996169410682198e-09 3.5178015890352142e-10 2.3430383953749087e-11 6.8912961190443187e-13 5.0353093548279726e-15 1.5619056761541539e-18 
7.7298122215182650e-09 5.4018047718122870e-08 1.0651839171592018e-07 5.0462497169989363e-08 1.8170577949304677e-08 3.8600400446305811e-09 4.5573354660006996e-10 2.4308412341901075e-11 3.4681646307594375e-13 2.5082480580945602e-16 
9.8469520208727927e-10 1.6107451672005204e-08 5.0462497169989363e-08 9.3456811181490511e-08 4.4212006418649470e-08 1.6856400036242813e-08 3.4762783527097839e-09 3.2485202928094421e-10 8.5757484940505366e-12 1.3699490628978813e-14 
8.8541645454803183e-11 2.9996169410682198e-09 1.8170577949304677e-08 4.4212006418649470e-08 8.3172801456100275e-08 3.7671383523519519e-08 1.3810199808135771e-08 2.3043873494577621e-09 1.1338772892528302e-10 3.9838450156348322e-13 
5.2088725884139979e-12 3.5178015890352142e-10 3.8600400446305811e-09 1.6856400036242813e-08 3.7671383523519519e-08 7.4829093666388634e-08 3.1188922822300979e-08 9.7113920036747789e-09 9.3795498693531232e-10 7.6215755097459019e-12 
1.7187827624663339e-13 2.3430383953749087e-11 4.5573354660006996e-10 3.4762783527097839e-09 1.3810199808135771e-08 3.1188922822300979e-08 6.7620794234326610e-08 2.4378454352067366e-08 5.0426582731580978e-09 1.0590215915435934e-10 
2.3983004661964498e-15 6.8912961190443187e-13 2.4308412341901075e-11 3.2485202928094421e-10 2.3043873494577621e-09 9.7113920036747789e-09 2.4378454352067366e-08 6.0878675751032706e-08 1.6583643423439523e-08 1.0886800915273069e-09 
7.7134021912102598e-18 5.0353093548279726e-15 3.4681646307594375e-13 8.5757484940505366e-12 1.1338772892528302e-10 9.3795498693531232e-10 5.0426582731580978e-09 1.6583643423439523e-08 5.4158166214488516e-08 7.5776577684302369e-09 
9.0150701204291148e-22 1.5619056761541539e-18 2.5082480580945602e-16 1.3699490628978813e-14 3.9838450156348322e-13 7.6215755097459019e-12 1.0590215915435934e-10 1.0886800915273069e-09 7.5776577684302369e-09 4.3404116330945163e-08 
