8.328549441656e-08 2.503518942421e-08 4.951899363581e-09 6.452609517195e-10 5.894373603521e-11 3.510507722408e-12 1.168539062997e-13 1.638140374589e-15 5.287359217308e-18 6.122651314035e-22 
2.503518942421e-08 8.881003907817e-08 3.520303067607e-08 1.067276704179e-08 2.012563513530e-09 2.384011465294e-10 1.596863079103e-11 4.716360738043e-13 3.448058833205e-15 1.059277573825e-18 
4.951899363581e-09 3.520303067607e-08 7.998636545729e-08 3.374930491815e-08 1.227242359072e-08 2.625014679363e-09 3.111641067646e-10 1.665607137180e-11 2.370488032839e-13 1.698939566490e-16 
6.452609517195e-10 1.067276704179e-08 3.374930491815e-08 7.221813226792e-08 3.002063533040e-08 1.149138107683e-08 2.377838585895e-09 2.226285043541e-10 5.848528305091e-12 9.265625637610e-15 
5.894373603521e-11 2.012563513530e-09 1.227242359072e-08 3.002063533040e-08 6.565816471032e-08 2.573985920449e-08 9.461541857109e-09 1.577566617779e-09 7.714992437563e-11 2.688967687410e-13 
3.510507722408e-12 2.384011465294e-10 2.625014679363e-09 1.149138107683e-08 2.573985920449e-08 6.013707432796e-08 2.137241144037e-08 6.631230166194e-09 6.367225100125e-10 5.128290367726e-12 
1.168539062997e-13 1.596863079103e-11 3.111641067646e-10 2.377838585895e-09 9.461541857109e-09 2.137241144037e-08 5.514711473855e-08 1.658601281146e-08 3.414636344093e-09 7.089248839065e-11 
1.638140374589e-15 4.716360738043e-13 1.665607137180e-11 2.226285043541e-10 1.577566617779e-09 6.631230166194e-09 1.658601281146e-08 5.035507918316e-08 1.118019315983e-08 7.222098333724e-10 
5.287359217308e-18 3.448058833205e-15 2.370488032839e-13 5.848528305091e-12 7.714992437563e-11 6.367225100125e-10 3.414636344093e-09 1.118019315983e-08 4.550434815615e-08 4.952322776672e-09 
6.122651314035e-22 1.059277573825e-18 1.698939566490e-16 9.265625637610e-15 2.688967687410e-13 5.128290367726e-12 7.089248839065e-11 7.222098333724e-10 4.952322776672e-09 3.793127215075e-08 
