1.537593084138e-07 5.152858573281e-08 9.719199361086e-09 1.226548049921e-09 1.097154621210e-10 6.432291536787e-12 2.121463789165e-13 2.966076491611e-15 9.568441989163e-18 1.134287270900e-21 
5.152858573281e-08 1.480500125737e-07 6.743062761354e-08 1.998775940734e-08 3.708631997383e-09 4.340914251920e-10 2.895120110605e-11 8.526815388275e-13 6.265032952211e-15 1.967990434547e-18 
9.719199361086e-09 6.743062761354e-08 1.254482952454e-07 6.244672582115e-08 2.243052735893e-08 4.765255620925e-09 5.635252753073e-10 3.010553202983e-11 4.329187951550e-13 3.164133453083e-16 
1.226548049921e-09 1.998775940734e-08 6.244672582115e-08 1.087733366862e-07 5.456069234624e-08 2.083035810344e-08 4.300812904644e-09 4.030709961346e-10 1.073806793223e-11 1.730575498487e-14 
1.097154621210e-10 3.708631997383e-09 2.243052735893e-08 5.456069234624e-08 9.611479491082e-08 4.659264285830e-08 1.710176756984e-08 2.868064499993e-09 1.423771790367e-10 5.042753144154e-13 
6.432291536787e-12 4.340914251920e-10 4.765255620925e-09 2.083035810344e-08 4.659264285830e-08 8.591860494781e-08 3.872417319548e-08 1.213913575675e-08 1.180686251457e-09 9.678556641065e-12 
2.121463789165e-13 2.895120110605e-11 5.635252753073e-10 4.300812904644e-09 1.710176756984e-08 3.872417319548e-08 7.739921191237e-08 3.061372562820e-08 6.363122816518e-09 1.351972180118e-10 
2.966076491611e-15 8.526815388275e-13 3.010553202983e-11 4.030709961346e-10 2.868064499993e-09 1.213913575675e-08 3.061372562820e-08 6.938932626479e-08 2.101821200587e-08 1.401690434229e-09 
9.568441989163e-18 6.265032952211e-15 4.329187951550e-13 1.073806793223e-11 1.423771790367e-10 1.180686251457e-09 6.363122816518e-09 2.101821200587e-08 6.147176174010e-08 9.865740181214e-09 
1.134287270900e-21 1.967990434547e-18 3.164133453083e-16 1.730575498487e-14 5.042753144154e-13 9.678556641065e-12 1.351972180118e-10 1.401690434229e-09 9.865740181214e-09 4.818035584527e-08 
