4.067671183038e-07 1.387748204266e-07 2.571632495218e-08 3.250044807444e-09 2.949231532856e-10 1.772188807687e-11 6.032780287939e-13 8.785754165763e-15 2.997125779359e-17 3.852519638159e-21 
1.387748204266e-07 3.458325396910e-07 1.783713874207e-07 5.341896437706e-08 1.011465753219e-08 1.217254833659e-09 8.390495911138e-11 2.579300055496e-12 1.996075950101e-14 6.786760964796e-18 
2.571632495218e-08 1.783713874207e-07 2.875106189645e-07 1.692110117619e-07 6.219863576589e-08 1.358710646936e-08 1.662539542401e-09 9.272001370897e-11 1.400529569481e-12 1.106724495638e-15 
3.250044807444e-09 5.341896437706e-08 1.692110117619e-07 2.507608362874e-07 1.542523588642e-07 6.052191003596e-08 1.293552520163e-08 1.262770966323e-09 3.528673077084e-11 6.135320994333e-14 
2.949231532856e-10 1.011465753219e-08 6.219863576589e-08 1.542523588642e-07 2.245590338709e-07 1.385010824365e-07 5.256507061074e-08 9.148743152561e-09 4.761514240886e-10 1.811271850487e-12 
1.772188807687e-11 1.217254833659e-09 1.358710646936e-08 6.052191003596e-08 1.385010824365e-07 2.044934299142e-07 1.218887462689e-07 3.954514504747e-08 4.032153058506e-09 3.522513796466e-11 
6.032780287939e-13 8.390495911138e-11 1.662539542401e-09 1.293552520163e-08 5.256507061074e-08 1.218887462689e-07 1.872513739324e-07 1.024511893319e-07 2.228881283998e-08 4.993696668330e-10 
8.785754165763e-15 2.579300055496e-12 9.272001370897e-11 1.262770966323e-09 9.148743152561e-09 3.954514504747e-08 1.024511893319e-07 1.709290365047e-07 7.579670821347e-08 5.284716955582e-09 
2.997125779359e-17 1.996075950101e-14 1.400529569481e-12 3.528673077084e-11 4.761514240886e-10 4.032153058506e-09 2.228881283998e-08 7.579670821347e-08 1.522552997190e-07 3.864417253965e-08 
3.852519638159e-21 6.786760964796e-18 1.106724495638e-15 6.135320994333e-14 1.811271850487e-12 3.522513796466e-11 4.993696668330e-10 5.284716955582e-09 3.864417253965e-08 1.117468258548e-07 
