7.515238162443e-08 2.169351638393e-08 4.331032652295e-09 5.682094799351e-10 5.224004779229e-11 3.122467982712e-12 1.043405168269e-13 1.469385548623e-15 4.736139342459e-18 5.515757966660e-22 
2.169351638393e-08 8.112912811993e-08 3.094755708610e-08 9.438571180275e-09 1.788359628106e-09 2.124295800462e-10 1.430112786682e-11 4.227667750839e-13 3.093332358104e-15 9.527689362587e-19 
4.331032652295e-09 3.094755708610e-08 7.395631003685e-08 2.996233618935e-08 1.092253163850e-08 2.344947599147e-09 2.790187547815e-10 1.491991803587e-11 2.130992843965e-13 1.524876559792e-16 
5.682094799351e-10 9.438571180275e-09 2.996233618935e-08 6.736365136778e-08 2.678019283736e-08 1.029344138969e-08 2.131931546355e-09 1.994706582014e-10 5.266522117053e-12 8.298191902591e-15 
5.224004779229e-11 1.788359628106e-09 1.092253163850e-08 2.678019283736e-08 6.173530575846e-08 2.308455416848e-08 8.476038715947e-09 1.415615616590e-09 6.952018071263e-11 2.403978897582e-13 
3.122467982712e-12 2.124295800462e-10 2.344947599147e-09 1.029344138969e-08 2.308455416848e-08 5.681629050945e-08 1.915350142808e-08 5.965831622860e-09 5.731849343934e-10 4.580860528385e-12 
1.043405168269e-13 1.430112786682e-11 2.790187547815e-10 2.131931546355e-09 8.476038715947e-09 1.915350142808e-08 5.242282783521e-08 1.494558955762e-08 3.064106487936e-09 6.336641174749e-11 
1.469385548623e-15 4.227667750839e-13 1.491991803587e-11 1.994706582014e-10 1.415615616590e-09 5.965831622860e-09 1.494558955762e-08 4.811031216455e-08 9.995150063873e-09 6.472458353274e-10 
4.736139342459e-18 3.093332358104e-15 2.130992843965e-13 5.266522117053e-12 6.952018071263e-11 5.731849343934e-10 3.064106487936e-09 9.995150063873e-09 4.368901104598e-08 4.443578543648e-09 
5.515757966660e-22 9.527689362587e-19 1.524876559792e-16 8.298191902591e-15 2.403978897582e-13 4.580860528385e-12 6.336641174749e-11 6.472458353274e-10 4.443578543648e-09 3.683000633354e-08 
