1.344790433021e-07 4.460017264995e-08 8.486999924005e-09 1.076921448095e-09 9.656158375623e-11 5.674412832846e-12 1.871409416990e-13 2.609907291709e-15 8.424877827538e-18 9.860819223850e-22 
4.460017264995e-08 1.327173040327e-07 5.912976923648e-08 1.758217268196e-08 3.268345742823e-09 3.831577362391e-10 2.549503699954e-11 7.508909788337e-13 5.501652863207e-15 1.711324814544e-18 
8.486999924005e-09 5.912976923648e-08 1.137215880893e-07 5.499856958963e-08 1.979357235699e-08 4.202377296173e-09 4.959461540327e-10 2.652243234134e-11 3.788784052295e-13 2.753843730618e-16 
1.076921448095e-09 1.758217268196e-08 5.499856958963e-08 9.928669452344e-08 4.814696878388e-08 1.834188368177e-08 3.786432807148e-09 3.547750061340e-10 9.367739497674e-12 1.507372436585e-14 
9.656158375623e-11 3.268345742823e-09 1.979357235699e-08 4.814696878388e-08 8.802111943161e-08 4.100492027943e-08 1.506564867195e-08 2.517610525768e-09 1.239177963028e-10 4.392538706884e-13 
5.674412832846e-12 3.831577362391e-10 4.202377296173e-09 1.834188368177e-08 4.100492027943e-08 7.904476736786e-08 3.406843124350e-08 1.060865068849e-08 1.026700489120e-09 8.418028524564e-12 
1.871409416990e-13 2.549503699954e-11 4.959461540327e-10 3.786432807148e-09 1.506564867195e-08 3.406843124350e-08 7.126448313363e-08 2.664327539810e-08 5.537997822142e-09 1.170993601656e-10 
2.609907291709e-15 7.508909788337e-13 2.652243234134e-11 3.547750061340e-10 2.517610525768e-09 1.060865068849e-08 2.664327539810e-08 6.403414158080e-08 1.829274415886e-08 1.203951802339e-09 
8.424877827538e-18 5.501652863207e-15 3.788784052295e-13 9.367739497674e-12 1.239177963028e-10 1.026700489120e-09 5.537997822142e-09 1.829274415886e-08 5.690128529608e-08 8.387824706745e-09 
9.860819223850e-22 1.711324814544e-18 2.753843730618e-16 1.507372436585e-14 4.392538706884e-13 8.418028524564e-12 1.170993601656e-10 1.203951802339e-09 8.387824706745e-09 4.520643403036e-08 
