6.858396326771e-08 1.893571219007e-08 3.813366429970e-09 5.039268717074e-10 4.654763415665e-11 2.798002075589e-12 9.375410130691e-14 1.323995342089e-15 4.289968408404e-18 4.987834015302e-22 
1.893571219007e-08 7.473518382081e-08 2.739757437368e-08 8.398309964447e-09 1.598911160678e-09 1.907549967028e-10 1.285849620060e-11 3.820667201581e-13 2.798868969035e-15 8.631124366776e-19 
3.813366429970e-09 2.739757437368e-08 6.888901704394e-08 2.674765046502e-08 9.796189909183e-09 2.107192836733e-09 2.513101988080e-10 1.350676396366e-11 1.925558699559e-13 1.383751360701e-16 
5.039268717074e-10 8.398309964447e-09 2.674765046502e-08 6.330578312875e-08 2.405947827546e-08 9.257187734986e-09 1.925071306837e-09 1.806327465387e-10 4.755521600343e-12 7.539581672529e-15 
4.654763415665e-11 1.598911160678e-09 9.796189909183e-09 2.405947827546e-08 5.834975762358e-08 2.081143037097e-08 7.671865978290e-09 1.280684150655e-09 6.279915797542e-11 2.185044172833e-13 
2.798002075589e-12 1.907549967028e-10 2.107192836733e-09 9.257187734986e-09 2.081143037097e-08 5.408916070893e-08 1.734287088360e-08 5.388980302220e-09 5.186717309654e-10 4.159945101744e-12 
9.375410130691e-14 1.285849620060e-11 2.513101988080e-10 1.925071306837e-09 7.671865978290e-09 1.734287088360e-08 5.009019091331e-08 1.350155616406e-08 2.780316474689e-09 5.738816970275e-11 
1.323995342089e-15 3.820667201581e-13 1.350676396366e-11 1.806327465387e-10 1.280684150655e-09 5.388980302220e-09 1.350155616406e-08 4.624772447715e-08 9.079563252536e-09 5.834514704949e-10 
4.289968408404e-18 2.798868969035e-15 1.925558699559e-13 4.755521600343e-12 6.279915797542e-11 5.186717309654e-10 2.780316474689e-09 9.079563252536e-09 4.219641326183e-08 3.994318339058e-09 
4.987834015302e-22 8.631124366776e-19 1.383751360701e-16 7.539581672529e-15 2.185044172833e-13 4.159945101744e-12 5.738816970275e-11 5.834514704949e-10 3.994318339058e-09 3.597128834075e-08 
