7.760888945439e-07 2.850142605979e-07 5.545737979633e-08 7.338416931090e-09 6.938590723850e-10 4.310332796509e-11 1.503284411643e-12 2.264662154945e-14 8.085544204422e-17 1.042711167300e-20 
2.850142605979e-07 7.070344125712e-07 3.979586819340e-07 1.240236261013e-07 2.432066612165e-08 3.002809832515e-09 2.122310949843e-10 6.773984364991e-12 5.428248857222e-14 1.830438476784e-17 
5.545737979633e-08 3.979586819340e-07 6.267965356309e-07 4.033462251002e-07 1.521045321396e-07 3.393191812924e-08 4.270792230980e-09 2.471340055748e-10 3.819360955289e-12 2.978210992884e-15 
7.338416931090e-09 1.240236261013e-07 4.033462251002e-07 5.706806458012e-07 3.828195830619e-07 1.534189237643e-07 3.380173484086e-08 3.404992452342e-09 9.616330430979e-11 1.650087884582e-13 
6.938590723850e-10 2.432066612165e-08 1.521045321396e-07 3.828195830619e-07 5.239239985378e-07 3.581659704872e-07 1.398788662634e-07 2.487029662574e-08 1.293506643273e-09 4.878934602613e-12 
4.310332796509e-11 3.002809832515e-09 3.393191812924e-08 1.534189237643e-07 3.581659704872e-07 4.949987046938e-07 3.295762921571e-07 1.078146522305e-07 1.090173921614e-08 9.528796178616e-11 
1.503284411643e-12 2.122310949843e-10 4.270792230980e-09 3.380173484086e-08 1.398788662634e-07 3.295762921571e-07 4.617786785322e-07 2.782548709495e-07 6.001673364945e-08 1.361858732452e-09 
2.264662154945e-14 6.773984364991e-12 2.471340055748e-10 3.404992452342e-09 2.487029662574e-08 1.078146522305e-07 2.782548709495e-07 4.129579207846e-07 2.045703218053e-07 1.461465855369e-08 
8.085544204422e-17 5.428248857222e-14 3.819360955289e-12 9.616330430979e-11 1.293506643273e-09 1.090173921614e-08 6.001673364945e-08 2.045703218053e-07 3.688054927030e-07 1.090652872022e-07 
1.042711167300e-20 1.830438476784e-17 2.978210992884e-15 1.650087884582e-13 4.878934602613e-12 9.528796178616e-11 1.361858732452e-09 1.461465855369e-08 1.090652872022e-07 2.685341676595e-07 
