7.170014266280e-08 2.025281729849e-08 4.061134275178e-09 5.347183524275e-10 4.927961560629e-11 2.954180564181e-12 9.878294504851e-14 1.394513690227e-15 4.501400895456e-18 5.245966859689e-22 
2.025281729849e-08 7.779352519197e-08 2.909950972709e-08 8.896446660973e-09 1.690174967097e-09 2.010966371326e-10 1.354933950725e-11 4.018252662089e-13 2.937115281116e-15 9.071560866948e-19 
4.061134275178e-09 2.909950972709e-08 7.131432593991e-08 2.829463540063e-08 1.033670523129e-08 2.220339561378e-09 2.647094252564e-10 1.418582136114e-11 2.022319453687e-13 1.452905946083e-16 
5.347183524275e-10 8.896446660973e-09 2.829463540063e-08 6.525662696152e-08 2.535423077748e-08 9.754023321862e-09 2.025479452674e-09 1.895674346773e-10 4.998969844118e-12 7.907821616812e-15 
4.927961560629e-11 1.690174967097e-09 1.033670523129e-08 2.535423077748e-08 5.996836207810e-08 2.191397810624e-08 8.058863578129e-09 1.344161029209e-09 6.604758769136e-11 2.289649378673e-13 
2.954180564181e-12 2.010966371326e-10 2.220339561378e-09 9.754023321862e-09 2.191397810624e-08 5.540691627275e-08 1.819862555253e-08 5.662063504951e-09 5.453300686578e-10 4.357088799696e-12 
9.878294504851e-14 1.354933950725e-11 2.647094252564e-10 2.025479452674e-09 8.058863578129e-09 1.819862555253e-08 5.118954005008e-08 1.420000486203e-08 2.918895825423e-09 6.014153688310e-11 
1.394513690227e-15 4.018252662089e-13 1.418582136114e-11 1.895674346773e-10 1.344161029209e-09 5.662063504951e-09 1.420000486203e-08 4.716026705414e-08 9.514186938442e-09 6.130021895686e-10 
4.501400895456e-18 2.937115281116e-15 2.022319453687e-13 4.998969844118e-12 6.604758769136e-11 5.453300686578e-10 2.918895825423e-09 9.514186938442e-09 4.288670023060e-08 4.211837282665e-09 
5.245966859689e-22 9.071560866948e-19 1.452905946083e-16 7.907821616812e-15 2.289649378673e-13 4.357088799696e-12 6.014153688310e-11 6.130021895686e-10 4.211837282665e-09 3.638582188351e-08 
