5.882647155414e-08 1.470728652146e-08 3.007811968913e-09 4.023491647987e-10 3.757567197109e-11 2.277002316045e-12 7.688886144590e-14 1.094874775775e-15 3.559321608761e-18 4.175600721119e-22 
1.470728652146e-08 6.480914462332e-08 2.180835559568e-08 6.755105736524e-09 1.297723073229e-09 1.558762622636e-10 1.059536319564e-11 3.163626802996e-13 2.327550918554e-15 7.221489406211e-19 
3.007811968913e-09 2.180835559568e-08 6.087813716046e-08 2.166401726212e-08 7.984041699667e-09 1.729305554649e-09 2.076773279946e-10 1.119324585777e-11 1.605406890469e-13 1.156565673789e-16 
4.023491647987e-10 6.755105736524e-09 2.166401726212e-08 5.678763586015e-08 1.970049759759e-08 7.631181448229e-09 1.593503923667e-09 1.498986973443e-10 3.973582305390e-12 6.294460769935e-15 
3.757567197109e-11 1.297723073229e-09 7.984041699667e-09 1.970049759759e-08 5.303026818131e-08 1.721300961978e-08 6.357265308809e-09 1.065296317306e-09 5.254676618699e-11 1.822424816746e-13 
2.277002316045e-12 1.558762622636e-10 1.729305554649e-09 7.631181448229e-09 1.721300961978e-08 4.964700989831e-08 1.439907548473e-08 4.497433337281e-09 4.340647323665e-10 3.468018924334e-12 
7.688886144590e-14 1.059536319564e-11 2.076773279946e-10 1.593503923667e-09 6.357265308809e-09 1.439907548473e-08 4.644932174730e-08 1.129756560384e-08 2.323510898854e-09 4.786999102680e-11 
1.094874775775e-15 3.163626802996e-13 1.119324585777e-11 1.498986973443e-10 1.065296317306e-09 4.497433337281e-09 1.129756560384e-08 4.329392663514e-08 7.572898410709e-09 4.876713919451e-10 
3.559321608761e-18 2.327550918554e-15 1.605406890469e-13 3.973582305390e-12 5.254676618699e-11 4.340647323665e-10 2.323510898854e-09 7.572898410709e-09 3.988836959615e-08 3.340027036801e-09 
4.175600721119e-22 7.221489406211e-19 1.156565673789e-16 6.294460769935e-15 1.822424816746e-13 3.468018924334e-12 4.786999102680e-11 4.876713919451e-10 3.340027036801e-09 3.463251102645e-08 
