6.323966809347e-08 1.663428550907e-08 3.377418469719e-09 4.491673906333e-10 4.172740220407e-11 2.516302797263e-12 8.480188287210e-14 1.200081337450e-15 3.899417556465e-18 4.544272317546e-22 
1.663428550907e-08 6.935940953508e-08 2.437839442019e-08 7.516041989122e-09 1.436260669393e-09 1.720819130000e-10 1.165305291988e-11 3.462458551766e-13 2.550748329227e-15 7.851401518907e-19 
3.377418469719e-09 2.437839442019e-08 6.458658524001e-08 2.400821441286e-08 8.819406935923e-09 1.906371415717e-09 2.277947023630e-10 1.225340089476e-11 1.757705607393e-13 1.257497699765e-16 
4.491673906333e-10 7.516041989122e-09 2.400821441286e-08 5.978630866375e-08 2.173644640393e-08 8.389914720851e-09 1.744709026725e-09 1.642062481065e-10 4.342505052975e-12 6.850431512742e-15 
4.172740220407e-11 1.436260669393e-09 8.819406935923e-09 2.173644640393e-08 5.551993661661e-08 1.886268408828e-08 6.958911492815e-09 1.167151653573e-09 5.729499441480e-11 1.986783957996e-13 
2.516302797263e-12 1.720819130000e-10 1.906371415717e-09 8.389914720851e-09 1.886268408828e-08 5.167272966938e-08 1.577632503940e-08 4.920062907655e-09 4.723306338461e-10 3.788659501089e-12 
8.480188287210e-14 1.165305291988e-11 2.277947023630e-10 1.744709026725e-09 6.958911492815e-09 1.577632503940e-08 4.817930742788e-08 1.231701535477e-08 2.527420227313e-09 5.238744191518e-11 
1.200081337450e-15 3.462458551766e-13 1.225340089476e-11 1.642062481065e-10 1.167151653573e-09 4.920062907655e-09 1.231701535477e-08 4.461477543672e-08 8.261437228351e-09 5.335473176475e-10 
3.899417556465e-18 2.550748329227e-15 1.757705607393e-13 4.342505052975e-12 5.729499441480e-11 4.723306338461e-10 2.527420227313e-09 8.261437228351e-09 4.098787362640e-08 3.638563637071e-09 
4.544272317546e-22 7.851401518907e-19 1.257497699765e-16 6.850431512742e-15 1.986783957996e-13 3.788659501089e-12 5.238744191518e-11 5.335473176475e-10 3.638563637071e-09 3.522307695055e-08 
