8.814416414809e-08 2.698901237860e-08 5.309933972702e-09 6.891656940333e-10 6.279230291731e-11 3.731931281382e-12 1.238809290597e-13 1.737645122146e-15 5.590654348999e-18 6.497778773726e-22 
2.698901237860e-08 9.324752780778e-08 3.763815447557e-08 1.137663407767e-08 2.141531817464e-09 2.529809154773e-10 1.693132414062e-11 4.999711238804e-13 3.643676465147e-15 1.124501807789e-18 
5.309933972702e-09 3.763815447557e-08 8.341900921939e-08 3.593073115283e-08 1.303770312588e-08 2.783116790169e-09 3.300204155388e-10 1.763438774449e-11 2.506280236972e-13 1.802806097509e-16 
6.891656940333e-10 1.137663407767e-08 3.593073115283e-08 7.498183392421e-08 3.183798581922e-08 1.218448421494e-08 2.521157639391e-09 2.354269056517e-10 6.191125950785e-12 9.823130162076e-15 
6.279230291731e-11 2.141531817464e-09 1.303770312588e-08 3.183798581922e-08 6.791299007090e-08 2.730007191545e-08 1.001892479033e-08 1.667394921084e-09 8.178675533946e-11 2.847434822800e-13 
3.731931281382e-12 2.529809154773e-10 2.783116790169e-09 1.218448421494e-08 2.730007191545e-08 6.203367551168e-08 2.259475805943e-08 7.014900312581e-09 6.756922331965e-10 5.424447012534e-12 
1.238809290597e-13 1.693132414062e-11 3.300204155388e-10 2.521157639391e-09 1.001892479033e-08 2.259475805943e-08 5.669160759578e-08 1.758408252883e-08 3.622419160971e-09 7.495175701113e-11 
1.737645122146e-15 4.999711238804e-13 1.763438774449e-11 2.354269056517e-10 1.667394921084e-09 7.014900312581e-09 1.758408252883e-08 5.171124780402e-08 1.183549535714e-08 7.649742121756e-10 
5.590654348999e-18 3.643676465147e-15 2.506280236972e-13 6.191125950785e-12 8.178675533946e-11 6.756922331965e-10 3.622419160971e-09 1.183549535714e-08 4.651237542523e-08 5.278968305928e-09 
6.497778773726e-22 1.124501807789e-18 1.802806097509e-16 9.823130162076e-15 2.847434822800e-13 5.424447012534e-12 7.495175701113e-11 7.649742121756e-10 5.278968305928e-09 3.859363387169e-08 
