7.700030885249e-08 2.246293510227e-08 4.474999271861e-09 5.861526141506e-10 5.380788407399e-11 3.212110831492e-12 1.072949132608e-13 1.508391917633e-15 4.864705366457e-18 5.654559952038e-22 
2.246293510227e-08 8.290861767727e-08 3.193633963834e-08 9.727405425952e-09 1.840352374265e-09 2.184930949719e-10 1.469415969303e-11 4.339028948045e-13 3.177948687463e-15 9.765641233167e-19 
4.474999271861e-09 3.193633963834e-08 7.536692903757e-08 3.084395310908e-08 1.123533376501e-08 2.411006638864e-09 2.864821778133e-10 1.531796843413e-11 2.188655609700e-13 1.563268520677e-16 
5.861526141506e-10 9.727405425952e-09 3.084395310908e-08 6.848676160489e-08 2.754113698934e-08 1.057531196935e-08 2.188195172339e-09 2.048759156556e-10 5.405828840631e-12 8.511818720849e-15 
5.380788407399e-11 1.840352374265e-09 1.123533376501e-08 2.754113698934e-08 6.266106901828e-08 2.369678764833e-08 8.701724631611e-09 1.454205129539e-09 7.130956594807e-11 2.467874954180e-13 
3.212110831492e-12 2.184930949719e-10 2.411006638864e-09 1.057531196935e-08 2.369678764833e-08 5.757417487535e-08 1.967453108314e-08 6.125656372586e-09 5.876277752753e-10 4.706849809332e-12 
1.072949132608e-13 1.469415969303e-11 2.864821778133e-10 2.188195172339e-09 8.701724631611e-09 1.967453108314e-08 5.307777473250e-08 1.532972631309e-08 3.141883162926e-09 6.515286279782e-11 
1.508391917633e-15 4.339028948045e-13 1.531796843413e-11 2.048759156556e-10 1.454205129539e-09 6.125656372586e-09 1.532972631309e-08 4.861120436163e-08 1.026370481216e-08 6.653701755329e-10 
4.864705366457e-18 3.177948687463e-15 2.188655609700e-13 5.405828840631e-12 7.130956594807e-11 5.876277752753e-10 3.141883162926e-09 1.026370481216e-08 4.412354263409e-08 4.561239200143e-09 
5.654559952038e-22 9.765641233167e-19 1.563268520677e-16 8.511818720849e-15 2.467874954180e-13 4.706849809332e-12 6.515286279782e-11 6.653701755329e-10 4.561239200143e-09 3.707088478454e-08 
