7.337226188308e-08 2.095038736288e-08 4.192135187397e-09 5.510155175212e-10 5.072457667368e-11 3.036188825556e-12 1.014820034478e-13 1.431285426536e-15 4.615023483761e-18 5.379411902397e-22 
2.095038736288e-08 7.941120046902e-08 2.999873495249e-08 9.160608623659e-09 1.738117242255e-09 2.065988032806e-10 1.391679111910e-11 4.120743583405e-13 3.012851870570e-15 9.296462450337e-19 
4.192135187397e-09 2.999873495249e-08 7.260099409826e-08 2.910926206959e-08 1.062175489860e-08 2.280929335217e-09 2.717289901146e-10 1.454287971042e-11 2.075342945154e-13 1.488152973743e-16 
5.510155175212e-10 9.160608623659e-09 2.910926206959e-08 6.628286983117e-08 2.604646584564e-08 1.001780496307e-08 2.077636219811e-09 1.943663113852e-10 5.130434540079e-12 8.097183805109e-15 
5.072457667368e-11 1.738117242255e-09 1.062175489860e-08 2.604646584564e-08 6.083113915810e-08 2.248847434083e-08 8.261937679445e-09 1.378845178404e-09 6.776236374267e-11 2.344525402315e-13 
3.036188825556e-12 2.065988032806e-10 2.280929335217e-09 1.001780496307e-08 2.248847434083e-08 5.609441900406e-08 1.866111505851e-08 5.810744292031e-09 5.590836177584e-10 4.463615995625e-12 
1.014820034478e-13 1.391679111910e-11 2.717289901146e-10 2.077636219811e-09 8.261937679445e-09 1.866111505851e-08 5.179119812571e-08 1.456822740157e-08 2.989890234963e-09 6.167619496816e-11 
1.431285426536e-15 4.120743583405e-13 1.454287971042e-11 1.943663113852e-10 1.378845178404e-09 5.810744292031e-09 1.456822740157e-08 4.762727410552e-08 9.744696870445e-09 6.295302208457e-10 
4.615023483761e-18 3.012851870570e-15 2.075342945154e-13 5.130434540079e-12 6.776236374267e-11 5.590836177584e-10 2.989890234963e-09 9.744696870445e-09 4.327151956648e-08 4.326068666711e-09 
5.379411902397e-22 9.296462450337e-19 1.488152973743e-16 8.097183805109e-15 2.344525402315e-13 4.463615995625e-12 6.167619496816e-11 6.295302208457e-10 4.326068666711e-09 3.660129042582e-08 
