8.108063116932e-08 2.413512194875e-08 4.785462663411e-09 6.246650702404e-10 5.715002331738e-11 3.405980160824e-12 1.135500309697e-13 1.592258423140e-15 5.141625579357e-18 5.954285350461e-22 
2.413512194875e-08 8.675048293710e-08 3.406328123794e-08 1.034344739146e-08 1.952176689871e-09 2.314896708972e-10 1.552417937432e-11 4.582926938336e-13 3.355745678830e-15 1.029343939363e-18 
4.785462663411e-09 3.406328123794e-08 7.837813422953e-08 3.273161368359e-08 1.191025888733e-08 2.550901095306e-09 3.024643996603e-10 1.618815173190e-11 2.308116075471e-13 1.650041550322e-16 
6.246650702404e-10 1.034344739146e-08 3.273161368359e-08 7.091264449470e-08 2.916207462639e-08 1.117149040153e-08 2.310767715406e-09 2.165010580584e-10 5.694604734456e-12 8.997199985504e-15 
5.715002331738e-11 1.952176689871e-09 1.191025888733e-08 2.916207462639e-08 6.461487521277e-08 2.501748864813e-08 9.195420632241e-09 1.535320641313e-09 7.508114262571e-11 2.611527534175e-13 
3.405980160824e-12 2.314896708972e-10 2.550901095306e-09 1.117149040153e-08 2.501748864813e-08 5.923555539768e-08 2.078839265615e-08 6.456773035607e-09 6.190586075527e-10 4.983162235831e-12 
1.135500309697e-13 1.552417937432e-11 3.024643996603e-10 2.310767715406e-09 9.195420632241e-09 2.078839265615e-08 5.443684697415e-08 1.614053020717e-08 3.316704658362e-09 6.893918129587e-11 
1.592258423140e-15 4.582926938336e-13 1.618815173190e-11 2.165010580584e-10 1.535320641313e-09 6.456773035607e-09 1.614053020717e-08 4.972638673894e-08 1.086060473847e-08 7.027193662976e-10 
5.141625579357e-18 3.355745678830e-15 2.308116075471e-13 5.694604734456e-12 7.508114262571e-11 6.190586075527e-10 3.316704658362e-09 1.086060473847e-08 4.503234202589e-08 4.810571947590e-09 
5.954285350461e-22 1.029343939363e-18 1.650041550322e-16 8.997199985504e-15 2.611527534175e-13 4.983162235831e-12 6.893918129587e-11 7.027193662976e-10 4.810571947590e-09 3.762015800957e-08 
