1.106043236073e-07 3.572758286127e-08 6.897131169785e-09 8.832778597693e-10 7.969624498141e-11 4.703080654921e-12 1.553216988572e-13 2.170397797935e-15 6.979245825584e-18 8.134865653798e-22 
3.572758286127e-08 1.129484479180e-07 4.839541598371e-08 1.448269518089e-08 2.705395830151e-09 3.178449523612e-10 2.118245486221e-11 6.241208278424e-13 4.549644727459e-15 1.409781377874e-18 
6.897131169785e-09 4.839541598371e-08 9.858655788356e-08 4.547496601407e-08 1.641139375114e-08 3.488463667043e-09 4.123392034100e-10 2.201186407842e-11 3.130279654699e-13 2.263740522658e-16 
8.832778597693e-10 1.448269518089e-08 4.547496601407e-08 8.712728539384e-08 3.995253310926e-08 1.524074277502e-08 3.147663463993e-09 2.939041420158e-10 7.736211356710e-12 1.235631878933e-14 
7.969624498141e-11 2.705395830151e-09 1.641139375114e-08 3.995253310926e-08 7.789518856145e-08 3.409616573860e-08 1.250593311769e-08 2.082035213231e-09 1.022875231260e-10 3.588644520238e-13 
4.703080654921e-12 3.178449523612e-10 3.488463667043e-09 1.524074277502e-08 3.409616573860e-08 7.043098936592e-08 2.820843968668e-08 8.763189861615e-09 8.463959350893e-10 6.851291208237e-12 
1.553216988572e-13 2.118245486221e-11 4.123392034100e-10 3.147663463993e-09 1.250593311769e-08 2.820843968668e-08 6.378381512922e-08 2.199262072985e-08 4.549758845255e-09 9.491134243886e-11 
2.170397797935e-15 6.241208278424e-13 2.201186407842e-11 2.939041420158e-10 2.082035213231e-09 8.763189861615e-09 2.199262072985e-08 5.769227306524e-08 1.492647876986e-08 9.720855700058e-10 
6.979245825584e-18 4.549644727459e-15 3.130279654699e-13 7.736211356710e-12 1.022875231260e-10 8.463959350893e-10 4.549758845255e-09 1.492647876986e-08 5.142410816684e-08 6.752622333158e-09 
8.134865653798e-22 1.409781377874e-18 2.263740522658e-16 1.235631878933e-14 3.588644520238e-13 6.851291208237e-12 9.491134243886e-11 9.720855700058e-10 6.752622333158e-09 4.170054761742e-08 
