1.941078663174e-06 8.107198825397e-07 1.645680405858e-07 2.277129886208e-08 2.182146021090e-09 1.332336752563e-10 4.549737086019e-12 6.731645419593e-14 2.394419093222e-16 3.253737795623e-20 
8.107198825397e-07 2.026048427959e-06 1.221498115644e-06 3.898201230345e-07 7.578080592074e-08 9.166189310977e-09 6.363326565053e-10 2.003264336561e-11 1.619284997383e-13 5.763697544522e-17 
1.645680405858e-07 1.221498115644e-06 1.907612617772e-06 1.262856368937e-06 4.679438560085e-07 1.025638658760e-07 1.271513985401e-08 7.302306197252e-10 1.150612820310e-11 9.440477766479e-15 
2.277129886208e-08 3.898201230345e-07 1.262856368937e-06 1.701874478913e-06 1.162631864494e-06 4.595154791423e-07 1.000978348852e-07 1.009196770718e-08 2.930562657681e-10 5.253055579403e-13 
2.182146021090e-09 7.578080592074e-08 4.679438560085e-07 1.162631864494e-06 1.516151864127e-06 1.063706564778e-06 4.133266020073e-07 7.428356229405e-08 3.992870070659e-09 1.555626658129e-11 
1.332336752563e-10 9.166189310977e-09 1.025638658760e-07 4.595154791423e-07 1.063706564778e-06 1.407488267147e-06 9.781667308129e-07 3.264758244047e-07 3.411689396463e-08 3.032007120596e-10 
4.549737086019e-12 6.363326565053e-10 1.271513985401e-08 1.000978348852e-07 4.133266020073e-07 9.781667308129e-07 1.334045165810e-06 8.593925747033e-07 1.901736082622e-07 4.299331369241e-09 
6.731645419593e-14 2.003264336561e-11 7.302306197252e-10 1.009196770718e-08 7.428356229405e-08 3.264758244047e-07 8.593925747033e-07 1.241974049274e-06 6.512857001598e-07 4.525555972711e-08 
2.394419093222e-16 1.619284997383e-13 1.150612820310e-11 2.930562657681e-10 3.992870070659e-09 3.411689396463e-08 1.901736082622e-07 6.512857001598e-07 1.093438885777e-06 3.239743141089e-07 
3.253737795623e-20 5.763697544522e-17 9.440477766479e-15 5.253055579403e-13 1.555626658129e-11 3.032007120596e-10 4.299331369241e-09 4.525555972711e-08 3.239743141089e-07 6.948199583424e-07 
