1.941081119080e-06 8.107203693058e-07 1.645681416666e-07 2.277131300383e-08 2.182147385369e-09 1.332337590110e-10 4.549739966827e-12 6.731649754502e-14 2.394420750727e-16 3.253774154646e-20 
8.107203693058e-07 2.026048262021e-06 1.221498031053e-06 3.898200986955e-07 7.578080150499e-08 9.166188808301e-09 6.363326245045e-10 2.003264257410e-11 1.619285011578e-13 5.763758011850e-17 
1.645681416666e-07 1.221498031053e-06 1.907612513568e-06 1.262856307525e-06 4.679438352023e-07 1.025638616674e-07 1.271513939013e-08 7.302306009552e-10 1.150612846283e-11 9.440576937510e-15 
2.277131300383e-08 3.898200986955e-07 1.262856307525e-06 1.701874408930e-06 1.162631820724e-06 4.595154634186e-07 1.000978319155e-07 1.009196751655e-08 2.930562743806e-10 5.253110797896e-13 
2.182147385369e-09 7.578080150499e-08 4.679438352023e-07 1.162631820724e-06 1.516151814308e-06 1.063706532812e-06 4.133265914670e-07 7.428356120042e-08 3.992870204640e-09 1.555643016877e-11 
1.332337590110e-10 9.166188808301e-09 1.025638616674e-07 4.595154634186e-07 1.063706532812e-06 1.407488230427e-06 9.781667092234e-07 3.264758207179e-07 3.411689522643e-08 3.032039015150e-10 
4.549739966827e-12 6.363326245045e-10 1.271513939013e-08 1.000978319155e-07 4.133265914670e-07 9.781667092234e-07 1.334045142930e-06 8.593925689093e-07 1.901736161611e-07 4.299376614709e-09 
6.731649754502e-14 2.003264257410e-11 7.302306009552e-10 1.009196751655e-08 7.428356120042e-08 3.264758207179e-07 8.593925689093e-07 1.241974054173e-06 6.512857342311e-07 4.525603647710e-08 
2.394420750727e-16 1.619285011578e-13 1.150612846283e-11 2.930562743806e-10 3.992870204640e-09 3.411689522643e-08 1.901736161611e-07 6.512857342311e-07 1.093438992930e-06 3.239777426950e-07 
3.253774154646e-20 5.763758011850e-17 9.440576937510e-15 5.253110797896e-13 1.555643016877e-11 3.032039015150e-10 4.299376614709e-09 4.525603647710e-08 3.239777426950e-07 6.948340007853e-07 
