9.356980756017e-08 2.914766469368e-08 5.704969122518e-09 7.375336510804e-10 6.704423283505e-11 3.972846067541e-12 1.317782799296e-13 1.846125937063e-15 5.927020444374e-18 6.904790705982e-22 
2.914766469368e-08 9.814581629713e-08 4.031695814909e-08 1.215546787406e-08 2.282449587778e-09 2.691038483735e-10 1.800919776296e-11 5.303238365307e-13 3.867981878842e-15 1.193575391031e-18 
5.704969122518e-09 4.031695814909e-08 8.721648700363e-08 3.832589356605e-08 1.387436111200e-08 2.960499500710e-09 3.507030200304e-10 1.869228334120e-11 2.663966304545e-13 1.911600805179e-16 
7.375336510804e-10 1.215546787406e-08 3.832589356605e-08 7.799551699586e-08 3.386478891077e-08 1.295867512920e-08 2.675453966572e-09 2.496369352656e-10 6.584943529994e-12 1.040960399004e-14 
6.704423283505e-11 2.282449587778e-09 1.387436111200e-08 3.386478891077e-08 7.044248260778e-08 2.899594689526e-08 1.062061630292e-08 1.770210652974e-09 8.697216299937e-11 3.017732230263e-13 
3.972846067541e-12 2.691038483735e-10 2.960499500710e-09 1.295867512920e-08 2.899594689526e-08 6.407069140645e-08 2.396405025736e-08 7.458485865763e-09 7.177254146469e-10 5.755442522760e-12 
1.317782799296e-13 1.800919776296e-11 3.507030200304e-10 2.675453966572e-09 1.062061630292e-08 2.396405025736e-08 5.848104894994e-08 1.869805596638e-08 3.841498339163e-09 7.973250135811e-11 
1.846125937063e-15 5.303238365307e-13 1.869228334120e-11 2.496369352656e-10 1.770210652974e-09 7.458485865763e-09 1.869805596638e-08 5.314726069220e-08 1.255097963332e-08 8.169939301931e-10 
5.927020444374e-18 3.867981878842e-15 2.663966304545e-13 6.584943529994e-12 8.697216299937e-11 7.177254146469e-10 3.841498339163e-09 1.255097963332e-08 4.771746309390e-08 5.648029640356e-09 
6.904790705982e-22 1.193575391031e-18 1.911600805179e-16 1.040960399004e-14 3.017732230263e-13 5.755442522760e-12 7.973250135811e-11 8.169939301931e-10 5.648029640356e-09 3.930689732184e-08 
