1.344702382199e-07 4.459628041934e-08 8.486249441371e-09 1.076825065593e-09 9.655281288613e-11 5.673888214199e-12 1.871233342257e-13 2.609678293034e-15 8.424713288736e-18 9.860592448703e-22 
4.459628041934e-08 1.327080098423e-07 5.912445432959e-08 1.758057198423e-08 3.268043404370e-09 3.831216634806e-10 2.549264037419e-11 7.508364062225e-13 5.501698651738e-15 1.711238510579e-18 
8.486249441371e-09 5.912445432959e-08 1.137138199366e-07 5.499350585869e-08 1.979172163347e-08 4.201979576235e-09 4.959019019206e-10 2.652114009417e-11 3.788860559948e-13 2.753647898629e-16 
1.076825065593e-09 1.758057198423e-08 5.499350585869e-08 9.928006457239e-08 4.814242072576e-08 1.834017081233e-08 3.786141257682e-09 3.547678686584e-10 9.367872766334e-12 1.507243422955e-14 
9.655281288613e-11 3.268043404370e-09 1.979172163347e-08 4.814242072576e-08 8.801549195908e-08 4.100140539966e-08 1.506487027024e-08 2.517628310038e-09 1.239168309333e-10 4.392122109647e-13 
5.673888214199e-12 3.831216634806e-10 4.201979576235e-09 1.834017081233e-08 4.100140539966e-08 7.904168281833e-08 3.406802661120e-08 1.060883880680e-08 1.026656565511e-09 8.417183249611e-12 
1.871233342257e-13 2.549264037419e-11 4.959019019206e-10 3.786141257682e-09 1.506487027024e-08 3.406802661120e-08 7.126527430963e-08 2.664302674183e-08 5.537549146856e-09 1.170872132003e-10 
2.609678293034e-15 7.508364062225e-13 2.652114009417e-11 3.547678686584e-10 2.517628310038e-09 1.060883880680e-08 2.664302674183e-08 6.403175332758e-08 1.829080214973e-08 1.203823787363e-09 
8.424713288736e-18 5.501698651738e-15 3.788860559948e-13 9.367872766334e-12 1.239168309333e-10 1.026656565511e-09 5.537549146856e-09 1.829080214973e-08 5.689797677599e-08 8.386905158466e-09 
9.860592448703e-22 1.711238510579e-18 2.753647898629e-16 1.507243422955e-14 4.392122109647e-13 8.417183249611e-12 1.170872132003e-10 1.203823787363e-09 8.386905158466e-09 4.520467032023e-08 
