7.514802696360e-08 2.169131415809e-08 4.330571404574e-09 5.681468607521e-10 5.223413552354e-11 3.122106009372e-12 1.043281857918e-13 1.469220838064e-15 4.735929712450e-18 5.515383085759e-22 
2.169131415809e-08 8.112357158603e-08 3.094419636985e-08 9.437518334271e-09 1.788155382734e-09 2.124047951199e-10 1.429945710972e-11 4.227262469472e-13 3.093286241370e-15 9.526792007277e-19 
4.330571404574e-09 3.094419636985e-08 7.395122499853e-08 2.995893543852e-08 1.092126683214e-08 2.344672316004e-09 2.789874509462e-10 1.491884325030e-11 2.130986633896e-13 1.524700868091e-16 
5.681468607521e-10 9.437518334271e-09 2.995893543852e-08 6.735912979072e-08 2.677705564081e-08 1.029224471284e-08 2.131718035666e-09 1.994619987522e-10 5.266476259467e-12 8.297112218075e-15 
5.223413552354e-11 1.788155382734e-09 1.092126683214e-08 2.677705564081e-08 6.173138517295e-08 2.308204352582e-08 8.475403232312e-09 1.415592819927e-09 6.951805826260e-11 2.403642909895e-13 
3.122106009372e-12 2.124047951199e-10 2.344672316004e-09 1.029224471284e-08 2.308204352582e-08 5.681388854289e-08 1.915282839308e-08 5.965800447975e-09 5.731473967036e-10 4.580193294152e-12 
1.043281857918e-13 1.429945710972e-11 2.789874509462e-10 2.131718035666e-09 8.475403232312e-09 1.915282839308e-08 5.242271503423e-08 1.494511145987e-08 3.063787246771e-09 6.335695749285e-11 
1.469220838064e-15 4.227262469472e-13 1.491884325030e-11 1.994619987522e-10 1.415592819927e-09 5.965800447975e-09 1.494511145987e-08 4.810853056864e-08 9.993848629494e-09 6.471474698884e-10 
4.735929712450e-18 3.093286241370e-15 2.130986633896e-13 5.266476259467e-12 6.951805826260e-11 5.731473967036e-10 3.063787246771e-09 9.993848629494e-09 4.368684371837e-08 4.442885838323e-09 
5.515383085759e-22 9.526792007277e-19 1.524700868091e-16 8.297112218075e-15 2.403642909895e-13 4.580193294152e-12 6.335695749285e-11 6.471474698884e-10 4.442885838323e-09 3.682851356455e-08 
