7.760674353089e-07 2.850038628135e-07 5.545514797329e-08 7.338120490450e-09 6.938356328647e-10 4.310136277566e-11 1.503206435588e-12 2.264668499265e-14 8.086272897944e-17 1.042698428248e-20 
2.850038628135e-07 7.070075504587e-07 3.979422571078e-07 1.240191862051e-07 2.431971925179e-08 3.002649657234e-09 2.122244814154e-10 6.774243904567e-12 5.428793491243e-14 1.830362310547e-17 
5.545514797329e-08 3.979422571078e-07 6.267745112122e-07 4.033318508180e-07 1.520970883587e-07 3.393028350977e-08 4.270777484365e-09 2.471505689761e-10 3.819707339570e-12 2.978036690795e-15 
7.338120490450e-09 1.240191862051e-07 4.033318508180e-07 5.706552797979e-07 3.827993669742e-07 1.534147175198e-07 3.380270929749e-08 3.405293377606e-09 9.616946505234e-11 1.649983258974e-13 
6.938356328647e-10 2.431971925179e-08 1.520970883587e-07 3.827993669742e-07 5.239070042561e-07 3.581691969818e-07 1.398877971225e-07 2.487270493000e-08 1.293538714416e-09 4.878655403564e-12 
4.310136277566e-11 3.002649657234e-09 3.393028350977e-08 1.534147175198e-07 3.581691969818e-07 4.950240056734e-07 3.296069609806e-07 1.078231615903e-07 1.090151586418e-08 9.528408753636e-11 
1.503206435588e-12 2.122244814154e-10 4.270777484365e-09 3.380270929749e-08 1.398877971225e-07 3.296069609806e-07 4.618176045800e-07 2.782611833837e-07 6.001345206003e-08 1.361841388081e-09 
2.264668499265e-14 6.774243904567e-12 2.471505689761e-10 3.405293377606e-09 2.487270493000e-08 1.078231615903e-07 2.782611833837e-07 4.129407893247e-07 2.045601434776e-07 1.461507618133e-08 
8.086272897944e-17 5.428793491243e-14 3.819707339570e-12 9.616946505234e-11 1.293538714416e-09 1.090151586418e-08 6.001345206003e-08 2.045601434776e-07 3.688079690093e-07 1.090737895224e-07 
1.042698428248e-20 1.830362310547e-17 2.978036690795e-15 1.649983258974e-13 4.878655403564e-12 9.528408753636e-11 1.361841388081e-09 1.461507618133e-08 1.090737895224e-07 2.685537481906e-07 
