2.543005596782e-09 7.705361751664e-12 8.976229740618e-12 9.745485045785e-12 1.029755241274e-11 1.073643257616e-11 1.111252802562e-11 1.145875134821e-11 1.181010627944e-11 1.229111359231e-11 
7.705361751664e-12 2.554027466938e-09 1.964325089961e-11 2.225049669446e-11 2.412227405302e-11 2.560732265984e-11 2.687998422152e-11 2.805168121210e-11 2.924076023017e-11 3.086876292844e-11 
8.976229740618e-12 1.964325089961e-11 2.564818449143e-09 3.101715151652e-11 3.444125456565e-11 3.714582366882e-11 3.945913641372e-11 4.158902915719e-11 4.375070189719e-11 4.671047091998e-11 
9.745485045785e-12 2.225049669446e-11 3.101715151652e-11 2.576277444918e-09 4.307245471464e-11 4.727551844291e-11 5.084943550394e-11 5.413319207051e-11 5.746608299060e-11 6.203001545075e-11 
1.029755241274e-11 2.412227405302e-11 3.444125456565e-11 4.307245471464e-11 2.588824202105e-09 5.638654215333e-11 6.153286560248e-11 6.623037214219e-11 7.099057617883e-11 7.751098302319e-11 
1.073643257616e-11 2.560732265984e-11 3.714582366882e-11 4.727551844291e-11 5.638654215333e-11 2.602905239068e-09 7.147493343080e-11 7.788976300253e-11 8.434156200702e-11 9.317583599991e-11 
1.111252802562e-11 2.687998422152e-11 3.945913641372e-11 5.084943550394e-11 6.153286560248e-11 7.147493343080e-11 2.619140782065e-09 8.922569903912e-11 9.773458608705e-11 1.092936504331e-10 
1.145875134821e-11 2.805168121210e-11 4.158902915719e-11 5.413319207051e-11 6.623037214219e-11 7.788976300253e-11 8.922569903912e-11 2.638918562118e-09 1.117639489462e-10 1.266495773166e-10 
1.181010627944e-11 2.924076023017e-11 4.375070189719e-11 5.746608299060e-11 7.099057617883e-11 8.434156200702e-11 9.773458608705e-11 1.117639489462e-10 2.665756799125e-09 1.472457703174e-10 
1.229111359231e-11 3.086876292844e-11 4.671047091998e-11 6.203001545075e-11 7.751098302319e-11 9.317583599991e-11 1.092936504331e-10 1.266495773166e-10 1.472457703174e-10 2.718201182587e-09 
