2.559355861119e-09 3.388088082098e-11 3.883645068412e-11 4.182743939001e-11 4.397440604148e-11 4.568127134788e-11 4.714394019076e-11 4.849043006083e-11 4.985687682647e-11 5.172749891416e-11 
3.388088082098e-11 2.602210730331e-09 7.820834126747e-11 8.731904443487e-11 9.386157302262e-11 9.905532348292e-11 1.035061864994e-10 1.076038241212e-10 1.117622343027e-10 1.174555058353e-10 
3.883645068412e-11 7.820834126747e-11 2.639219654281e-09 1.160791409276e-10 1.272699097220e-10 1.361219983553e-10 1.436966241798e-10 1.506704061371e-10 1.577480825390e-10 1.674386382014e-10 
4.182743939001e-11 8.731904443487e-11 1.160791409276e-10 2.675939414315e-09 1.538692239803e-10 1.669410288410e-10 1.780717898983e-10 1.883023963511e-10 1.986857613742e-10 2.129038257089e-10 
4.397440604148e-11 9.386157302262e-11 1.272699097220e-10 1.538692239803e-10 2.714226627714e-09 1.937963025741e-10 2.091840147921e-10 2.232472899567e-10 2.375008808359e-10 2.570236626228e-10 
4.568127134788e-11 9.905532348292e-11 1.361219983553e-10 1.669410288410e-10 1.937963025741e-10 2.755638578369e-09 2.375775862704e-10 2.561840778424e-10 2.749145470222e-10 3.005603464399e-10 
4.714394019076e-11 1.035061864994e-10 1.436966241798e-10 1.780717898983e-10 2.091840147921e-10 2.375775862704e-10 2.802073106636e-09 2.878125987381e-10 3.119105012792e-10 3.446561200292e-10 
4.849043006083e-11 1.076038241212e-10 1.506704061371e-10 1.883023963511e-10 2.232472899567e-10 2.561840778424e-10 2.878125987381e-10 2.857415478197e-09 3.503669712368e-10 3.916950525715e-10 
4.985687682647e-11 1.117622343027e-10 1.577480825390e-10 1.986857613742e-10 2.375008808359e-10 2.749145470222e-10 3.119105012792e-10 3.503669712368e-10 2.931323382736e-09 4.473811070589e-10 
5.172749891416e-11 1.174555058353e-10 1.674386382014e-10 2.129038257089e-10 2.570236626228e-10 3.005603464399e-10 3.446561200292e-10 3.916950525715e-10 4.473811070589e-10 3.074320296879e-09 
