2.608440487985e-09 1.071755363546e-10 1.207683700493e-10 1.289594323858e-10 1.348392968451e-10 1.395139080483e-10 1.435197230067e-10 1.472073563166e-10 1.509496449886e-10 1.560725248670e-10 
1.071755363546e-10 2.725658685376e-09 2.239901800182e-10 2.470372012385e-10 2.635843063180e-10 2.767206451789e-10 2.879779081774e-10 2.983417619917e-10 3.088593242476e-10 3.232585466362e-10 
1.207683700493e-10 2.239901800182e-10 2.818213931511e-09 3.173470704692e-10 3.447578582283e-10 3.664376943883e-10 3.849874770230e-10 4.020656309364e-10 4.193982891383e-10 4.431292609223e-10 
1.289594323858e-10 2.470372012385e-10 3.173470704692e-10 2.907549086427e-09 4.087057580935e-10 4.402765323600e-10 4.671486839790e-10 4.918427286657e-10 5.169054561957e-10 5.512240916413e-10 
1.348392968451e-10 2.635843063180e-10 3.447578582283e-10 4.087057580935e-10 2.999786284595e-09 5.047616061191e-10 5.417972855946e-10 5.756138093652e-10 6.098789802650e-10 6.568131391747e-10 
1.395139080483e-10 2.767206451789e-10 3.664376943883e-10 4.402765323600e-10 5.047616061191e-10 3.099614836691e-09 6.105050221210e-10 6.554330085796e-10 7.005867468511e-10 7.624053989865e-10 
1.435197230067e-10 2.879779081774e-10 3.849874770230e-10 4.671486839790e-10 5.417972855946e-10 6.105050221210e-10 3.212417555603e-09 7.331038118773e-10 7.917279476127e-10 8.712063676714e-10 
1.472073563166e-10 2.983417619917e-10 4.020656309364e-10 4.918427286657e-10 5.756138093652e-10 6.554330085796e-10 7.331038118773e-10 3.348878232746e-09 8.883574441710e-10 9.896023505048e-10 
1.509496449886e-10 3.088593242476e-10 4.193982891383e-10 5.169054561957e-10 6.098789802650e-10 7.005867468511e-10 7.917279476127e-10 8.883574441710e-10 3.535579396592e-09 1.133833862220e-09 
1.560725248670e-10 3.232585466362e-10 4.431292609223e-10 5.512240916413e-10 6.568131391747e-10 7.624053989865e-10 8.712063676714e-10 9.896023505048e-10 1.133833862220e-09 3.910789849859e-09 
