2.544824824127e-09 1.072091742751e-11 1.245537902708e-11 1.350461845023e-11 1.425766299753e-11 1.485632248389e-11 1.536933816248e-11 1.584160632193e-11 1.632087487834e-11 1.697717091980e-11 
1.072091742751e-11 2.559859629920e-09 2.686816743155e-11 3.035327467017e-11 3.285554940292e-11 3.484114404064e-11 3.654275927559e-11 3.810936656054e-11 3.969921409777e-11 4.187634894394e-11 
1.245537902708e-11 2.686816743155e-11 2.574229927200e-09 4.191891382809e-11 4.643036599035e-11 4.999532412334e-11 5.304494547909e-11 5.585273810036e-11 5.870240827586e-11 6.260482087430e-11 
1.350461845023e-11 3.035327467017e-11 4.191891382809e-11 2.589259465826e-09 5.764867082964e-11 6.312187004976e-11 6.777775511785e-11 7.205613498561e-11 7.639850171245e-11 8.234557088282e-11 
1.425766299753e-11 3.285554940292e-11 4.643036599035e-11 5.764867082964e-11 2.605519931079e-09 7.482704059911e-11 8.146122212494e-11 8.751954613819e-11 9.365921992009e-11 1.020700395545e-10 
1.485632248389e-11 3.484114404064e-11 4.999532412334e-11 6.312187004976e-11 7.482704059911e-11 2.623590050405e-09 9.411776572590e-11 1.023189220915e-10 1.105706316525e-10 1.218706534687e-10 
1.536933816248e-11 3.654275927559e-11 5.304494547909e-11 6.777775511785e-11 8.146122212494e-11 9.411776572590e-11 2.644257612272e-09 1.166425354977e-10 1.274448624542e-10 1.421253409848e-10 
1.584160632193e-11 3.810936656054e-11 5.585273810036e-11 7.205613498561e-11 8.751954613819e-11 1.023189220915e-10 1.166425354977e-10 2.669253908444e-09 1.450475406867e-10 1.638339815313e-10 
1.632087487834e-11 3.969921409777e-11 5.870240827586e-11 7.639850171245e-11 9.365921992009e-11 1.105706316525e-10 1.274448624542e-10 1.450475406867e-10 2.702953215389e-09 1.895076432786e-10 
1.697717091980e-11 4.187634894394e-11 6.260482087430e-11 8.234557088282e-11 1.020700395545e-10 1.218706534687e-10 1.421253409848e-10 1.638339815313e-10 1.895076432786e-10 2.768395892272e-09 
