2.542134605888e-09 6.246637625710e-12 7.287399607523e-12 7.917589342856e-12 8.369837743205e-12 8.729361140011e-12 9.037452979220e-12 9.321074156521e-12 9.608899084021e-12 1.000293415466e-11 
6.246637625710e-12 2.551163399143e-09 1.607244156027e-11 1.823297472480e-11 1.978392223954e-11 2.101428770328e-11 2.206869455344e-11 2.303945744458e-11 2.402462224377e-11 2.537344261560e-11 
7.287399607523e-12 1.607244156027e-11 2.560124924417e-09 2.555372145777e-11 2.841543666870e-11 3.067512993705e-11 3.260777543901e-11 3.438719183440e-11 3.619316742909e-11 3.866592103113e-11 
7.917589342856e-12 1.823297472480e-11 2.555372145777e-11 2.569728704508e-09 3.568920523641e-11 3.922755140827e-11 4.223535397190e-11 4.499870151975e-11 4.780341677949e-11 5.164411067657e-11 
8.369837743205e-12 1.978392223954e-11 2.841543666870e-11 3.568920523641e-11 2.580323305785e-09 4.696452547221e-11 5.132508508884e-11 5.530410146229e-11 5.933603027485e-11 6.485894992035e-11 
8.729361140011e-12 2.101428770328e-11 3.067512993705e-11 3.922755140827e-11 4.696452547221e-11 2.592290283196e-09 5.981812229927e-11 6.528320709035e-11 7.077815778024e-11 7.830217132256e-11 
9.037452979220e-12 2.206869455344e-11 3.260777543901e-11 4.223535397190e-11 5.132508508884e-11 5.981812229927e-11 2.606162052091e-09 7.501884682106e-11 8.230231327678e-11 9.219404763595e-11 
9.321074156521e-12 2.303945744458e-11 3.438719183440e-11 4.499870151975e-11 5.530410146229e-11 6.528320709035e-11 7.501884682106e-11 2.623146715989e-09 9.440800435881e-11 1.071992828639e-10 
9.608899084021e-12 2.402462224377e-11 3.619316742909e-11 4.780341677949e-11 5.933603027485e-11 7.077815778024e-11 8.230231327678e-11 9.440800435881e-11 2.646296679731e-09 1.250687084510e-10 
1.000293415466e-11 2.537344261560e-11 3.866592103113e-11 5.164411067657e-11 6.485894992035e-11 7.830217132256e-11 9.219404763595e-11 1.071992828639e-10 1.250687084510e-10 2.691767249211e-09 
