2.557689601966e-09 3.127843746321e-11 3.589112318061e-11 3.867558250290e-11 4.067428573805e-11 4.226327676565e-11 4.362493606756e-11 4.487843996564e-11 4.615052434116e-11 4.789246988182e-11 
3.127843746321e-11 2.597586634228e-09 7.266256940763e-11 8.119820283692e-11 8.732773728040e-11 9.219353340015e-11 9.636336030027e-11 1.002022695804e-10 1.040981185676e-10 1.094330666857e-10 
3.589112318061e-11 7.266256940763e-11 2.632295982644e-09 1.082346358928e-10 1.187549097493e-10 1.270763090421e-10 1.341967751799e-10 1.407524271497e-10 1.474057544124e-10 1.565169467202e-10 
3.867558250290e-11 8.119820283692e-11 1.082346358928e-10 2.666847746283e-09 1.438282633787e-10 1.561443701639e-10 1.666311793757e-10 1.762698442050e-10 1.860524598894e-10 1.994500045850e-10 
4.067428573805e-11 8.732773728040e-11 1.187549097493e-10 1.438282633787e-10 2.702948979423e-09 1.815014039755e-10 1.960210191136e-10 2.092909654580e-10 2.227405876759e-10 2.411646911799e-10 
4.226327676565e-11 9.219353340015e-11 1.270763090421e-10 1.561443701639e-10 1.815014039755e-10 2.742045688100e-09 2.228511619397e-10 2.404258132631e-10 2.581177930845e-10 2.823445299827e-10 
4.362493606756e-11 9.636336030027e-11 1.341967751799e-10 1.666311793757e-10 1.960210191136e-10 2.228511619397e-10 2.785917615052e-09 2.703271801333e-10 2.931014514565e-10 3.240529165172e-10 
4.487843996564e-11 1.002022695804e-10 1.407524271497e-10 1.762698442050e-10 2.092909654580e-10 2.404258132631e-10 2.703271801333e-10 2.838220850470e-09 3.294420285510e-10 3.685114057481e-10 
4.615052434116e-11 1.040981185676e-10 1.474057544124e-10 1.860524598894e-10 2.227405876759e-10 2.581177930845e-10 2.931014514565e-10 3.294420285510e-10 2.908044901367e-09 4.211278846910e-10 
4.789246988182e-11 1.094330666857e-10 1.565169467202e-10 1.994500045850e-10 2.411646911799e-10 2.823445299827e-10 3.240529165172e-10 3.685114057481e-10 4.211278846910e-10 3.043086258403e-09 
