2.545173253898e-09 1.129298242257e-11 1.311309847984e-11 1.421403927594e-11 1.500419680660e-11 1.563236187017e-11 1.617066178508e-11 1.666620586212e-11 1.716909535055e-11 1.785773701943e-11 
1.129298242257e-11 2.560948944311e-09 2.820908028697e-11 3.185243734022e-11 3.446838400518e-11 3.654423001473e-11 3.832318611293e-11 3.996099597696e-11 4.162310211106e-11 4.389918729395e-11 
1.311309847984e-11 2.820908028697e-11 2.575961977934e-09 4.391651274100e-11 4.862171767777e-11 5.233999182345e-11 5.552081952226e-11 5.844941207134e-11 6.142168071203e-11 6.549198164298e-11 
1.421403927594e-11 3.185243734022e-11 4.391651274100e-11 2.591625592600e-09 6.029667465707e-11 6.599434337836e-11 7.084151789197e-11 7.529575348598e-11 7.981659722716e-11 8.600809312958e-11 
1.500419680660e-11 3.446838400518e-11 4.862171767777e-11 6.029667465707e-11 2.608540454312e-09 7.815413303422e-11 8.504992125401e-11 9.134746368342e-11 9.772962790163e-11 1.064726193037e-10 
1.563236187017e-11 3.654423001473e-11 5.233999182345e-11 6.599434337836e-11 7.815413303422e-11 2.627310477431e-09 9.818112789122e-11 1.066948730745e-10 1.152616429346e-10 1.269931244840e-10 
1.617066178508e-11 3.832318611293e-11 5.552081952226e-11 7.084151789197e-11 8.504992125401e-11 9.818112789122e-11 2.648752491426e-09 1.215385779078e-10 1.327415129323e-10 1.479667952019e-10 
1.666620586212e-11 3.996099597696e-11 5.844941207134e-11 7.529575348598e-11 9.134746368342e-11 1.066948730745e-10 1.215385779078e-10 2.674659532465e-09 1.509686125426e-10 1.704341950345e-10 
1.716909535055e-11 4.162310211106e-11 6.142168071203e-11 7.981659722716e-11 9.772962790163e-11 1.152616429346e-10 1.327415129323e-10 1.509686125426e-10 2.709555675723e-09 1.969875426301e-10 
1.785773701943e-11 4.389918729395e-11 6.549198164298e-11 8.600809312958e-11 1.064726193037e-10 1.269931244840e-10 1.479667952019e-10 1.704341950345e-10 1.969875426301e-10 2.777269784723e-09 
