2.545965482080e-09 1.258040240302e-11 1.459001251018e-11 1.580532184086e-11 1.667757833183e-11 1.737101364457e-11 1.796524557676e-11 1.851227888512e-11 1.906742009538e-11 1.982740662493e-11 
1.258040240302e-11 2.563379931579e-09 3.119538942976e-11 3.518784819521e-11 3.805456046570e-11 4.032950039783e-11 4.227907203212e-11 4.407395595994e-11 4.589546394475e-11 4.838932841439e-11 
1.459001251018e-11 3.119538942976e-11 2.579809901049e-09 4.834854677572e-11 5.347965337390e-11 5.753495400676e-11 6.100423442884e-11 6.419839713435e-11 6.744018705686e-11 7.187882565266e-11 
1.580532184086e-11 3.518784819521e-11 4.834854677572e-11 2.596865876393e-09 6.615430346934e-11 7.234382636669e-11 7.761015698098e-11 8.244970057254e-11 8.736159922626e-11 9.408766880666e-11 
1.667757833183e-11 3.805456046570e-11 5.347965337390e-11 6.615430346934e-11 2.615212847896e-09 8.549716824146e-11 9.296480998466e-11 9.978529091736e-11 1.066976005331e-10 1.161655753459e-10 
1.737101364457e-11 4.032950039783e-11 5.753495400676e-11 7.234382636669e-11 8.549716824146e-11 2.635511929308e-09 1.071302524746e-10 1.163261483822e-10 1.255805270401e-10 1.382520749393e-10 
1.796524557676e-11 4.227907203212e-11 6.100423442884e-11 7.761015698098e-11 9.296480998466e-11 1.071302524746e-10 2.658642322974e-09 1.323043833978e-10 1.443810571269e-10 1.607924290692e-10 
1.851227888512e-11 4.407395595994e-11 6.419839713435e-11 8.244970057254e-11 9.978529091736e-11 1.163261483822e-10 1.323043833978e-10 2.686536566260e-09 1.639653294059e-10 1.849056164508e-10 
1.906742009538e-11 4.589546394475e-11 6.744018705686e-11 8.736159922626e-11 1.066976005331e-10 1.255805270401e-10 1.443810571269e-10 1.639653294059e-10 2.724033353737e-09 2.133833708998e-10 
1.982740662493e-11 4.838932841439e-11 7.187882565266e-11 9.408766880666e-11 1.161655753459e-10 1.382520749393e-10 1.607924290692e-10 1.849056164508e-10 2.133833708998e-10 2.796701755786e-09 
