9.620695110286e-07 3.670719206527e-07 7.262259165204e-08 9.701661061539e-09 9.214470861342e-10 5.814654027424e-11 2.059544087166e-12 3.042963887513e-14 1.053392222696e-16 1.441972084299e-20 
3.670719206527e-07 9.147004411756e-07 5.252484115323e-07 1.644216579355e-07 3.257366530014e-08 4.094934362036e-09 2.892510537549e-10 8.958277877667e-12 7.096844771352e-14 2.566800629022e-17 
7.262259165204e-08 5.252484115323e-07 8.212772468793e-07 5.379479898804e-07 2.060596905705e-07 4.643358550830e-08 5.754041014726e-09 3.235764160890e-10 5.042307282039e-12 4.223474923867e-15 
9.701661061539e-09 1.644216579355e-07 5.379479898804e-07 7.612058278195e-07 5.235217387251e-07 2.087860188064e-07 4.489555760047e-08 4.441793969336e-09 1.287313152287e-10 2.360136152119e-13 
9.214470861342e-10 3.257366530014e-08 2.060596905705e-07 5.235217387251e-07 7.045324577096e-07 4.799001378583e-07 1.833373368294e-07 3.257044036846e-08 1.761619449362e-09 7.016409117276e-12 
5.814654027424e-11 4.094934362036e-09 4.643358550830e-08 2.087860188064e-07 4.799001378583e-07 6.418776199570e-07 4.298740568138e-07 1.432174751742e-07 1.514728740926e-08 1.372252286615e-10 
2.059544087166e-12 2.892510537549e-10 5.754041014726e-09 4.489555760047e-08 1.833373368294e-07 4.298740568138e-07 6.005614160979e-07 3.792380808209e-07 8.511797012604e-08 1.951325807289e-09 
3.042963887513e-14 8.958277877667e-12 3.235764160890e-10 4.441793969336e-09 3.257044036846e-08 1.432174751742e-07 3.792380808209e-07 5.696282770001e-07 2.940318999560e-07 2.057319488344e-08 
1.053392222696e-16 7.096844771352e-14 5.042307282039e-12 1.287313152287e-10 1.761619449362e-09 1.514728740926e-08 8.511797012604e-08 2.940318999560e-07 5.120104004633e-07 1.472198732256e-07 
1.441972084299e-20 2.566800629022e-17 4.223474923867e-15 2.360136152119e-13 7.016409117276e-12 1.372252286615e-10 1.951325807289e-09 2.057319488344e-08 1.472198732256e-07 3.331103101675e-07 
