1.106053578345e-07 3.572749178986e-08 6.897036194148e-09 8.832567501018e-10 7.969362101557e-11 4.702885871022e-12 1.553140589491e-13 2.170274972229e-15 6.978794374403e-18 8.134295080474e-22 
3.572749178986e-08 1.129474514019e-07 4.839438699321e-08 1.448226077704e-08 2.705292352075e-09 3.178303436125e-10 2.118133518071e-11 6.240834831705e-13 4.549342195969e-15 1.409681264802e-18 
6.897036194148e-09 4.839438699321e-08 9.858453523926e-08 4.547332744778e-08 1.641068608442e-08 3.488290380889e-09 4.123161521226e-10 2.201048993488e-11 3.130067886317e-13 2.263577723131e-16 
8.832567501018e-10 1.448226077704e-08 4.547332744778e-08 8.712480522359e-08 3.995062096462e-08 1.523993047823e-08 3.147477909373e-09 2.938851476003e-10 7.735681268905e-12 1.235541917325e-14 
7.969362101557e-11 2.705292352075e-09 1.641068608442e-08 3.995062096462e-08 7.789258344270e-08 3.409421782940e-08 1.250515600662e-08 2.081896729441e-09 1.022804266833e-10 3.588380397816e-13 
4.702885871022e-12 3.178303436125e-10 3.488290380889e-09 1.523993047823e-08 3.409421782940e-08 7.042840264078e-08 2.820660073181e-08 8.762593632715e-09 8.463362888981e-10 6.850783135195e-12 
1.553140589491e-13 2.118133518071e-11 4.123161521226e-10 3.147477909373e-09 1.250515600662e-08 2.820660073181e-08 6.378141087811e-08 2.199109428879e-08 4.549431232875e-09 9.490430463701e-11 
2.170274972229e-15 6.240834831705e-13 2.201048993488e-11 2.938851476003e-10 2.081896729441e-09 8.762593632715e-09 2.199109428879e-08 5.769016935115e-08 1.492537869226e-08 9.720148127207e-10 
6.978794374403e-18 4.549342195969e-15 3.130067886317e-13 7.735681268905e-12 1.022804266833e-10 8.463362888981e-10 4.549431232875e-09 1.492537869226e-08 5.142240270430e-08 6.752152473867e-09 
8.134295080474e-22 1.409681264802e-18 2.263577723131e-16 1.235541917325e-14 3.588380397816e-13 6.850783135195e-12 9.490430463701e-11 9.720148127207e-10 6.752152473867e-09 4.169964875798e-08 
