6.204021894053e-08 1.611865301256e-08 3.278865749274e-09 4.366869851764e-10 4.063079870246e-11 2.452464610376e-12 8.271347546863e-14 1.172400037320e-15 3.808123606080e-18 4.447940679687e-22 
1.611865301256e-08 6.814559043031e-08 2.369288570237e-08 7.314421040787e-09 1.399507012972e-09 1.677676088155e-10 1.137644550717e-11 3.382486224478e-13 2.491865409352e-15 7.683595613822e-19 
3.278865749274e-09 2.369288570237e-08 6.360253515588e-08 2.338819692218e-08 8.596543240297e-09 1.859695722530e-09 2.225080471177e-10 1.196777535927e-11 1.718163193998e-13 1.230082778900e-16 
4.366869851764e-10 7.314421040787e-09 2.338819692218e-08 5.898656726975e-08 2.119664223097e-08 8.191407500808e-09 1.704444838595e-09 1.603739187328e-10 4.247484316657e-12 6.697251585659e-15 
4.063079870246e-11 1.399507012972e-09 8.596543240297e-09 2.119664223097e-08 5.486835006948e-08 1.842725426905e-08 6.796911640464e-09 1.140307785771e-09 5.606784047738e-11 1.941300837945e-13 
2.452464610376e-12 1.677676088155e-10 1.859695722530e-09 8.191407500808e-09 1.842725426905e-08 5.112798296588e-08 1.540861303020e-08 4.810736704183e-09 4.622579434096e-10 3.700675192106e-12 
8.271347546863e-14 1.137644550717e-11 2.225080471177e-10 1.704444838595e-09 6.796911640464e-09 1.540861303020e-08 4.772959593892e-08 1.205338715770e-08 2.472078413178e-09 5.117558072469e-11 
1.172400037320e-15 3.382486224478e-13 1.196777535927e-11 1.603739187328e-10 1.140307785771e-09 4.810736704183e-09 1.205338715770e-08 4.426051638356e-08 8.072000476401e-09 5.216206835379e-10 
3.808123606080e-18 2.491865409352e-15 1.718163193998e-13 4.247484316657e-12 5.606784047738e-11 4.622579434096e-10 2.472078413178e-09 8.072000476401e-09 4.069727031326e-08 3.561454006742e-09 
4.447940679687e-22 7.683595613822e-19 1.230082778900e-16 6.697251585659e-15 1.941300837945e-13 3.700675192106e-12 5.117558072469e-11 5.216206835379e-10 3.561454006742e-09 3.506107257536e-08 
