6.323676759562e-08 1.663257299261e-08 3.377029011164e-09 4.491107166438e-10 4.172172122428e-11 2.515936498420e-12 8.478874293700e-14 1.199893726967e-15 3.899044628161e-18 4.543728265268e-22 
1.663257299261e-08 6.935475226852e-08 2.437538809617e-08 7.515043008936e-09 1.436056664467e-09 1.720559271656e-10 1.165121029873e-11 3.461961805617e-13 2.550570654116e-15 7.850242174261e-19 
3.377029011164e-09 2.437538809617e-08 6.458180042411e-08 2.400486325731e-08 8.818105250737e-09 1.906075224897e-09 2.277590693169e-10 1.225190801924e-11 1.757599997411e-13 1.257284705703e-16 
4.491107166438e-10 7.515043008936e-09 2.400486325731e-08 5.978168573832e-08 2.173311477736e-08 8.388589420314e-09 1.744452533967e-09 1.641905558781e-10 4.342209438660e-12 6.849165386634e-15 
4.172172122428e-11 1.436056664467e-09 8.818105250737e-09 2.173311477736e-08 5.551562778579e-08 1.885977739212e-08 6.958044956654e-09 1.167068723566e-09 5.728972826178e-11 1.986396359936e-13 
2.515936498420e-12 1.720559271656e-10 1.906075224897e-09 8.388589420314e-09 1.885977739212e-08 5.166961505435e-08 1.577493680356e-08 4.919750918714e-09 4.722698504936e-10 3.787894702325e-12 
8.478874293700e-14 1.165121029873e-11 2.277590693169e-10 1.744452533967e-09 6.958044956654e-09 1.577493680356e-08 4.817807405727e-08 1.231586397579e-08 2.526993448395e-09 5.237660727288e-11 
1.199893726967e-15 3.461961805617e-13 1.225190801924e-11 1.641905558781e-10 1.167068723566e-09 4.919750918714e-09 1.231586397579e-08 4.461225418698e-08 8.259815237511e-09 5.334343201535e-10 
3.899044628161e-18 2.550570654116e-15 1.757599997411e-13 4.342209438660e-12 5.728972826178e-11 4.722698504936e-10 2.526993448395e-09 8.259815237511e-09 4.098520128130e-08 3.637770430637e-09 
4.543728265268e-22 7.850242174261e-19 1.257284705703e-16 6.849165386634e-15 1.986396359936e-13 3.787894702325e-12 5.237660727288e-11 5.334343201535e-10 3.637770430637e-09 3.522151825524e-08 
