2.376431032422e-07 8.043942215450e-08 1.488163276608e-08 1.862564615626e-09 1.663163130146e-10 9.782327483467e-12 3.247385620766e-13 4.599244969989e-15 1.506740028631e-17 1.829259525556e-21 
8.043942215450e-08 2.121880539170e-07 1.025600466171e-07 3.030018907152e-08 5.631347756146e-09 6.623633598574e-10 4.456986826210e-11 1.330803569543e-12 9.903140856997e-15 3.194549441882e-18 
1.488163276608e-08 1.025600466171e-07 1.756387823088e-07 9.473810394828e-08 3.415244685439e-08 7.300539550598e-09 8.726158867023e-10 4.721388891020e-11 6.868924718410e-13 5.170370455105e-16 
1.862564615626e-09 3.030018907152e-08 9.473810394828e-08 1.507933113901e-07 8.340498938938e-08 3.209382497303e-08 6.700474205635e-09 6.347107598784e-10 1.711497120877e-11 2.846999824577e-14 
1.663163130146e-10 5.631347756146e-09 3.415244685439e-08 8.340498938938e-08 1.326715714366e-07 7.232595715755e-08 2.680636253535e-08 4.535086558664e-09 2.282841976038e-10 8.352134354769e-13 
9.782327483467e-12 6.623633598574e-10 7.300539550598e-09 3.209382497303e-08 7.232595715755e-08 1.185220953944e-07 6.104400027534e-08 1.929892951416e-08 1.908788862751e-09 1.613963503902e-11 
3.247385620766e-13 4.456986826210e-11 8.726158867023e-10 6.700474205635e-09 2.680636253535e-08 6.104400027534e-08 1.062495147914e-07 4.909743494405e-08 1.040648951725e-08 2.270866845432e-10 
4.599244969989e-15 1.330803569543e-12 4.721388891020e-11 6.347107598784e-10 4.535086558664e-09 1.929892951416e-08 4.909743494405e-08 9.521982632442e-08 3.488235080375e-08 2.376099041433e-09 
1.506740028631e-17 9.903140856997e-15 6.868924718410e-13 1.711497120877e-11 2.282841976038e-10 1.908788862751e-09 1.040648951725e-08 3.488235080375e-08 8.431711529572e-08 1.700545677569e-08 
1.829259525556e-21 3.194549441882e-18 5.170370455105e-16 2.846999824577e-14 8.352134354769e-13 1.613963503902e-11 2.270866845432e-10 2.376099041433e-09 1.700545677569e-08 6.388146826521e-08 
