7.760454156354e-07 2.849920182855e-07 5.545251912995e-08 7.337720500988e-09 6.937889452003e-10 4.309860572514e-11 1.503112824776e-12 2.264429936646e-14 8.085224115175e-17 1.042630373883e-20 
2.849920182855e-07 7.069760121222e-07 3.979216016543e-07 1.240113559171e-07 2.431808302505e-08 3.002470020610e-09 2.122075230265e-10 6.773402469588e-12 5.428151085476e-14 1.830249702684e-17 
5.545251912995e-08 3.979216016543e-07 6.267378401245e-07 4.033043010781e-07 1.520876417753e-07 3.392806427238e-08 4.270348513835e-09 2.471182340907e-10 3.819311612171e-12 2.977849553402e-15 
7.337720500988e-09 1.240113559171e-07 4.033043010781e-07 5.706209133085e-07 3.827760150073e-07 1.534020289801e-07 3.379868128935e-08 3.404857264330e-09 9.616095662633e-11 1.649869458690e-13 
6.937889452003e-10 2.431808302505e-08 1.520876417753e-07 3.827760150073e-07 5.238687165593e-07 3.581302919590e-07 1.398695715546e-07 2.486980636656e-08 1.293442013548e-09 4.878264607364e-12 
4.309860572514e-11 3.002470020610e-09 3.392806427238e-08 1.534020289801e-07 3.581302919590e-07 4.949638843079e-07 3.295653784133e-07 1.078127249373e-07 1.090080649455e-08 9.527483421549e-11 
1.503112824776e-12 2.122075230265e-10 4.270348513835e-09 3.379868128935e-08 1.398695715546e-07 3.295653784133e-07 4.617724646751e-07 2.782405301001e-07 6.000952236765e-08 1.361674820020e-09 
2.264429936646e-14 6.773402469588e-12 2.471182340907e-10 3.404857264330e-09 2.486980636656e-08 1.078127249373e-07 2.782405301001e-07 4.129164356567e-07 2.045424006119e-07 1.461274339144e-08 
8.085224115175e-17 5.428151085476e-14 3.819311612171e-12 9.616095662633e-11 1.293442013548e-09 1.090080649455e-08 6.000952236765e-08 2.045424006119e-07 3.687601757449e-07 1.090510343023e-07 
1.042630373883e-20 1.830249702684e-17 2.977849553402e-15 1.649869458690e-13 4.878264607364e-12 9.527483421549e-11 1.361674820020e-09 1.461274339144e-08 1.090510343023e-07 2.684987952664e-07 
