4.067434399824e-07 1.387627500721e-07 2.571376159254e-08 3.249688492360e-09 2.948884664086e-10 1.771968689188e-11 6.031999205708e-13 8.784657659532e-15 2.996954147987e-17 3.852234885727e-21 
1.387627500721e-07 3.458015537498e-07 1.783522807591e-07 5.341281456634e-08 1.011342536458e-08 1.217099678963e-09 8.389407058801e-11 2.579018303469e-12 1.996017421656e-14 6.786077429506e-18 
2.571376159254e-08 1.783522807591e-07 2.874810496405e-07 1.691906886836e-07 6.219083296484e-08 1.358534722082e-08 1.662330934052e-09 9.271209874575e-11 1.400504003673e-12 1.106589860591e-15 
3.249688492360e-09 5.341281456634e-08 1.691906886836e-07 2.507330837759e-07 1.542325190869e-07 6.051408819436e-08 1.293405760637e-08 1.262698977632e-09 3.528584765388e-11 6.134483321851e-14 
2.948884664086e-10 1.011342536458e-08 6.219083296484e-08 1.542325190869e-07 2.245335562533e-07 1.384841725560e-07 5.256043072208e-08 9.148463825149e-09 4.761287462113e-10 1.811007236667e-12 
1.771968689188e-11 1.217099678963e-09 1.358534722082e-08 6.051408819436e-08 1.384841725560e-07 2.044762846135e-07 1.218827826140e-07 3.954431239788e-08 4.031818938681e-09 3.521980447941e-11 
6.031999205708e-13 8.389407058801e-11 1.662330934052e-09 1.293405760637e-08 5.256043072208e-08 1.218827826140e-07 1.872481984888e-07 1.024461565711e-07 2.228610808377e-08 4.992932255602e-10 
8.784657659532e-15 2.579018303469e-12 9.271209874575e-11 1.262698977632e-09 9.148463825149e-09 3.954431239788e-08 1.024461565711e-07 1.709137883189e-07 7.578558302398e-08 5.283918618508e-09 
2.996954147987e-17 1.996017421656e-14 1.400504003673e-12 3.528584765388e-11 4.761287462113e-10 4.031818938681e-09 2.228610808377e-08 7.578558302398e-08 1.522364537381e-07 3.863849306186e-08 
3.852234885727e-21 6.786077429506e-18 1.106589860591e-15 6.134483321851e-14 1.811007236667e-12 3.521980447941e-11 4.992932255602e-10 5.283918618508e-09 3.863849306186e-08 1.117338727492e-07 
