1.031155028173e-07 3.286318288767e-08 6.380798827815e-09 8.203961738471e-10 7.422051741623e-11 4.386014973886e-12 1.452472462191e-13 2.027167585569e-15 6.529731202722e-18 7.575461130626e-22 
3.286318288767e-08 1.065342517505e-07 4.490305940671e-08 1.347898247661e-08 2.521462677226e-09 2.969062901256e-10 1.980575753437e-11 5.827469365686e-13 4.260789835359e-15 1.311006216952e-18 
6.380798827815e-09 4.490305940671e-08 9.368677498129e-08 4.236960638234e-08 1.531399043935e-08 3.261895235978e-09 3.852282536593e-10 2.056900349187e-11 2.930886009838e-13 2.104061292329e-16 
8.203961738471e-10 1.347898247661e-08 4.236960638234e-08 8.316815028018e-08 3.734374608795e-08 1.424893707090e-08 2.939254852634e-09 2.749616229107e-10 7.233855302156e-12 1.148826737107e-14 
7.422051741623e-11 2.521462677226e-09 1.531399043935e-08 3.734374608795e-08 7.467014241519e-08 3.184449028321e-08 1.168478527429e-08 1.949485042568e-09 9.544508723415e-11 3.339694969708e-13 
4.386014973886e-12 2.969062901256e-10 3.261895235978e-09 1.424893707090e-08 3.184449028321e-08 6.764530164095e-08 2.639918524509e-08 8.200237366893e-09 7.879451124509e-10 6.384311933360e-12 
1.452472462191e-13 1.980575753437e-11 3.852282536593e-10 2.939254852634e-09 1.168478527429e-08 2.639918524509e-08 6.151499113856e-08 2.051894392785e-08 4.230230944313e-09 8.853759595776e-11 
2.027167585569e-15 5.827469365686e-13 2.056900349187e-11 2.749616229107e-10 1.949485042568e-09 8.200237366893e-09 2.051894392785e-08 5.562785489468e-08 1.389736572292e-08 9.058570913601e-10 
6.529731202722e-18 4.260789835359e-15 2.930886009838e-13 7.233855302156e-12 9.544508723415e-11 7.879451124509e-10 4.230230944313e-09 1.389736572292e-08 4.985318692580e-08 6.244285285071e-09 
7.575461130626e-22 1.311006216952e-18 2.104061292329e-16 1.148826737107e-14 3.339694969708e-13 6.384311933360e-12 8.853759595776e-11 9.058570913601e-10 6.244285285071e-09 4.061075260756e-08 
