1.9491921864986179e-06 8.1401739546686694e-07 1.6521140723446873e-07 2.2863782584375887e-08 2.1912857922201857e-09 1.3376847905144740e-10 4.5662832448818443e-12 6.7533763184489361e-14 2.4003273567949572e-16 3.2600679155156242e-20 
8.1401739546686694e-07 2.0338803583663873e-06 1.2263836713325942e-06 3.9144476726390153e-07 7.6091999986182131e-08 9.2010690906555256e-09 6.3851763593515042e-10 2.0092796309247175e-11 1.6228116259017092e-13 5.7752226637200377e-17 
1.6521140723446873e-07 1.2263836713325942e-06 1.9154186817208003e-06 1.2681022137693787e-06 4.6978698474019355e-07 1.0293393869073279e-07 1.2756628744161976e-08 7.3223592403532273e-10 1.1529116160124437e-11 9.4598927614566572e-15 
2.2863782584375887e-08 3.9144476726390153e-07 1.2681022137693787e-06 1.7085404188281093e-06 1.1669420120694376e-06 4.6108188229686074e-07 1.0040435909306652e-07 1.0116805157466606e-08 2.9361717412156096e-10 5.2641544985733052e-13 
2.1912857922201857e-09 7.6091999986182131e-08 4.6978698474019355e-07 1.1669420120694376e-06 1.5212951561718847e-06 1.0670989322143790e-06 4.1447396311022234e-07 7.4445081721010914e-08 4.0004759794296144e-09 1.5589995015136324e-11 
1.3376847905144740e-10 9.2010690906555256e-09 1.0293393869073279e-07 4.6108188229686074e-07 1.0670989322143790e-06 1.4114466663484726e-06 9.8049530136212816e-07 3.2711531271961629e-07 3.4183641702415397e-08 3.0387501335302148e-10 
4.5662832448818443e-12 6.3851763593515042e-10 1.2756628744161976e-08 1.0040435909306652e-07 4.1447396311022234e-07 9.8049530136212816e-07 1.3366721453351965e-06 8.6103136755641368e-07 1.9056408118350409e-07 4.3091463459900809e-09 
6.7533763184489361e-14 2.0092796309247175e-11 7.3223592403532273e-10 1.0116805157466606e-08 7.4445081721010914e-08 3.2711531271961629e-07 8.6103136755641368e-07 1.2444144278304620e-06 6.5270219889366396e-07 4.5361817161653350e-08 
2.4003273567949572e-16 1.6228116259017092e-13 1.1529116160124437e-11 2.9361717412156096e-10 4.0004759794296144e-09 3.4183641702415397e-08 1.9056408118350409e-07 6.5270219889366396e-07 1.0958919572634119e-06 3.2475585513359166e-07 
3.2600679155156242e-20 5.7752226637200377e-17 9.4598927614566572e-15 5.2641544985733052e-13 1.5589995015136324e-11 3.0387501335302148e-10 4.3091463459900809e-09 4.5361817161653350e-08 3.2475585513359166e-07 6.9642995723471955e-07 
