9.5942877179610377e-08 3.0146791170482799e-08 5.8931622238040352e-09 7.6117159384445757e-10 6.9107399806365025e-11 4.0934969094881547e-12 1.3570437023047067e-13 1.8981903887195041e-15 6.0987029857423713e-18 7.0759724405267637e-22 
3.0146791170482799e-08 1.0046922353178612e-07 4.1617733204118628e-08 1.2535513665582410e-08 2.3517282875720737e-09 2.7724912624746212e-10 1.8527081466454248e-11 5.4549336137366057e-13 3.9763963128199564e-15 1.2238800023762311e-18 
5.8931622238040352e-09 4.1617733204118628e-08 8.9073094388083593e-08 3.9492942673089599e-08 1.4295560467915916e-08 3.0481998343842592e-09 3.6063659820757112e-10 1.9233928235735563e-11 2.7351810989318650e-13 1.9619842002174357e-16 
7.6117159384445757e-10 1.2535513665582410e-08 3.9492942673089599e-08 7.9506749743789413e-08 3.4881900290773297e-08 1.3330468164792235e-08 2.7516392915677031e-09 2.5682903483155560e-10 6.7533874698542628e-12 1.0695476790993105e-14 
6.9107399806365025e-11 2.3517282875720737e-09 1.4295560467915916e-08 3.4881900290773297e-08 7.1662752765077823e-08 2.9816238360667824e-08 1.0927879009062529e-08 1.8195475649736644e-09 8.9138939694610085e-11 3.1035375450785795e-13 
4.0934969094881547e-12 2.7724912624746212e-10 3.0481998343842592e-09 1.3330468164792235e-08 2.9816238360667824e-08 6.5104877694578402e-08 2.4651172398568017e-08 7.6539958731590998e-09 7.3573760986097367e-10 5.9219729187034048e-12 
1.3570437023047067e-13 1.8527081466454248e-11 3.6063659820757112e-10 2.7516392915677031e-09 1.0927879009062529e-08 2.4651172398568017e-08 5.9292085375640805e-08 1.9163719915215637e-08 3.9432736248433164e-09 8.2002737666812145e-11 
1.8981903887195041e-15 5.4549336137366057e-13 1.9233928235735563e-11 2.5682903483155560e-10 1.8195475649736644e-09 7.6539958731590998e-09 1.9163719915215637e-08 5.3791061903818861e-08 1.2907857261852842e-08 8.3862708729432002e-10 
6.0987029857423713e-18 3.9763963128199564e-15 2.7351810989318650e-13 6.7533874698542628e-12 8.9138939694610085e-11 7.3573760986097367e-10 3.9432736248433164e-09 1.2907857261852842e-08 4.8252855119019311e-08 5.7856885326840422e-09 
7.0759724405267637e-22 1.2238800023762311e-18 1.9619842002174357e-16 1.0695476790993105e-14 3.1035375450785795e-13 5.9219729187034048e-12 8.2002737666812145e-11 8.3862708729432002e-10 5.7856885326840422e-09 3.9621123037449263e-08 
