7.170019850508e-08 2.025282945853e-08 4.061136769718e-09 5.347186855067e-10 4.927964987164e-11 2.954186833733e-12 9.878467948058e-14 1.394638838270e-15 4.502213199969e-18 5.246430041350e-22 
2.025282945853e-08 7.779352107447e-08 2.909950774719e-08 8.896446419518e-09 1.690175980022e-09 2.010981062863e-10 1.354994596621e-11 4.018789245441e-13 2.937642859151e-15 9.072104957639e-19 
4.061136769718e-09 2.909950774719e-08 7.131432457927e-08 2.829464335160e-08 1.033673870553e-08 2.220386891684e-09 2.647307639796e-10 1.418812480226e-11 2.022654679465e-13 1.452963456498e-16 
5.347186855067e-10 8.896446419518e-09 2.829464335160e-08 6.525671183802e-08 2.535455542812e-08 9.754507060879e-09 2.025725002697e-09 1.896010268418e-10 4.999677362063e-12 7.908025393505e-15 
4.927964987164e-11 1.690175980022e-09 1.033673870553e-08 2.535455542812e-08 5.996965608953e-08 2.191609669331e-08 8.060147614631e-09 1.344398540574e-09 6.605475048962e-11 2.289689144454e-13 
2.954186833733e-12 2.010981062863e-10 2.220386891684e-09 9.754507060879e-09 2.191609669331e-08 5.541100523060e-08 1.820189049735e-08 5.662941749333e-09 5.453674792088e-10 4.357144885505e-12 
9.878467948058e-14 1.354994596621e-11 2.647307639796e-10 2.025725002697e-09 8.060147614631e-09 1.820189049735e-08 5.119334613396e-08 1.420152119525e-08 2.918983205461e-09 6.014219907432e-11 
1.394638838270e-15 4.018789245441e-13 1.418812480226e-11 1.896010268418e-10 1.344398540574e-09 5.662941749333e-09 1.420152119525e-08 4.716110421234e-08 9.514248232818e-09 6.130086715057e-10 
4.502213199969e-18 2.937642859151e-15 2.022654679465e-13 4.999677362063e-12 6.605475048962e-11 5.453674792088e-10 2.918983205461e-09 9.514248232818e-09 4.288670695347e-08 4.211881858506e-09 
5.246430041350e-22 9.072104957639e-19 1.452963456498e-16 7.908025393505e-15 2.289689144454e-13 4.357144885505e-12 6.014219907432e-11 6.130086715057e-10 4.211881858506e-09 3.638599420838e-08 
