7.2864589950834799e-08 2.0786748672737474e-08 4.1667719724631403e-09 5.4839345570875264e-10 5.0506625133736964e-11 3.0255977750509749e-12 1.0121711441483302e-13 1.4259881332021050e-15 4.6045757859381586e-18 5.3451432618632787e-22 
2.0786748672737474e-08 7.9088170951845288e-08 2.9845088704777862e-08 9.1211300923991196e-09 1.7312340997837170e-09 2.0603151640369095e-10 1.3871630784414117e-11 4.1073740801140088e-13 3.0045678047519816e-15 9.2392392123437253e-19 
4.1667719724631403e-09 2.9845088704777862e-08 7.2408042636052779e-08 2.8987930188388037e-08 1.0587853253491533e-08 2.2746765502596830e-09 2.7075452530762792e-10 1.4504667713965599e-11 2.0674262410162699e-13 1.4799633511040472e-16 
5.4839345570875264e-10 9.1211300923991196e-09 2.8987930188388037e-08 6.6154158118940316e-08 2.5977990096489453e-08 9.9848412155487923e-09 2.0706039197979549e-09 1.9389841964043507e-10 5.1048437849249412e-12 8.0599759878100342e-15 
5.0506625133736964e-11 1.7312340997837170e-09 1.0587853253491533e-08 2.5977990096489453e-08 6.0728670695812481e-08 2.2407360851179493e-08 8.2395793012015489e-09 1.3748212251304371e-09 6.7361865782814908e-11 2.3359506630629361e-13 
3.0255977750509749e-12 2.0603151640369095e-10 2.2746765502596830e-09 9.9848412155487923e-09 2.2407360851179493e-08 5.6013473632576575e-08 1.8615897625974672e-08 5.7855264985674606e-09 5.5562111024424686e-10 4.4502226643712372e-12 
1.0121711441483302e-13 1.3871630784414117e-11 2.7075452530762792e-10 2.0706039197979549e-09 8.2395793012015489e-09 1.8615897625974672e-08 5.1701886766301687e-08 1.4481712096958908e-08 2.9739316236965677e-09 6.1481654316316337e-11 
1.4259881332021050e-15 4.1073740801140088e-13 1.4504667713965599e-11 1.9389841964043507e-10 1.3748212251304371e-09 5.7855264985674606e-09 1.4481712096958908e-08 4.7514158378061630e-08 9.7099725046162933e-09 6.2636858899709769e-10 
4.6045757859381586e-18 3.0045678047519816e-15 2.0674262410162699e-13 5.1048437849249412e-12 6.7361865782814908e-11 5.5562111024424686e-10 2.9739316236965677e-09 9.7099725046162933e-09 4.3209359533429340e-08 4.2900745174193248e-09 
5.3451432618632787e-22 9.2392392123437253e-19 1.4799633511040472e-16 8.0599759878100342e-15 2.3359506630629361e-13 4.4502226643712372e-12 6.1481654316316337e-11 6.2636858899709769e-10 4.2900745174193248e-09 3.6540419175418293e-08 
