9.9108618139682094e-08 3.1385546557035854e-08 6.1183103091031593e-09 7.8870259106362102e-10 7.1505232480783332e-11 4.2310122704743582e-12 1.4015239701624367e-13 1.9593770294581512e-15 6.2938027990802402e-18 7.3058543059029597e-22 
3.1385546557035854e-08 1.0326366803230071e-07 4.3143595043989861e-08 1.2976067249505300e-08 2.4316476016425715e-09 2.8642531131989080e-10 1.9128770629564256e-11 5.6299858803758845e-13 4.1037328349661575e-15 1.2638281873046972e-18 
6.1183103091031593e-09 4.3143595043989861e-08 9.1224331438976605e-08 4.0846350459411294e-08 1.4773083166403951e-08 3.1479969454482614e-09 3.7227759143003160e-10 1.9849789600329482e-11 2.8229757667125394e-13 2.0263425424190363e-16 
7.8870259106362102e-10 1.2976067249505300e-08 4.0846350459411294e-08 8.1226321100585442e-08 3.6029766549604366e-08 1.3762994424991327e-08 2.8400472372078535e-09 2.6504745284267912e-10 6.9708877114530069e-12 1.1048280377442741e-14 
7.1505232480783332e-11 2.4316476016425715e-09 1.4773083166403951e-08 3.6029766549604366e-08 7.3075528552748072e-08 3.0776655779667283e-08 1.1277860581109250e-08 1.8778364189100952e-09 9.2022547103701953e-11 3.2065926645519191e-13 
4.2310122704743582e-12 2.8642531131989080e-10 3.1479969454482614e-09 1.3762994424991327e-08 3.0776655779667283e-08 6.6287403103679132e-08 2.5440028546344811e-08 7.9000353302860759e-09 7.5968295972783386e-10 6.1202843195196553e-12 
1.4015239701624367e-13 1.9128770629564256e-11 3.7227759143003160e-10 2.8400472372078535e-09 1.1277860581109250e-08 2.5440028546344811e-08 6.0289879620424744e-08 1.9783766657851141e-08 4.0727454946976096e-09 8.4781580814003675e-11 
1.9593770294581512e-15 5.6299858803758845e-13 1.9849789600329482e-11 2.6504745284267912e-10 1.8778364189100952e-09 7.9000353302860759e-09 1.9783766657851141e-08 5.4627746037615320e-08 1.3337738693806359e-08 8.6758445624146669e-10 
6.2938027990802402e-18 4.1037328349661575e-15 2.8229757667125394e-13 6.9708877114530069e-12 9.2022547103701953e-11 7.5968295972783386e-10 4.0727454946976096e-09 1.3337738693806359e-08 4.8938216381209931e-08 5.9919995399687723e-09 
7.3058543059029597e-22 1.2638281873046972e-18 2.0263425424190363e-16 1.1048280377442741e-14 3.2065926645519191e-13 6.1202843195196553e-12 8.4781580814003675e-11 8.6758445624146669e-10 5.9919995399687723e-09 4.0051974450770902e-08 
