7.8455249676484557e-08 2.3113651671150029e-08 4.6008721309819240e-09 6.0224747669735640e-10 5.5231476514576521e-11 3.2972750172063441e-12 1.0998881452180053e-13 1.5458769224064140e-15 4.9819028200596671e-18 5.7780753962823055e-22 
2.3113651671150029e-08 8.4455180234360294e-08 3.2820416321233499e-08 9.9875605871763815e-09 1.8890279549933173e-09 2.2414955088240516e-10 1.5054971433247200e-11 4.4489428010874141e-13 3.2494940319850446e-15 9.9879653225613666e-19 
4.6008721309819240e-09 3.2820416321233499e-08 7.6634997076486374e-08 3.1658342229318488e-08 1.1531137432141926e-08 2.4714004961510365e-09 2.9357963708068883e-10 1.5701257169362620e-11 2.2354159477810188e-13 1.6000217196792960e-16 
6.0224747669735640e-10 9.9875605871763815e-09 3.1658342229318488e-08 6.9551125411828824e-08 2.8242905215345057e-08 1.0835139188237131e-08 2.2433071522697514e-09 2.0979048377603604e-10 5.5188280388784180e-12 8.7148871941304777e-15 
5.5231476514576521e-11 1.8890279549933173e-09 1.1531137432141926e-08 2.8242905215345057e-08 6.3508179293972952e-08 2.4287892458625755e-08 8.9199113754864873e-09 1.4868900734251784e-09 7.2819275307281069e-11 2.5262156048206132e-13 
3.2972750172063441e-12 2.2414955088240516e-10 2.4714004961510365e-09 1.0835139188237131e-08 2.4287892458625755e-08 5.8315729783725553e-08 2.0139163012835668e-08 6.2552123133193039e-09 6.0063824866028873e-10 4.8140239671916561e-12 
1.0998881452180053e-13 1.5054971433247200e-11 2.9357963708068883e-10 2.2433071522697514e-09 8.9199113754864873e-09 2.0139163012835668e-08 5.3611543536994682e-08 1.5654950668664790e-08 3.2152877199807132e-09 6.6538015301423305e-11 
1.5458769224064140e-15 4.4489428010874141e-13 1.5701257169362620e-11 2.0979048377603604e-10 1.4868900734251784e-09 6.2552123133193039e-09 1.5654950668664790e-08 4.9079695074017596e-08 1.0501951018434590e-08 6.7845672001684245e-10 
4.9819028200596671e-18 3.2494940319850446e-15 2.2354159477810188e-13 5.5188280388784180e-12 7.2819275307281069e-11 6.0063824866028873e-10 3.2152877199807132e-09 1.0501951018434590e-08 4.4449755812321433e-08 4.6548158814222259e-09 
5.7780753962823055e-22 9.9879653225613666e-19 1.6000217196792960e-16 8.7148871941304777e-15 2.5262156048206132e-13 4.8140239671916561e-12 6.6538015301423305e-11 6.7845672001684245e-10 4.6548158814222259e-09 3.7282495254965657e-08 
