1.106115295358e-07 3.573092449215e-08 6.897792462154e-09 8.833640802207e-10 7.970416152686e-11 4.703562461074e-12 1.553402466676e-13 2.170799592979e-15 6.980698794645e-18 8.135829825349e-22 
3.573092449215e-08 1.129565418008e-07 4.840011815826e-08 1.448412535801e-08 2.705668963083e-09 3.178796879704e-10 2.118555555561e-11 6.242544253949e-13 4.550461294153e-15 1.409947105633e-18 
6.897792462154e-09 4.840011815826e-08 9.859349087450e-08 4.547952222847e-08 1.641311030218e-08 3.488895111348e-09 4.124123724028e-10 2.201668825208e-11 3.130760449490e-13 2.264007463335e-16 
8.833640802207e-10 1.448412535801e-08 4.547952222847e-08 8.713337927780e-08 3.995712979047e-08 1.524303777892e-08 3.148311894720e-09 2.939645431061e-10 7.737256386771e-12 1.235778638747e-14 
7.970416152686e-11 2.705668963083e-09 1.641311030218e-08 3.995712979047e-08 7.790226683568e-08 3.410264590302e-08 1.250867242344e-08 2.082405385666e-09 1.023001755076e-10 3.589074674714e-13 
4.703562461074e-12 3.178796879704e-10 3.488895111348e-09 1.524303777892e-08 3.410264590302e-08 7.044023507190e-08 2.821406687084e-08 8.764463119728e-09 8.464962794906e-10 6.852121460858e-12 
1.553402466676e-13 2.118555555561e-11 4.124123724028e-10 3.148311894720e-09 1.250867242344e-08 2.821406687084e-08 6.378933872007e-08 2.199533818101e-08 4.550296473572e-09 9.492300213262e-11 
2.170799592979e-15 6.242544253949e-13 2.201668825208e-11 2.939645431061e-10 2.082405385666e-09 8.764463119728e-09 2.199533818101e-08 5.769575149236e-08 1.492827448126e-08 9.722072237943e-10 
6.980698794645e-18 4.550461294153e-15 3.130760449490e-13 7.737256386771e-12 1.023001755076e-10 8.464962794906e-10 4.550296473572e-09 1.492827448126e-08 5.142698529139e-08 6.753490126009e-09 
8.135829825349e-22 1.409947105633e-18 2.264007463335e-16 1.235778638747e-14 3.589074674714e-13 6.852121460858e-12 9.492300213262e-11 9.722072237943e-10 6.753490126009e-09 4.170235310459e-08 
