1.7762355759087241e-07 6.0002008477266841e-08 1.1228880396509403e-08 1.4111045545599138e-09 1.2589847993055607e-10 7.3789845076277619e-12 2.4343984544499019e-13 3.4086695334380182e-15 1.1053074815344561e-17 1.3161618883327977e-21 
6.0002008477266841e-08 1.6682522958207042e-07 7.7649069198107965e-08 2.2952988372288252e-08 4.2539052303259897e-09 4.9811300318201448e-10 3.3229386334867946e-11 9.8203131405577099e-13 7.2403597128389566e-15 2.2892842164518671e-18 
1.1228880396509403e-08 7.7649069198107965e-08 1.3991271907116202e-07 7.1631921348269237e-08 2.5734632935919334e-08 5.4683423064256909e-09 6.4746815455948154e-10 3.4733269639936532e-11 5.0041151672374511e-13 3.6907361130944391e-16 
1.4111045545599138e-09 2.2952988372288252e-08 7.1631921348269237e-08 1.2063451668122253e-07 6.2610619141422869e-08 2.3911665594393233e-08 4.9502190888417645e-09 4.6555349190272106e-10 1.2419536887303983e-11 2.0241187843496956e-14 
1.2589847993055607e-10 4.2539052303259897e-09 2.5734632935919334e-08 6.2610619141422869e-08 1.0614645225375694e-07 5.3565603053604547e-08 1.9726726251115617e-08 3.3145235793516977e-09 1.6490988808304088e-10 5.9128549444898329e-13 
7.3789845076277619e-12 4.9811300318201448e-10 5.4683423064256909e-09 2.3911665594393233e-08 5.3565603053604547e-08 9.4739222335531161e-08 4.4737118326027630e-08 1.4035150321729232e-08 1.3713612532270318e-09 1.1371656617640522e-11 
2.4343984544499019e-13 3.3229386334867946e-11 6.4746815455948154e-10 4.9502190888417645e-09 1.9726726251115617e-08 4.4737118326027630e-08 8.5069041458327114e-08 3.5461421988482017e-08 7.4243546337383816e-09 1.5907023415910606e-10 
3.4086695334380182e-15 9.8203131405577099e-13 3.4733269639936532e-11 4.6555349190272106e-10 3.3145235793516977e-09 1.4035150321729232e-08 3.5461421988482017e-08 7.6162211208348097e-08 2.4656487910645372e-08 1.6509865737533160e-09 
1.1053074815344561e-17 7.2403597128389566e-15 5.0041151672374511e-13 1.2419536887303983e-11 1.6490988808304088e-10 1.3713612532270318e-09 7.4243546337383816e-09 2.4656487910645372e-08 6.7362039922220132e-08 1.1668561196281319e-08 
1.3161618883327977e-21 2.2892842164518671e-18 3.6907361130944391e-16 2.0241187843496956e-14 5.9128549444898329e-13 1.1371656617640522e-11 1.5907023415910606e-10 1.6509865737533160e-09 1.1668561196281319e-08 5.2224387286306631e-08 
