5.6746009854334460e-07 1.9913038061437665e-07 3.7752613595276603e-08 4.8920687547229495e-09 4.5369415982273906e-10 2.7812051178853651e-11 9.6430040391893281e-13 1.4275350532599694e-14 4.9971348147631950e-17 6.4834664799276517e-21 
1.9913038061437665e-07 4.9236846811745680e-07 2.6671860839618820e-07 8.1612841938424689e-08 1.5755479292154050e-08 1.9312288350577658e-09 1.3519494283941583e-10 4.2283446756003639e-12 3.3518329000898459e-14 1.1406130190648285e-17 
3.7752613595276603e-08 2.6671860839618820e-07 4.2318177911841013e-07 2.6220926010162350e-07 9.8014623417387320e-08 2.1741158913159546e-08 2.6974203834238292e-09 1.5331707150663400e-10 2.3604792248512788e-12 1.8598677246884875e-15 
4.8920687547229495e-09 8.1612841938424689e-08 2.6220926010162350e-07 3.7805019802333587e-07 2.4581392454589605e-07 9.7616503785689515e-08 2.1154983202861771e-08 2.1052345255928916e-09 5.9533603645500646e-11 1.0328110855464702e-13 
4.5369415982273906e-10 1.5755479292154050e-08 9.8014623417387320e-08 2.4581392454589605e-07 3.4430325896884284e-07 2.2538420773101594e-07 8.6833155760316613e-08 1.5361339827397195e-08 8.0260931350520856e-10 3.0610166444555165e-12 
2.7812051178853651e-11 1.9312288350577658e-09 2.1741158913159546e-08 9.7616503785689515e-08 2.2538420773101594e-07 3.1853671072005405e-07 2.0364758807263322e-07 6.6682506563716742e-08 6.7840896624991815e-09 5.9924316265165859e-11 
9.6430040391893281e-13 1.3519494283941583e-10 2.6974203834238292e-09 2.1154983202861771e-08 8.6833155760316613e-08 2.0364758807263322e-07 2.9617243490862312e-07 1.7266980345045304e-07 3.7492234799186403e-08 8.5812478229061296e-10 
1.4275350532599694e-14 4.2283446756003639e-12 1.5331707150663400e-10 2.1052345255928916e-09 1.5361339827397195e-08 6.6682506563716742e-08 1.7266980345045304e-07 2.6815058627978862e-07 1.2843833738513631e-07 9.2082108381897558e-09 
4.9971348147631950e-17 3.3518329000898459e-14 2.3604792248512788e-12 5.9533603645500646e-11 8.0260931350520856e-10 6.7840896624991815e-09 3.7492234799186403e-08 1.2843833738513631e-07 2.4281390036509539e-07 6.8149296594152543e-08 
6.4834664799276517e-21 1.1406130190648285e-17 1.8598677246884875e-15 1.0328110855464702e-13 3.0610166444555165e-12 5.9924316265165859e-11 8.5812478229061296e-10 9.2082108381897558e-09 6.8149296594152543e-08 1.7410132164681692e-07 
