1.694204543245e-07 5.705114216609e-08 1.070149475692e-08 1.346734091339e-09 1.202015134859e-10 7.049202894463e-12 2.325953507768e-13 3.251725322413e-15 1.056548483376e-17 1.252455710862e-21 
5.705114216609e-08 1.602699021021e-07 7.408153723867e-08 2.191426463974e-08 4.062408456887e-09 4.760164373005e-10 3.171898214010e-11 9.373381940766e-13 6.919121366323e-15 2.178818878356e-18 
1.070149475692e-08 7.408153723867e-08 1.348545550918e-07 6.839682080361e-08 2.458840183060e-08 5.223859550561e-09 6.177489326386e-10 3.318041346405e-11 4.777106272578e-13 3.515020623811e-16 
1.346734091339e-09 2.191426463974e-08 6.839682080361e-08 1.165081879008e-07 5.982893061986e-08 2.282326257653e-08 4.724126758667e-09 4.449503314059e-10 1.184031710113e-11 1.929453685809e-14 
1.202015134859e-10 4.062408456887e-09 2.458840183060e-08 5.982893061986e-08 1.026140530250e-07 5.110517278399e-08 1.884276607548e-08 3.166845468683e-09 1.570345345062e-10 5.640495340955e-13 
7.049202894463e-12 4.760164373005e-10 5.223859550561e-09 2.282326257653e-08 5.110517278399e-08 9.174000266715e-08 4.275956255043e-08 1.339044047733e-08 1.305230726575e-09 1.084998769995e-11 
2.325953507768e-13 3.171898214010e-11 6.177489326386e-10 4.724126758667e-09 1.884276607548e-08 4.275956255043e-08 8.249001943841e-08 3.376653839609e-08 7.071904120566e-09 1.516196177552e-10 
3.251725322413e-15 9.373381940766e-13 3.318041346405e-11 4.449503314059e-10 3.166845468683e-09 1.339044047733e-08 3.376653839609e-08 7.386498417862e-08 2.351865225644e-08 1.567984818917e-09 
1.056548483376e-17 6.919121366323e-15 4.777106272578e-13 1.184031710113e-11 1.570345345062e-10 1.305230726575e-09 7.071904120566e-09 2.351865225644e-08 6.546182378962e-08 1.099521362930e-08 
1.252455710862e-21 2.178818878356e-18 3.515020623811e-16 1.929453685809e-14 5.640495340955e-13 1.084998769995e-11 1.516196177552e-10 1.567984818917e-09 1.099521362930e-08 5.064846241115e-08 
