6.714188955883e-08 1.832069003088e-08 3.697582999018e-09 4.894564881503e-10 4.526507040220e-11 2.723591486266e-12 9.140252683879e-14 1.290753009004e-15 4.189806559674e-18 4.867116056330e-22 
1.832069003088e-08 7.330611025548e-08 2.659853797683e-08 8.164500470043e-09 1.555685203686e-09 1.858608667838e-10 1.253713396828e-11 3.725960912940e-13 2.735067676346e-15 8.420573538738e-19 
3.697582999018e-09 2.659853797683e-08 6.775038860818e-08 2.601817401147e-08 9.539033186411e-09 2.054297423822e-09 2.450123198726e-10 1.318110486890e-11 1.881704672393e-13 1.350168565072e-16 
4.894564881503e-10 8.164500470043e-09 2.601817401147e-08 6.237712285257e-08 2.345034557552e-08 9.025817513870e-09 1.877177118787e-09 1.764088937987e-10 4.645440744489e-12 7.359424887602e-15 
4.526507040220e-11 1.555685203686e-09 9.539033186411e-09 2.345034557552e-08 5.759695746649e-08 2.029011897384e-08 7.486219983466e-09 1.251399774046e-09 6.130977268511e-11 2.134000279010e-13 
2.723591486266e-12 1.858608667838e-10 2.054297423822e-09 9.025817513870e-09 2.029011897384e-08 5.345631214215e-08 1.694066283055e-08 5.265362002530e-09 5.061146873404e-10 4.065217714973e-12 
9.140252683879e-14 1.253713396828e-11 2.450123198726e-10 1.877177118787e-09 7.486219983466e-09 1.694066283055e-08 4.959102685230e-08 1.318089520864e-08 2.713168889688e-09 5.610695083581e-11 
1.290753009004e-15 3.725960912940e-13 1.318110486890e-11 1.764088937987e-10 1.251399774046e-09 5.265362002530e-09 1.318089520864e-08 4.580970092578e-08 8.869010833415e-09 5.702393051534e-10 
4.189806559674e-18 2.735067676346e-15 1.881704672393e-13 4.645440744489e-12 6.130977268511e-11 5.061146873404e-10 2.713168889688e-09 8.869010833415e-09 4.188141495184e-08 3.894907075307e-09 
4.867116056330e-22 8.420573538738e-19 1.350168565072e-16 7.359424887602e-15 2.134000279010e-13 4.065217714973e-12 5.610695083581e-11 5.702393051534e-10 3.894907075307e-09 3.577170501408e-08 
