1.1406299241030626e-07 3.7118852845302362e-08 7.1533420404037597e-09 9.1490243123491064e-10 8.2487677417012185e-11 4.8614860447008022e-12 1.6059717255684918e-13 2.2417569508778552e-15 7.2058954995399733e-18 8.3897079772597750e-22 
3.7118852845302362e-08 1.1612190736914569e-07 5.0141776996325073e-08 1.4994160143777877e-08 2.7978453271698374e-09 3.2855429947760711e-10 2.1898766417244860e-11 6.4409235708929841e-13 4.7017352709673310e-15 1.4522181291396586e-18 
7.1533420404037597e-09 5.0141776996325073e-08 1.0107958455415966e-07 4.7046138644535336e-08 1.6963481108137923e-08 3.6067982465926568e-09 4.2597864763415777e-10 2.2715413021573670e-11 3.2363853850884237e-13 2.3301250237843477e-16 
9.1490243123491064e-10 1.4994160143777877e-08 4.7046138644535336e-08 8.9111693405047750e-08 4.1303286314790710e-08 1.5754771177451650e-08 3.2491728491511613e-09 3.0346826588536797e-10 7.9962705584005932e-12 1.2716268871446080e-14 
8.2487677417012185e-11 2.7978453271698374e-09 1.6963481108137923e-08 4.1303286314790710e-08 7.9578281255099655e-08 3.5211891553733356e-08 1.2905481810564567e-08 2.1515713706964174e-09 1.0562041613717199e-10 3.6948729818817338e-13 
4.8614860447008022e-12 3.2855429947760711e-10 3.6067982465926568e-09 1.5754771177451650e-08 3.5211891553733356e-08 7.1778066737589630e-08 2.9132755009514958e-08 9.0592127734474877e-09 8.7260778707028377e-10 7.0622661206113978e-12 
1.6059717255684918e-13 2.1898766417244860e-11 4.2597864763415777e-10 3.2491728491511613e-09 1.2905481810564567e-08 2.9132755009514958e-08 6.4987232764291718e-08 2.2707512120935024e-08 4.6841485899164948e-09 9.8016779695536275e-11 
2.2417569508778552e-15 6.4409235708929841e-13 2.2715413021573670e-11 3.0346826588536797e-10 2.1515713706964174e-09 9.0592127734474877e-09 2.2707512120935024e-08 5.8575493961100302e-08 1.5376216825087708e-08 1.0058700595074433e-09 
7.2058954995399733e-18 4.7017352709673310e-15 3.2363853850884237e-13 7.9962705584005932e-12 1.0562041613717199e-10 8.7260778707028377e-10 4.6841485899164948e-09 1.5376216825087708e-08 5.2206360303894338e-08 6.9803809334154830e-09 
8.3897079772597750e-22 1.4522181291396586e-18 2.3301250237843477e-16 1.2716268871446080e-14 3.6948729818817338e-13 7.0622661206113978e-12 9.8016779695536275e-11 1.0058700595074433e-09 6.9803809334154830e-09 4.2132802687764244e-08 
