5.985578077988e-08 1.516081838602e-08 3.094781315472e-09 4.133603423345e-10 3.856202412320e-11 2.333401024443e-12 7.876425997186e-14 1.120166912391e-15 3.638814214483e-18 4.265772995579e-22 
1.516081838602e-08 6.587948023506e-08 2.241282405372e-08 6.935099008630e-09 1.330562144675e-09 1.596893273824e-10 1.084942560113e-11 3.234335414683e-13 2.380541464718e-15 7.372978406074e-19 
3.094781315472e-09 2.241282405372e-08 6.175382819082e-08 2.222101260566e-08 8.180648349688e-09 1.771358078703e-09 2.125117624312e-10 1.144137300317e-11 1.642246915418e-13 1.180325729199e-16 
4.133603423345e-10 6.935099008630e-09 2.222101260566e-08 5.749417236877e-08 2.018107298734e-08 7.813476268076e-09 1.629452434637e-09 1.532522103886e-10 4.064001481406e-12 6.422607502619e-15 
3.856202412320e-11 1.330562144675e-09 8.180648349688e-09 2.018107298734e-08 5.362735860013e-08 1.760839525571e-08 6.498249723087e-09 1.089525303047e-09 5.371392698589e-11 1.859760357406e-13 
2.333401024443e-12 1.596893273824e-10 1.771358078703e-09 7.813476268076e-09 1.760839525571e-08 5.012308386612e-08 1.472260052172e-08 4.600272612272e-09 4.433517014635e-10 3.540743879693e-12 
7.876425997186e-14 1.084942560113e-11 2.125117624312e-10 1.629452434637e-09 6.498249723087e-09 1.472260052172e-08 4.686733904892e-08 1.154809117970e-08 2.371413297251e-09 4.891281755303e-11 
1.120166912391e-15 3.234335414683e-13 1.144137300317e-11 1.532522103886e-10 1.089525303047e-09 4.600272612272e-09 1.154809117970e-08 4.360874743727e-08 7.729702024173e-09 4.986611031860e-10 
3.638814214483e-18 2.380541464718e-15 1.642246915418e-13 4.064001481406e-12 5.371392698589e-11 4.433517014635e-10 2.371413297251e-09 7.729702024173e-09 4.014679496711e-08 3.413343479495e-09 
4.265772995579e-22 7.372978406074e-19 1.180325729199e-16 6.422607502619e-15 1.859760357406e-13 3.540743879693e-12 4.891281755303e-11 4.986611031860e-10 3.413343479495e-09 3.476947801093e-08 
