1.238858334147e-07 4.070957947444e-08 7.791979989258e-09 9.921822410102e-10 8.922211354918e-11 5.245932864603e-12 1.732563252284e-13 2.417300901038e-15 7.775591654503e-18 9.102340968736e-22 
4.070957947444e-08 1.240724619859e-07 5.443195769255e-08 1.623103783137e-08 3.021655310777e-09 3.544023113269e-10 2.362648029174e-11 6.941440103739e-13 5.082618518609e-15 1.575520444382e-18 
7.791979989258e-09 5.443195769255e-08 1.071178927169e-07 5.084201641738e-08 1.830132149788e-08 3.891115987347e-09 4.593899445381e-10 2.448763330658e-11 3.504185456869e-13 2.528239307466e-16 
9.921822410102e-10 1.623103783137e-08 5.084201641738e-08 9.392410315334e-08 4.455404963743e-08 1.699690594013e-08 3.502234049105e-09 3.275041402730e-10 8.667898635870e-12 1.380485252700e-14 
8.922211354918e-11 3.021655310777e-09 1.830132149788e-08 4.455404963743e-08 8.363224376089e-08 3.796526723025e-08 1.391166037242e-08 2.326118584579e-09 1.145667834340e-10 4.016041663628e-13 
5.245932864603e-12 3.544023113269e-10 3.891115987347e-09 1.699690594013e-08 3.796526723025e-08 7.516709997901e-08 3.145298654681e-08 9.813899677996e-09 9.467375541599e-10 7.692252997707e-12 
1.732563252284e-13 2.362648029174e-11 4.593899445381e-10 3.502234049105e-09 1.391166037242e-08 3.145298654681e-08 6.802686205304e-08 2.463079960139e-08 5.083730216151e-09 1.070994308572e-10 
2.417300901038e-15 6.941440103739e-13 2.448763330658e-11 3.275041402730e-10 2.326118584579e-09 9.813899677996e-09 2.463079960139e-08 6.115711833319e-08 1.672679848991e-08 1.103526196424e-09 
7.775591654503e-18 5.082618518609e-15 3.504185456869e-13 8.667898635870e-12 1.145667834340e-10 9.467375541599e-10 5.083730216151e-09 1.672679848991e-08 5.448041905537e-08 7.679726737143e-09 
9.102340968736e-22 1.575520444382e-18 2.528239307466e-16 1.380485252700e-14 4.016041663628e-13 7.692252997707e-12 1.070994308572e-10 1.103526196424e-09 7.679726737143e-09 4.357210294292e-08 
