6.714183956888e-08 1.832067903092e-08 3.697580727893e-09 4.894561841799e-10 4.526504209210e-11 2.723589738985e-12 9.140242587451e-14 1.290739695086e-15 4.189462410449e-18 4.866700588146e-22 
1.832067903092e-08 7.330611400149e-08 2.659853981877e-08 8.164500978841e-09 1.555685286857e-09 1.858608511543e-10 1.253710198387e-11 3.725861360628e-13 2.734763219274e-15 8.420076981379e-19 
3.697580727893e-09 2.659853981877e-08 6.775039079751e-08 2.601817521844e-08 9.539033152901e-09 2.054295896248e-09 2.450102233376e-10 1.318042184997e-11 1.881470386493e-13 1.350115645053e-16 
4.894561841799e-10 8.164500978841e-09 2.601817521844e-08 6.237712322002e-08 2.345033799655e-08 9.025787319934e-09 1.877135739006e-09 1.763945005494e-10 4.644883642728e-12 7.359236480751e-15 
4.526504209210e-11 1.555685286857e-09 9.539033152901e-09 2.345033799655e-08 5.759688964872e-08 2.028986396237e-08 7.485855050861e-09 1.251261909787e-09 6.130367923579e-11 2.133963373448e-13 
2.723589738985e-12 1.858608511543e-10 2.054295896248e-09 9.025787319934e-09 2.028986396237e-08 5.345531874772e-08 1.693913526796e-08 5.264716160935e-09 5.060812915908e-10 4.065165492976e-12 
9.140242587451e-14 1.253710198387e-11 2.450102233376e-10 1.877135739006e-09 7.485855050861e-09 1.693913526796e-08 4.958840428347e-08 1.317960485969e-08 2.713088996470e-09 5.610633337590e-11 
1.290739695086e-15 3.725861360628e-13 1.318042184997e-11 1.763945005494e-10 1.251261909787e-09 5.264716160935e-09 1.317960485969e-08 4.580894225537e-08 8.868954337396e-09 5.702332756516e-10 
4.189462410449e-18 2.734763219274e-15 1.881470386493e-13 4.644883642728e-12 6.130367923579e-11 5.060812915908e-10 2.713088996470e-09 8.868954337396e-09 4.188140873594e-08 3.894865854130e-09 
4.866700588146e-22 8.420076981379e-19 1.350115645053e-16 7.359236480751e-15 2.133963373448e-13 4.065165492976e-12 5.610633337590e-11 5.702332756516e-10 3.894865854130e-09 3.577154562913e-08 
