1.940469364686e-06 8.103649889670e-07 1.644791731397e-07 2.275711238700e-08 2.180775479609e-09 1.331519091397e-10 4.546825252751e-12 6.726744730904e-14 2.392357463237e-16 3.250519005207e-20 
8.103649889670e-07 2.025011135465e-06 1.220754794886e-06 3.895735397895e-07 7.573394198516e-08 9.160471821777e-09 6.359008218876e-10 2.001704047644e-11 1.617827255951e-13 5.757905641729e-17 
1.644791731397e-07 1.220754794886e-06 1.906422568215e-06 1.262070168409e-06 4.676552186260e-07 1.024975451589e-07 1.270599036744e-08 7.296304189081e-10 1.149541649112e-11 9.430876699419e-15 
2.275711238700e-08 3.895735397895e-07 1.262070168409e-06 1.700844064407e-06 1.161895814420e-06 4.592010242925e-07 1.000212174548e-07 1.008326646221e-08 2.927756718956e-10 5.247658360794e-13 
2.180775479609e-09 7.573394198516e-08 4.676552186260e-07 1.161895814420e-06 1.515149615270e-06 1.062922235022e-06 4.129888377981e-07 7.421653160295e-08 3.988949568160e-09 1.554013881948e-11 
1.331519091397e-10 9.160471821777e-09 1.024975451589e-07 4.592010242925e-07 1.062922235022e-06 1.406381738550e-06 9.773127644504e-07 3.261679642327e-07 3.408259214360e-08 3.028837570078e-10 
4.546825252751e-12 6.359008218876e-10 1.270599036744e-08 1.000212174548e-07 4.129888377981e-07 9.773127644504e-07 1.332831354235e-06 8.585480169650e-07 1.899780553783e-07 4.294800875966e-09 
6.726744730904e-14 2.001704047644e-11 7.296304189081e-10 1.008326646221e-08 7.421653160295e-08 3.261679642327e-07 8.585480169650e-07 1.240736933045e-06 6.506020489237e-07 4.520748251658e-08 
2.392357463237e-16 1.617827255951e-13 1.149541649112e-11 2.927756718956e-10 3.988949568160e-09 3.408259214360e-08 1.899780553783e-07 6.506020489237e-07 1.092301076000e-06 3.236271658463e-07 
3.250519005207e-20 5.757905641729e-17 9.430876699419e-15 5.247658360794e-13 1.554013881948e-11 3.028837570078e-10 4.294800875966e-09 4.520748251658e-08 3.236271658463e-07 6.941034759854e-07 
