6.719625123323e-08 1.834544729319e-08 3.702404972705e-09 4.900707634089e-10 4.531970462296e-11 2.726743438188e-12 9.150374811779e-14 1.292104051020e-15 4.193642206278e-18 4.871297189721e-22 
1.834544729319e-08 7.336532746974e-08 2.663227231057e-08 8.174484537243e-09 1.557515060264e-09 1.860706249925e-10 1.255067698029e-11 3.729709985643e-13 2.737446749465e-15 8.427937681284e-19 
3.702404972705e-09 2.663227231057e-08 6.779901457569e-08 2.604911602548e-08 9.549970383214e-09 2.056564757570e-09 2.452702364929e-10 1.319378719893e-11 1.883292636292e-13 1.351363426553e-16 
4.900707634089e-10 8.174484537243e-09 2.604911602548e-08 6.241652276178e-08 2.347651887070e-08 9.035532588852e-09 1.879086713538e-09 1.765703772382e-10 4.649326971956e-12 7.365973243372e-15 
4.531970462296e-11 1.557515060264e-09 9.549970383214e-09 2.347651887070e-08 5.762880298032e-08 2.031121816977e-08 7.493461645085e-09 1.252488756843e-09 6.136155598262e-11 2.135899165903e-13 
2.726743438188e-12 1.860706249925e-10 2.056564757570e-09 9.035532588852e-09 2.031121816977e-08 5.348113960454e-08 1.695594777296e-08 5.269787164417e-09 5.065518361192e-10 4.068820896158e-12 
9.150374811779e-14 1.255067698029e-11 2.452702364929e-10 1.879086713538e-09 7.493461645085e-09 1.695594777296e-08 4.960912697046e-08 1.319204105076e-08 2.715565858413e-09 5.615634628550e-11 
1.292104051020e-15 3.729709985643e-13 1.319378719893e-11 1.765703772382e-10 1.252488756843e-09 5.269787164417e-09 1.319204105076e-08 4.582513649210e-08 8.876887010204e-09 5.707370083247e-10 
4.193642206278e-18 2.737446749465e-15 1.883292636292e-13 4.649326971956e-12 6.136155598262e-11 5.065518361192e-10 2.715565858413e-09 8.876887010204e-09 4.189340794741e-08 3.898268731205e-09 
4.871297189721e-22 8.427937681284e-19 1.351363426553e-16 7.365973243372e-15 2.135899165903e-13 4.068820896158e-12 5.615634628550e-11 5.707370083247e-10 3.898268731205e-09 3.577817662401e-08 
