2.378091119244e-07 8.048713142560e-08 1.488921935024e-08 1.863410901431e-09 1.663851915694e-10 9.786077257855e-12 3.248548336060e-13 4.600789579798e-15 1.507222460501e-17 1.829800084259e-21 
8.048713142560e-08 2.122843724564e-07 1.026080857547e-07 3.031313336419e-08 5.633571686335e-09 6.626079184392e-10 4.458533368141e-11 1.331242165634e-12 9.906281694115e-15 3.195490655952e-18 
1.488921935024e-08 1.026080857547e-07 1.757025668566e-07 9.477627431795e-08 3.416537084446e-08 7.303146877177e-09 8.729112436497e-10 4.722922683992e-11 6.871081865425e-13 5.171887652959e-16 
1.863410901431e-09 3.031313336419e-08 9.477627431795e-08 1.508401125993e-07 8.343526965073e-08 3.210492063609e-08 6.702694888972e-09 6.349144285228e-10 1.712029843180e-11 2.847832738014e-14 
1.663851915694e-10 5.633571686335e-09 3.416537084446e-08 8.343526965073e-08 1.327079616150e-07 7.235021467120e-08 2.681508415347e-08 4.536524052050e-09 2.283546582407e-10 8.354572832425e-13 
9.786077257855e-12 6.626079184392e-10 7.303146877177e-09 3.210492063609e-08 7.235021467120e-08 1.185516227545e-07 6.106352442212e-08 1.930496693151e-08 1.909373250880e-09 1.614434208288e-11 
3.248548336060e-13 4.458533368141e-11 8.729112436497e-10 6.702694888972e-09 2.681508415347e-08 6.106352442212e-08 1.062740390993e-07 4.911258658387e-08 1.040965215307e-08 2.271529294289e-10 
4.600789579798e-15 1.331242165634e-12 4.722922683992e-11 6.349144285228e-10 4.536524052050e-09 1.930496693151e-08 4.911258658387e-08 9.524025154098e-08 3.489289912783e-08 2.376794357725e-09 
1.507222460501e-17 9.906281694115e-15 6.871081865425e-13 1.712029843180e-11 2.283546582407e-10 1.909373250880e-09 1.040965215307e-08 3.489289912783e-08 8.433409322029e-08 1.701049635248e-08 
1.829800084259e-21 3.195490655952e-18 5.171887652959e-16 2.847832738014e-14 8.354572832425e-13 1.614434208288e-11 2.271529294289e-10 2.376794357725e-09 1.701049635248e-08 6.389210629115e-08 
