1.988262548973e-07 6.721363177306e-08 1.251030908385e-08 1.568455620469e-09 1.399038621382e-10 8.202156290971e-12 2.713722842147e-13 3.811830376874e-15 1.242763636357e-17 1.496979278769e-21 
6.721363177306e-08 1.827581006361e-07 8.634351476644e-08 2.550553507603e-08 4.727611270044e-09 5.544193148089e-10 3.711147831592e-11 1.099336335390e-12 8.170622382982e-15 2.603785662763e-18 
1.251030908385e-08 8.634351476644e-08 1.523354680466e-07 7.960442362390e-08 2.861766901988e-08 6.097332214178e-09 7.238863305874e-10 3.895235188221e-11 5.664984944575e-13 4.196715784176e-16 
1.568455620469e-09 2.550553507603e-08 7.960442362390e-08 1.309651973485e-07 6.974601169498e-08 2.670959658891e-08 5.540030384938e-09 5.235491563518e-10 1.409351946109e-11 2.301101422057e-14 
1.399038621382e-10 4.727611270044e-09 2.861766901988e-08 6.974601169498e-08 1.152344991636e-07 5.991063432334e-08 2.211805896027e-08 3.741180724381e-09 1.874307132385e-10 6.722086697381e-13 
8.202156290971e-12 5.544193148089e-10 6.097332214178e-09 2.670959658891e-08 5.991063432334e-08 1.027511203050e-07 5.035515105282e-08 1.590590275777e-08 1.559666139339e-09 1.293350165996e-11 
2.713722842147e-13 3.711147831592e-11 7.238863305874e-10 5.540030384938e-09 2.211805896027e-08 5.035515105282e-08 9.256700536178e-08 4.030516744996e-08 8.442380995207e-09 1.811068070328e-10 
3.811830376874e-15 1.099336335390e-12 3.895235188221e-11 5.235491563518e-10 3.741180724381e-09 1.590590275777e-08 4.030516744996e-08 8.274346953804e-08 2.803775923777e-08 1.883487235540e-09 
1.242763636357e-17 8.170622382982e-15 5.664984944575e-13 1.409351946109e-11 1.874307132385e-10 1.559666139339e-09 8.442380995207e-09 2.803775923777e-08 7.282943694979e-08 1.336305445479e-08 
1.496979278769e-21 2.603785662763e-18 4.196715784176e-16 2.301101422057e-14 6.722086697381e-13 1.293350165996e-11 1.811068070328e-10 1.883487235540e-09 1.336305445479e-08 5.591227169441e-08 
