3.711570221914e-07 1.261630908992e-07 2.334149129999e-08 2.940273154145e-09 2.650503453707e-10 1.582820692355e-11 5.358792481022e-13 7.757990701418e-15 2.631512862026e-17 3.346714601721e-21 
1.261630908992e-07 3.165730149436e-07 1.615823163098e-07 4.811902088830e-08 9.054091517764e-09 1.083742934402e-09 7.431811055080e-11 2.271715603799e-12 1.750279358159e-14 5.884199244620e-18 
2.334149129999e-08 1.615823163098e-07 2.620121783214e-07 1.517136286114e-07 5.548609249735e-08 1.206431720784e-08 1.468886530227e-09 8.152022340126e-11 1.226036111187e-12 9.585930479902e-16 
2.940273154145e-09 4.811902088830e-08 1.517136286114e-07 2.268844107400e-07 1.371478197558e-07 5.358743848641e-08 1.140089555228e-08 1.108714301621e-09 3.081998121450e-11 5.314230692546e-14 
2.650503453707e-10 9.054091517764e-09 5.548609249735e-08 1.371478197558e-07 2.021842209137e-07 1.222455607996e-07 4.622413382639e-08 8.020488299141e-09 4.146916085168e-10 1.570376822359e-12 
1.582820692355e-11 1.083742934402e-09 1.206431720784e-08 5.358743848641e-08 1.222455607996e-07 1.833168107574e-07 1.069804172183e-07 3.458297671056e-08 3.500901528383e-09 3.059024623584e-11 
5.358792481022e-13 7.431811055080e-11 1.468886530227e-09 1.140089555228e-08 4.622413382639e-08 1.069804172183e-07 1.674383508609e-07 8.921412161481e-08 1.931281531207e-08 4.343451516622e-10 
7.757990701418e-15 2.271715603799e-12 8.152022340126e-11 1.108714301621e-09 8.020488299141e-09 3.458297671056e-08 8.921412161481e-08 1.519342802045e-07 6.575821316168e-08 4.591581916190e-09 
2.631512862026e-17 1.750279358159e-14 1.226036111187e-12 3.081998121450e-11 4.146916085168e-10 3.500901528383e-09 1.931281531207e-08 6.575821316168e-08 1.360420632339e-07 3.322817685566e-08 
3.346714601721e-21 5.884199244620e-18 9.585930479902e-16 5.314230692546e-14 1.570376822359e-12 3.059024623584e-11 4.343451516622e-10 4.591581916190e-09 3.322817685566e-08 9.945197996371e-08 
