4.496920759956e-07 1.541146916686e-07 2.864458321713e-08 3.646449815307e-09 3.332344424460e-10 2.014391309125e-11 6.898614305991e-13 1.010060575742e-14 3.474244531609e-17 4.478246448731e-21 
1.541146916686e-07 3.816981918408e-07 1.996982400233e-07 6.022613486329e-08 1.147167998610e-08 1.388390090306e-09 9.621778985391e-11 2.972608621349e-12 2.320731514946e-14 7.884097156186e-18 
2.864458321713e-08 1.996982400233e-07 3.202718167236e-07 1.916162127272e-07 7.078977264724e-08 1.554304770496e-08 1.910511302405e-09 1.071559419742e-10 1.630820018573e-12 1.286245354478e-15 
3.646449815307e-09 6.022613486329e-08 1.916162127272e-07 2.813081573430e-07 1.762018572948e-07 6.942488987319e-08 1.489829206281e-08 1.463830691112e-09 4.109633253562e-11 7.143629374919e-14 
3.332344424460e-10 1.147167998610e-08 7.078977264724e-08 1.762018572948e-07 2.533032698887e-07 1.592940421641e-07 6.072932631626e-08 1.063625392684e-08 5.540942821845e-10 2.116109689327e-12 
2.014391309125e-11 1.388390090306e-09 1.554304770496e-08 6.942488987319e-08 1.592940421641e-07 2.316673418361e-07 1.414169156089e-07 4.605172180397e-08 4.687061131446e-09 4.135998364133e-11 
6.898614305991e-13 9.621778985391e-11 1.910511302405e-09 1.489829206281e-08 6.072932631626e-08 1.414169156089e-07 2.133732244138e-07 1.192100931784e-07 2.592495102296e-08 5.901171991029e-10 
1.010060575742e-14 2.972608621349e-12 1.071559419742e-10 1.463830691112e-09 1.063625392684e-08 4.605172180397e-08 1.192100931784e-07 1.940836586350e-07 8.872396811972e-08 6.281607316918e-09 
3.474244531609e-17 2.320731514946e-14 1.630820018573e-12 4.109633253562e-11 5.540942821845e-10 4.687061131446e-09 2.592495102296e-08 8.872396811972e-08 1.752118237369e-07 4.575936895807e-08 
4.478246448731e-21 7.884097156186e-18 1.286245354478e-15 7.143629374919e-14 2.116109689327e-12 4.135998364133e-11 5.901171991029e-10 6.281607316918e-09 4.575936895807e-08 1.256051243179e-07 
