3.407787195731e-07 1.155789838096e-07 2.134913557163e-08 2.686715562695e-09 2.413712824891e-10 1.432406094521e-11 4.821580733338e-13 6.942899206870e-15 2.340176591105e-17 2.957577126164e-21 
1.155789838096e-07 2.920463426180e-07 1.476764993810e-07 4.388973926885e-08 8.213531670344e-09 9.774288634544e-10 6.668601745146e-11 2.028483364752e-12 1.553174712421e-14 5.195279148228e-18 
2.134913557163e-08 1.476764993810e-07 2.415839395721e-07 1.378593431714e-07 5.014891495936e-08 1.085086389518e-08 1.315191748266e-09 7.264401341326e-11 1.086262994521e-12 8.451908177531e-16 
2.686715562695e-09 4.388973926885e-08 1.378593431714e-07 2.079124785512e-07 1.235197966091e-07 4.806913810775e-08 1.018631485880e-08 9.859300785180e-10 2.727667260501e-11 4.676419934043e-14 
2.413712824891e-10 8.213531670344e-09 5.014891495936e-08 1.235197966091e-07 1.843670293183e-07 1.093611261952e-07 4.120049955357e-08 7.116779547065e-09 3.667041712773e-10 1.378523362813e-12 
1.432406094521e-11 9.774288634544e-10 1.085086389518e-08 4.806913810775e-08 1.093611261952e-07 1.665591459315e-07 9.507694055115e-08 3.062550733344e-08 3.092470061117e-09 2.678039512770e-11 
4.821580733338e-13 6.668601745146e-11 1.315191748266e-09 1.018631485880e-08 4.120049955357e-08 9.507694055115e-08 1.515778947559e-07 7.889019313730e-08 1.702032249685e-08 3.793495133670e-10 
6.942899206870e-15 2.028483364752e-12 7.264401341326e-11 9.859300785180e-10 7.116779547065e-09 3.062550733344e-08 7.889019313730e-08 1.373787290616e-07 5.767445676507e-08 4.009202847206e-09 
2.340176591105e-17 1.553174712421e-14 1.086262994521e-12 2.727667260501e-11 3.667041712773e-10 3.092470061117e-09 1.702032249685e-08 5.767445676507e-08 1.223873034039e-07 2.914287565380e-08 
2.957577126164e-21 5.195279148228e-18 8.451908177531e-16 4.676419934043e-14 1.378523362813e-12 2.678039512770e-11 3.793495133670e-10 4.009202847206e-09 2.914287565380e-08 9.035758292115e-08 
