7.521591849377e-08 2.172149600344e-08 4.336365554479e-09 5.688768149773e-10 5.229851713098e-11 3.125800744478e-12 1.044464358262e-13 1.470811334471e-15 4.740818973221e-18 5.520742346603e-22 
2.172149600344e-08 8.119489977659e-08 3.098439678825e-08 9.449312992929e-09 1.790304161727e-09 2.126501411714e-10 1.431529272900e-11 4.231756755725e-13 3.096431071815e-15 9.535985063204e-19 
4.336365554479e-09 3.098439678825e-08 7.400873356949e-08 2.999531948160e-08 1.093407679797e-08 2.347321537058e-09 2.792907574619e-10 1.493446968183e-11 2.133124547472e-13 1.526163658985e-16 
5.688768149773e-10 9.449312992929e-09 2.999531948160e-08 6.740529962535e-08 2.680764860070e-08 1.030361241879e-08 2.133995574237e-09 1.996678733580e-10 5.271696878791e-12 8.305029581301e-15 
5.229851713098e-11 1.790304161727e-09 1.093407679797e-08 2.680764860070e-08 6.176861601692e-08 2.310695795206e-08 8.484295382274e-09 1.417030733213e-09 6.958619962220e-11 2.405923865394e-13 
3.125800744478e-12 2.126501411714e-10 2.347321537058e-09 1.030361241879e-08 2.310695795206e-08 5.684406033414e-08 1.917251501027e-08 5.971753869430e-09 5.737030726787e-10 4.584512593510e-12 
1.044464358262e-13 1.431529272900e-11 2.792907574619e-10 2.133995574237e-09 8.484295382274e-09 1.917251501027e-08 5.244702755662e-08 1.495975520460e-08 3.066725104719e-09 6.341625083085e-11 
1.470811334471e-15 4.231756755725e-13 1.493446968183e-11 1.996678733580e-10 1.417030733213e-09 5.971753869430e-09 1.495975520460e-08 4.812770237870e-08 1.000331330063e-08 6.477474721754e-10 
4.740818973221e-18 3.096431071815e-15 2.133124547472e-13 5.271696878791e-12 6.958619962220e-11 5.737030726787e-10 3.066725104719e-09 1.000331330063e-08 4.370126944304e-08 4.446972132190e-09 
5.520742346603e-22 9.535985063204e-19 1.526163658985e-16 8.305029581301e-15 2.405923865394e-13 4.584512593510e-12 6.341625083085e-11 6.477474721754e-10 4.446972132190e-09 3.683649787070e-08 
