5.677508536671e-07 1.983732560701e-07 3.757276674605e-08 4.868743196106e-09 4.515489848425e-10 2.768144369709e-11 9.597963000601e-13 1.420942205894e-14 4.974256218279e-17 6.461880497564e-21 
1.983732560701e-07 4.901767774399e-07 2.654447429814e-07 8.122589763246e-08 1.568133729077e-08 1.922185703900e-09 1.345670298234e-10 4.208866109525e-12 3.336786929494e-14 1.137174486556e-17 
3.757276674605e-08 2.654447429814e-07 4.213068264171e-07 2.609731404296e-07 9.755487289389e-08 2.163971486915e-08 2.684949748669e-09 1.526119012056e-10 2.350301722297e-12 1.854700912680e-15 
4.868743196106e-09 8.122589763246e-08 2.609731404296e-07 3.764082225403e-07 2.446646414914e-07 9.716341441728e-08 2.105746947450e-08 2.095620984080e-09 5.929330033406e-11 1.030110430536e-13 
4.515489848425e-10 1.568133729077e-08 9.755487289389e-08 2.446646414914e-07 3.428340052483e-07 2.243438189357e-07 8.643373197520e-08 1.529282214074e-08 7.996671496359e-10 3.053312340105e-12 
2.768144369709e-11 1.922185703900e-09 2.163971486915e-08 9.716341441728e-08 2.243438189357e-07 3.172001496258e-07 2.027206360545e-07 6.640313260036e-08 6.762269048158e-09 5.977602416131e-11 
9.597963000601e-13 1.345670298234e-10 2.684949748669e-09 2.105746947450e-08 8.643373197520e-08 2.027206360545e-07 2.950170309714e-07 1.720399678749e-07 3.738825965555e-08 8.559903317179e-10 
1.420942205894e-14 4.208866109525e-12 1.526119012056e-10 2.095620984080e-09 1.529282214074e-08 6.640313260036e-08 1.720399678749e-07 2.674457850862e-07 1.281164900211e-07 9.184548672922e-09 
4.974256218279e-17 3.336786929494e-14 2.350301722297e-12 5.929330033406e-11 7.996671496359e-10 6.762269048158e-09 3.738825965555e-08 1.281164900211e-07 2.422733846097e-07 6.796263998567e-08 
6.461880497564e-21 1.137174486556e-17 1.854700912680e-15 1.030110430536e-13 3.053312340105e-12 5.977602416131e-11 8.559903317179e-10 9.184548672922e-09 6.796263998567e-08 1.736935632348e-07 
