2.104221138610e-07 7.118923807905e-08 1.322156612065e-08 1.656570063532e-09 1.477033155033e-10 8.671108487788e-12 2.871847632923e-13 4.036614900000e-15 1.323927106724e-17 1.590312610260e-21 
7.118923807905e-08 1.915923833975e-07 9.120128067959e-08 2.693132685457e-08 4.994151713915e-09 5.866466189034e-10 3.926520639068e-11 1.166968556074e-12 8.703711799477e-15 2.768469600010e-18 
1.322156612065e-08 9.120128067959e-08 1.592827398040e-07 8.406133629234e-08 3.026520802882e-08 6.452223176261e-09 7.664733538486e-10 4.143690367662e-11 6.028792682186e-13 4.468327371226e-16 
1.656570063532e-09 2.693132685457e-08 8.406133629234e-08 1.368547940882e-07 7.381088352474e-08 2.826234548113e-08 5.876822890073e-09 5.576096181469e-10 1.498271714588e-11 2.454154638279e-14 
1.477033155033e-10 4.994151713915e-09 3.026520802882e-08 7.381088352474e-08 1.202879726089e-07 6.347136394198e-08 2.352307089485e-08 3.984488503185e-09 1.991315527893e-10 7.181860130800e-13 
8.671108487788e-12 5.866466189034e-10 6.452223176261e-09 2.826234548113e-08 6.347136394198e-08 1.074321394077e-07 5.364086525834e-08 1.691927279357e-08 1.657655234035e-09 1.384230174654e-11 
2.871847632923e-13 3.926520639068e-11 7.664733538486e-10 5.876822890073e-09 2.352307089485e-08 5.364086525834e-08 9.670169362992e-08 4.282072984818e-08 8.991363380065e-09 1.941820806824e-10 
4.036614900000e-15 1.166968556074e-12 4.143690367662e-11 5.576096181469e-10 3.984488503185e-09 1.691927279357e-08 4.282072984818e-08 8.622938178323e-08 2.997076392012e-08 2.023936260813e-09 
1.323927106724e-17 8.703711799477e-15 6.028792682186e-13 1.498271714588e-11 1.991315527893e-10 1.657655234035e-09 8.991363380065e-09 2.997076392012e-08 7.610041829145e-08 1.440379200450e-08 
1.590312610260e-21 2.768469600010e-18 4.468327371226e-16 2.454154638279e-14 7.181860130800e-13 1.384230174654e-11 1.941820806824e-10 2.023936260813e-09 1.440379200450e-08 5.819354818341e-08 
