1.880554212838e-07 6.352524443081e-08 1.185288824907e-08 1.487492236880e-09 1.327159770874e-10 7.781676902547e-12 2.568780783716e-13 3.609201241980e-15 1.172033525213e-17 1.409927668466e-21 
6.352524443081e-08 1.745867742607e-07 8.187707117071e-08 2.419155420439e-08 4.485790460205e-09 5.253480090112e-10 3.512114635605e-11 1.040615847137e-12 7.687734396223e-15 2.454583426453e-18 
1.185288824907e-08 8.187707117071e-08 1.459361936749e-07 7.552796192214e-08 2.713947334462e-08 5.771795130408e-09 6.853038566956e-10 3.681537758799e-11 5.324510601400e-13 3.957696150076e-16 
1.487492236880e-09 2.419155420439e-08 7.552796192214e-08 1.256801300629e-07 6.605117440794e-08 2.527787694271e-08 5.244483063334e-09 4.937405709807e-10 1.324746970562e-11 2.169427230802e-14 
1.327159770874e-10 4.485790460205e-09 2.713947334462e-08 6.605117440794e-08 1.105640331436e-07 5.672329708904e-08 2.090892524698e-08 3.520350815156e-09 1.763369297991e-10 6.331070186291e-13 
7.781676902547e-12 5.253480090112e-10 5.771795130408e-09 2.527787694271e-08 5.672329708904e-08 9.871928091434e-08 4.745683806098e-08 1.495025958584e-08 1.469274286638e-09 1.216012402181e-11 
2.568780783716e-13 3.512114635605e-11 6.853038566956e-10 5.244483063334e-09 2.090892524698e-08 4.745683806098e-08 8.870674160352e-08 3.792234376554e-08 7.959117173352e-09 1.698680213741e-10 
3.609201241980e-15 1.040615847137e-12 3.681537758799e-11 4.937405709807e-10 3.520350815156e-09 1.495025958584e-08 3.792234376554e-08 7.961690895695e-08 2.638851944281e-08 1.761568743990e-09 
1.172033525213e-17 7.687734396223e-15 5.324510601400e-13 1.324746970562e-11 1.763369297991e-10 1.469274286638e-09 7.959117173352e-09 2.638851944281e-08 7.000510603349e-08 1.245593515547e-08 
1.409927668466e-21 2.454583426453e-18 3.957696150076e-16 2.169427230802e-14 6.331070186291e-13 1.216012402181e-11 1.698680213741e-10 1.761568743990e-09 1.245593515547e-08 5.391592960861e-08 
