7.011481518538e-08 1.958198098474e-08 3.935181146118e-09 5.190682020408e-10 4.788928819346e-11 2.875105497468e-12 9.621920788173e-14 1.358828035771e-15 4.394515271220e-18 5.116001082906e-22 
1.958198098474e-08 7.623805815573e-08 2.823502317853e-08 8.642847216624e-09 1.643886937670e-09 1.958437573063e-10 1.319740203227e-11 3.918815050914e-13 2.866750559477e-15 8.850898887535e-19 
3.935181146118e-09 2.823502317853e-08 7.007974020363e-08 2.750879191857e-08 1.006279540859e-08 2.162676393671e-09 2.579185240882e-10 1.384394830698e-11 1.972924201563e-13 1.418340773403e-16 
5.190682020408e-10 8.642847216624e-09 2.750879191857e-08 6.426844472244e-08 2.469533396094e-08 9.501070168144e-09 1.974867317770e-09 1.850488134254e-10 4.874912500244e-12 7.723662147554e-15 
4.788928819346e-11 1.643886937670e-09 1.006279540859e-08 2.469533396094e-08 5.914343400968e-08 2.135654571148e-08 7.864063254839e-09 1.311861821967e-09 6.440124658463e-11 2.237124157790e-13 
2.875105497468e-12 1.958437573063e-10 2.162676393671e-09 9.501070168144e-09 2.135654571148e-08 5.474396296633e-08 1.776510882264e-08 5.522764151619e-09 5.319183178841e-10 4.257276647340e-12 
9.621920788173e-14 1.319740203227e-11 2.579185240882e-10 1.974867317770e-09 7.864063254839e-09 1.776510882264e-08 5.062860771546e-08 1.384616310485e-08 2.849514339970e-09 5.873031068415e-11 
1.358828035771e-15 3.918815050914e-13 1.384394830698e-11 1.850488134254e-10 1.311861821967e-09 5.522764151619e-09 1.384616310485e-08 4.670292397483e-08 9.295095004747e-09 5.977182583876e-10 
4.394515271220e-18 2.866750559477e-15 1.972924201563e-13 4.874912500244e-12 6.440124658463e-11 5.319183178841e-10 2.849514339970e-09 9.295095004747e-09 4.253121658846e-08 4.101092800171e-09 
5.116001082906e-22 8.850898887535e-19 1.418340773403e-16 7.723662147554e-15 2.237124157790e-13 4.257276647340e-12 5.873031068415e-11 5.977182583876e-10 4.101092800171e-09 3.617739246243e-08 
