8.329048319129e-08 2.503767674229e-08 4.952412632639e-09 6.453298471018e-10 5.895018134638e-11 3.510899787645e-12 1.168672979593e-13 1.638347945538e-15 5.288428025241e-18 6.123885100446e-22 
2.503767674229e-08 8.881627879878e-08 3.520676206084e-08 1.067392525390e-08 2.012786531284e-09 2.384281286072e-10 1.597051760123e-11 4.717044997738e-13 3.448863693036e-15 1.059464896935e-18 
4.952412632639e-09 3.520676206084e-08 7.999196627428e-08 3.375302430745e-08 1.227380082133e-08 2.625316851541e-09 3.112031118027e-10 1.665892493863e-11 2.371075809737e-13 1.699208058436e-16 
6.453298471018e-10 1.067392525390e-08 3.375302430745e-08 7.222305752336e-08 3.002405864992e-08 1.149274976040e-08 2.378171579134e-09 2.226735501027e-10 5.849959480046e-12 9.266973376927e-15 
5.895018134638e-11 2.012786531284e-09 1.227380082133e-08 3.002405864992e-08 6.566257374316e-08 2.574320135306e-08 9.463132523952e-09 1.577933251124e-09 7.716732501529e-11 2.689339498680e-13 
3.510899787645e-12 2.384281286072e-10 2.625316851541e-09 1.149274976040e-08 2.574320135306e-08 6.014212922295e-08 2.137692722632e-08 6.632866324690e-09 6.368458024454e-10 5.128983458902e-12 
1.168672979593e-13 1.597051760123e-11 3.112031118027e-10 2.378171579134e-09 9.463132523952e-09 2.137692722632e-08 5.515374401588e-08 1.658973038622e-08 3.415178875335e-09 7.090206038077e-11 
1.638347945538e-15 4.717044997738e-13 1.665892493863e-11 2.226735501027e-10 1.577933251124e-09 6.632866324690e-09 1.658973038622e-08 5.035888430627e-08 1.118173879930e-08 7.223088258230e-10 
5.288428025241e-18 3.448863693036e-15 2.371075809737e-13 5.849959480046e-12 7.716732501529e-11 6.368458024454e-10 3.415178875335e-09 1.118173879930e-08 4.550670164758e-08 4.953020740325e-09 
6.123885100446e-22 1.059464896935e-18 1.699208058436e-16 9.266973376927e-15 2.689339498680e-13 5.128983458902e-12 7.090206038077e-11 7.223088258230e-10 4.953020740325e-09 3.793270138965e-08 
