1.067347272326e-07 3.426068458148e-08 6.632990829640e-09 8.511994792704e-10 7.689517040210e-11 4.541668080373e-12 1.501819343855e-13 2.096758781240e-15 6.752301548319e-18 7.843916874160e-22 
3.426068458148e-08 1.096665230645e-07 4.661240872051e-08 1.397007015155e-08 2.611465270525e-09 3.072004568541e-10 2.047484975642e-11 6.030400882045e-13 4.402731903036e-15 1.358870542215e-18 
6.632990829640e-09 4.661240872051e-08 9.608551086736e-08 4.388693837788e-08 1.585323380717e-08 3.372733241844e-09 3.984035041759e-10 2.128172249703e-11 3.027692014520e-13 2.182299501747e-16 
8.511994792704e-10 1.397007015155e-08 4.388693837788e-08 8.511221194892e-08 3.862430124810e-08 1.473091658774e-08 3.041192344661e-09 2.843258483180e-10 7.475265015759e-12 1.191772668543e-14 
7.689517040210e-11 2.611465270525e-09 1.585323380717e-08 3.862430124810e-08 7.623902639050e-08 3.294053524564e-08 1.209007532007e-08 2.014515198862e-09 9.872161092931e-11 3.463650326640e-13 
4.541668080373e-12 3.072004568541e-10 3.372733241844e-09 1.473091658774e-08 3.294053524564e-08 6.901741112918e-08 2.729288016929e-08 8.472273936179e-09 8.161221988881e-10 6.617124756652e-12 
1.501819343855e-13 2.047484975642e-11 3.984035041759e-10 3.041192344661e-09 1.209007532007e-08 2.729288016929e-08 6.261705237596e-08 2.122473451301e-08 4.386894260765e-09 9.169062115076e-11 
2.096758781240e-15 6.030400882045e-13 2.128172249703e-11 2.843258483180e-10 2.014515198862e-09 8.472273936179e-09 2.122473451301e-08 5.663280697246e-08 1.440943280156e-08 9.378388501422e-10 
6.752301548319e-18 4.402731903036e-15 3.027692014520e-13 7.475265015759e-12 9.872161092931e-11 8.161221988881e-10 4.386894260765e-09 1.440943280156e-08 5.062101032939e-08 6.484507438604e-09 
7.843916874160e-22 1.358870542215e-18 2.182299501747e-16 1.191772668543e-14 3.463650326640e-13 6.617124756652e-12 9.169062115076e-11 9.378388501422e-10 6.484507438604e-09 4.114423782779e-08 
