6.204618764240e-08 1.612198826313e-08 3.279604406610e-09 4.367921473355e-10 4.064114722215e-11 2.453120961046e-12 8.273668397194e-14 1.172745804286e-15 3.809306974684e-18 4.449475354352e-22 
1.612198826313e-08 6.815443467051e-08 2.369847955979e-08 7.316246183420e-09 1.399873859864e-09 1.678136292862e-10 1.137971005581e-11 3.383502029100e-13 2.492650789584e-15 7.686270083790e-19 
3.279604406610e-09 2.369847955979e-08 6.361129941409e-08 2.339424898748e-08 8.598861655207e-09 1.860218102391e-09 2.225732170560e-10 1.197142900336e-11 1.718712915236e-13 1.230514948227e-16 
4.367921473355e-10 7.316246183420e-09 2.339424898748e-08 5.899481850026e-08 2.120252627818e-08 8.193765152030e-09 1.704953913889e-09 1.604236567607e-10 4.248863480464e-12 6.699624771832e-15 
4.064114722215e-11 1.399873859864e-09 8.598861655207e-09 2.120252627818e-08 5.487597894166e-08 1.843269492876e-08 6.798982947361e-09 1.140667591653e-09 5.608632549492e-11 1.941994603177e-13 
2.453120961046e-12 1.678136292862e-10 1.860218102391e-09 8.193765152030e-09 1.843269492876e-08 5.113492891689e-08 1.541341281185e-08 4.812285844987e-09 4.624128654509e-10 3.702010264946e-12 
8.273668397194e-14 1.137971005581e-11 2.225732170560e-10 1.704953913889e-09 6.798982947361e-09 1.541341281185e-08 4.773583786046e-08 1.205736279805e-08 2.472921757738e-09 5.119426966868e-11 
1.172745804286e-15 3.383502029100e-13 1.197142900336e-11 1.604236567607e-10 1.140667591653e-09 4.812285844987e-09 1.205736279805e-08 4.426595299142e-08 8.074809528239e-09 5.218146893001e-10 
3.809306974684e-18 2.492650789584e-15 1.718712915236e-13 4.248863480464e-12 5.608632549492e-11 4.624128654509e-10 2.472921757738e-09 8.074809528239e-09 4.070174120396e-08 3.562817158552e-09 
4.449475354352e-22 7.686270083790e-19 1.230514948227e-16 6.699624771832e-15 1.941994603177e-13 3.702010264946e-12 5.119426966868e-11 5.218146893001e-10 3.562817158552e-09 3.506385350015e-08 
