6.323027458394e-08 1.662853602153e-08 3.376121789601e-09 4.489809277240e-10 4.170917369119e-11 2.515142868773e-12 8.476142109436e-14 1.199510031000e-15 3.897702135974e-18 4.542213769018e-22 
1.662853602153e-08 6.934383815725e-08 2.436845734289e-08 7.512799130296e-09 1.435612034100e-09 1.720004381768e-10 1.164748932565e-11 3.460820807455e-13 2.549688755470e-15 7.847563084855e-19 
3.376121789601e-09 2.436845734289e-08 6.457099078477e-08 2.399752522619e-08 8.815293501933e-09 1.905461112701e-09 2.276860884608e-10 1.224776022042e-11 1.756996749602e-13 1.256843911647e-16 
4.489809277240e-10 7.512799130296e-09 2.399752522619e-08 5.977167370574e-08 2.172609075061e-08 8.385909616414e-09 1.743882211722e-09 1.641340568371e-10 4.340728879069e-12 6.846696521969e-15 
4.170917369119e-11 1.435612034100e-09 8.815293501933e-09 2.172609075061e-08 5.550689258719e-08 1.885370178869e-08 6.955696704265e-09 1.166665894528e-09 5.727016298453e-11 1.985663050110e-13 
2.515142868773e-12 1.720004381768e-10 1.905461112701e-09 8.385909616414e-09 1.885370178869e-08 5.166176509122e-08 1.576949302135e-08 4.918067336215e-09 4.721056624110e-10 3.786473256804e-12 
8.476142109436e-14 1.164748932565e-11 2.276860884608e-10 1.743882211722e-09 6.955696704265e-09 1.576949302135e-08 4.817121691887e-08 1.231165626077e-08 2.526078234733e-09 5.235683581277e-11 
1.199510031000e-15 3.460820807455e-13 1.224776022042e-11 1.641340568371e-10 1.166665894528e-09 4.918067336215e-09 1.231165626077e-08 4.460642052425e-08 8.256670812686e-09 5.332339403766e-10 
3.897702135974e-18 2.549688755470e-15 1.756996749602e-13 4.340728879069e-12 5.727016298453e-11 4.721056624110e-10 2.526078234733e-09 8.256670812686e-09 4.098025950403e-08 3.636392901489e-09 
4.542213769018e-22 7.847563084855e-19 1.256843911647e-16 6.846696521969e-15 1.985663050110e-13 3.786473256804e-12 5.235683581277e-11 5.332339403766e-10 3.636392901489e-09 3.521863010644e-08 
