1.0213470434308600e-07 3.2529927605907920e-08 6.3223586345849182e-09 8.1329000285024704e-10 7.3622241219497178e-11 4.3513136593201304e-12 1.4401802256667586e-13 2.0124564849963348e-15 6.4677970753418335e-18 7.5198244140492950e-22 
3.2529927605907920e-08 1.0580437772816111e-07 4.4511320474318562e-08 1.3366429862617227e-08 2.5017912673596564e-09 2.9442055677575142e-10 1.9650616950494066e-11 5.7826561339231403e-13 4.2190359485996567e-15 1.3010695533020512e-18 
6.3223586345849182e-09 4.4511320474318562e-08 9.3133465283873520e-08 4.2037050869869151e-08 1.5190186812213903e-08 3.2347054313359600e-09 3.8237674365077444e-10 2.0392166493734220e-11 2.9033976498453609e-13 2.0864226511168085e-16 
8.1329000285024704e-10 1.3366429862617227e-08 4.2037050869869151e-08 8.2729737028014132e-08 3.7028391036909733e-08 1.4138125414464088e-08 2.9170375470123789e-09 2.7238036050172815e-10 7.1717156064441267e-12 1.1378153433224315e-14 
7.3622241219497178e-11 2.5017912673596564e-09 1.5190186812213903e-08 3.7028391036909733e-08 7.4301117567907360e-08 3.1610586601804354e-08 1.1585709884431924e-08 1.9306450899414509e-09 9.4699023722469025e-11 3.3031367210609659e-13 
4.3513136593201304e-12 2.9442055677575142e-10 3.2347054313359600e-09 1.4138125414464088e-08 3.1610586601804354e-08 6.7323665813021163e-08 2.6146697662559520e-08 8.1262224395885142e-09 7.8198220819625300e-10 6.3065109900481740e-12 
1.4401802256667586e-13 1.9650616950494066e-11 3.8237674365077444e-10 2.9170375470123789e-09 1.1585709884431924e-08 2.6146697662559520e-08 6.1203196737790465e-08 2.0359318851843028e-08 4.1936461264470527e-09 8.7398903444141547e-11 
2.0124564849963348e-15 5.7826561339231403e-13 2.0392166493734220e-11 2.7238036050172815e-10 1.9306450899414509e-09 8.1262224395885142e-09 2.0359318851843028e-08 5.5408110934730296e-08 1.3740791423112611e-08 8.9496244432702417e-10 
6.4677970753418335e-18 4.2190359485996567e-15 2.9033976498453609e-13 7.1717156064441267e-12 9.4699023722469025e-11 7.8198220819625300e-10 4.1936461264470527e-09 1.3740791423112611e-08 4.9584884216565843e-08 6.1880246672495151e-09 
7.5198244140492950e-22 1.3010695533020512e-18 2.0864226511168085e-16 1.1378153433224315e-14 3.3031367210609659e-13 6.3065109900481740e-12 8.7398903444141547e-11 8.9496244432702417e-10 6.1880246672495151e-09 4.0465379345108854e-08 
