6.2643388358884861e-08 1.6401621246218871e-08 3.3352304941592264e-09 4.4405996838322600e-10 4.1283086598756576e-11 2.4924703383608724e-12 8.3943314428429048e-14 1.1897666594133934e-15 3.8644475705602753e-18 4.5080495629095211e-22 
1.6401621246218871e-08 6.8834483869026764e-08 2.4096552931585679e-08 7.4335080858797318e-09 1.4221558845620074e-09 1.7039757106336297e-10 1.1539858744261496e-11 3.4349399971897015e-13 2.5256530442637831e-15 7.7941712499215462e-19 
3.3352304941592264e-09 2.4096552931585679e-08 6.4183102767997136e-08 2.3764309693911697e-08 8.7351861198648912e-09 1.8872567613147672e-09 2.2578059763602809e-10 1.2152554010927008e-11 1.7399729797328466e-13 1.2486007081852411e-16 
4.4405996838322600e-10 7.4335080858797318e-09 2.3764309693911697e-08 5.9485863634469831e-08 2.1520026066078610e-08 8.3093165876027647e-09 1.7305290927956944e-09 1.6273125469599458e-10 4.3002851147730940e-12 6.7997363922358592e-15 
4.1283086598756576e-11 1.4221558845620074e-09 8.7351861198648912e-09 2.1520026066078610e-08 5.5251894462478947e-08 1.8702611794982303e-08 6.9020139585130764e-09 1.1557451000723485e-09 5.6786018766956552e-11 1.9703990406167259e-13 
2.4924703383608724e-12 1.7039757106336297e-10 1.8872567613147672e-09 8.3093165876027647e-09 1.8702611794982303e-08 5.1484419985824574e-08 1.5630744533490990e-08 4.8711997290734292e-09 4.6863021283547171e-10 3.7526435054371576e-12 
8.3943314428429048e-14 1.1539858744261496e-11 2.2578059763602809e-10 1.7305290927956944e-09 6.9020139585130764e-09 1.5630744533490990e-08 4.7978946387789066e-08 1.2208324677014494e-08 2.5088918202503142e-09 5.1814927524819991e-11 
1.1897666594133934e-15 3.4349399971897015e-13 1.2152554010927008e-11 1.6273125469599458e-10 1.1557451000723485e-09 4.8711997290734292e-09 1.2208324677014494e-08 4.4494060543529535e-08 8.1894153350857621e-09 5.2729845025946252e-10 
3.8644475705602753e-18 2.5256530442637831e-15 1.7399729797328466e-13 4.3002851147730940e-12 5.6786018766956552e-11 4.6863021283547171e-10 2.5088918202503142e-09 8.1894153350857621e-09 4.0843738875809443e-08 3.6025744801529387e-09 
4.5080495629095211e-22 7.7941712499215462e-19 1.2486007081852411e-16 6.7997363922358592e-15 1.9703990406167259e-13 3.7526435054371576e-12 5.1814927524819991e-11 5.2729845025946252e-10 3.6025744801529387e-09 3.5158688714824250e-08 
