3.752350524377e-06 1.582107142970e-06 3.161796265304e-07 4.363625372857e-08 4.236184424483e-09 2.638648670406e-10 9.050338567549e-12 1.297178257191e-13 4.272301793454e-16 5.174803714084e-20 
1.582107142970e-06 3.873680744075e-06 2.339748999966e-06 7.524207027140e-07 1.489948221585e-07 1.824834115956e-08 1.251616731498e-09 3.762098189464e-11 2.809821338010e-13 9.026565225051e-17 
3.161796265304e-07 2.339748999966e-06 3.647919984196e-06 2.469615132521e-06 9.289609266311e-07 2.036246800409e-07 2.459345206926e-08 1.336947722221e-09 1.948631383240e-11 1.459231119029e-14 
4.363625372857e-08 7.524207027140e-07 2.469615132521e-06 3.345591736021e-06 2.314018274183e-06 9.018081635134e-07 1.893027174876e-07 1.799516990509e-08 4.852051801977e-10 8.025179249831e-13 
4.236184424483e-09 1.489948221585e-07 9.289609266311e-07 2.314018274183e-06 2.959796114244e-06 2.040635767785e-06 7.589304978211e-07 1.286594984065e-07 6.464853265089e-09 2.351199418084e-11 
2.638648670406e-10 1.824834115956e-08 2.036246800409e-07 9.018081635134e-07 2.040635767785e-06 2.583793716211e-06 1.731183105691e-06 5.473294291654e-07 5.397413455453e-08 4.536603262365e-10 
9.050338567549e-12 1.251616731498e-09 2.459345206926e-08 1.893027174876e-07 7.589304978211e-07 1.731183105691e-06 2.242157171140e-06 1.390340977921e-06 2.936498195363e-07 6.370798122885e-09 
1.297178257191e-13 3.762098189464e-11 1.336947722221e-09 1.799516990509e-08 1.286594984065e-07 5.473294291654e-07 1.390340977921e-06 1.920959660389e-06 9.814806278738e-07 6.646445977196e-08 
4.272301793454e-16 2.809821338010e-13 1.948631383240e-11 4.852051801977e-10 6.464853265089e-09 5.397413455453e-08 2.936498195363e-07 9.814806278738e-07 1.600224228711e-06 4.731297218360e-07 
5.174803714084e-20 9.026565225051e-17 1.459231119029e-14 8.025179249831e-13 2.351199418084e-11 4.536603262365e-10 6.370798122885e-09 6.646445977196e-08 4.731297218360e-07 1.008797025706e-06 
