2.6958099898243876e-07 9.1242315926313850e-08 1.6833985758525322e-08 2.1076178236340137e-09 1.8847133861876921e-10 1.1119700554541291e-11 3.7079480251391873e-13 5.2736962518479914e-15 1.7500903585334134e-17 2.1630997482890139e-21 
9.1242315926313850e-08 2.3637749432439881e-07 1.1601969834833078e-07 3.4319409538920887e-08 6.3920763236961642e-09 7.5492923902716904e-10 5.0981247615378513e-11 1.5318042887035034e-12 1.1558461808665228e-14 3.7865474804653617e-18 
1.6833985758525322e-08 1.1601969834833078e-07 1.9516009518376000e-07 1.0744953814262918e-07 3.8859708782088554e-08 8.3376794844001995e-09 1.0001779637793183e-09 5.4584272490085783e-11 8.0481162612689950e-13 6.1418858460182944e-16 
2.1076178236340137e-09 3.4319409538920887e-08 1.0744953814262918e-07 1.6760715921739884e-07 9.5164193508902123e-08 3.6721127234119416e-08 7.7043640137371217e-09 7.3726458018320358e-10 2.0120539523001933e-11 3.3891395996230402e-14 
1.8847133861876921e-10 6.3920763236961642e-09 3.8859708782088554e-08 9.5164193508902123e-08 1.4767664054458358e-07 8.2986979638550244e-08 3.0974951582713258e-08 5.2943205030982428e-09 2.6924317762403287e-10 9.9639210976083196e-13 
1.1119700554541291e-11 7.5492923902716904e-10 8.3376794844001995e-09 3.6721127234119416e-08 8.2986979638550244e-08 1.3240159837460315e-07 7.1002274764243726e-08 2.2645922295931671e-08 2.2590468875101077e-09 1.9297934064645493e-11 
3.7079480251391873e-13 5.0981247615378513e-11 1.0001779637793183e-09 7.7043640137371217e-09 3.0974951582713258e-08 7.1002274764243726e-08 1.1962890235030877e-07 5.7912859646568871e-08 1.2365009296748320e-08 2.7222571082876298e-10 
5.2736962518479914e-15 1.5318042887035034e-12 5.4584272490085783e-11 7.3726458018320358e-10 5.2943205030982428e-09 2.2645922295931671e-08 5.7912859646568871e-08 1.0769827995052250e-07 4.1643612567676201e-08 2.8579619261046490e-09 
1.7500903585334134e-17 1.1558461808665228e-14 8.0481162612689950e-13 2.0120539523001933e-11 2.6924317762403287e-10 2.2590468875101077e-09 1.2365009296748320e-08 4.1643612567676201e-08 9.5574929321142868e-08 2.0567419891665220e-08 
2.1630997482890139e-21 3.7865474804653617e-18 6.1418858460182944e-16 3.3891395996230402e-14 9.9639210976083196e-13 1.9297934064645493e-11 2.7222571082876298e-10 2.8579619261046490e-09 2.0567419891665220e-08 7.1711335645634992e-08 
