6.857289759493e-08 1.892906518153e-08 3.811880826052e-09 5.037198513201e-10 4.652762083527e-11 2.796749560772e-12 9.371118074663e-14 1.323363907206e-15 4.288193049381e-18 4.985539324808e-22 
1.892906518153e-08 7.471731338158e-08 2.738641223268e-08 8.394756481164e-09 1.598202656646e-09 1.906685671830e-10 1.285245085463e-11 3.818884061285e-13 2.797777763426e-15 8.626878483004e-19 
3.811880826052e-09 2.738641223268e-08 6.887192100770e-08 2.673592511926e-08 9.791780516662e-09 2.106222645494e-09 2.511906527138e-10 1.350078013061e-11 1.924814990445e-13 1.383040110042e-16 
5.037198513201e-10 8.394756481164e-09 2.673592511926e-08 6.329002083711e-08 2.404850570604e-08 9.252828117818e-09 1.924166913479e-09 1.805577600932e-10 4.753605259453e-12 7.535599321162e-15 
4.652762083527e-11 1.598202656646e-09 9.791780516662e-09 2.404850570604e-08 5.833563678743e-08 2.080153304810e-08 7.668443896581e-09 1.280181538791e-09 6.277176139881e-11 2.183871421516e-13 
2.796749560772e-12 1.906685671830e-10 2.106222645494e-09 9.252828117818e-09 2.080153304810e-08 5.407738264276e-08 1.733580602246e-08 5.386859876995e-09 5.184224218924e-10 4.157688315424e-12 
9.371118074663e-14 1.285245085463e-11 2.511906527138e-10 1.924166913479e-09 7.668443896581e-09 1.733580602246e-08 5.008170089268e-08 1.349563915511e-08 2.778861494018e-09 5.735662861234e-11 
1.323363907206e-15 3.818884061285e-13 1.350078013061e-11 1.805577600932e-10 1.280181538791e-09 5.386859876995e-09 1.349563915511e-08 4.623856178293e-08 9.074584483875e-09 5.831210428418e-10 
4.288193049381e-18 2.797777763426e-15 1.924814990445e-13 4.753605259453e-12 6.277176139881e-11 5.184224218924e-10 2.778861494018e-09 9.074584483875e-09 4.218846538039e-08 3.991911003894e-09 
4.985539324808e-22 8.626878483004e-19 1.383040110042e-16 7.535599321162e-15 2.183871421516e-13 4.157688315424e-12 5.735662861234e-11 5.831210428418e-10 3.991911003894e-09 3.596646347741e-08 
