1.191276386127e-07 3.893942330211e-08 7.473666253050e-09 9.533187631198e-10 8.584056448546e-11 5.052275958102e-12 1.668020279880e-13 2.330380634128e-15 7.481207187800e-18 8.765121608882e-22 
3.893942330211e-08 1.201156778718e-07 5.228104141259e-08 1.560812047809e-08 2.909408556935e-09 3.412413452872e-10 2.275889422447e-11 6.691510916177e-13 4.885873566492e-15 1.517366658423e-18 
7.473666253050e-09 5.228104141259e-08 1.040748858524e-07 4.893947610158e-08 1.762459800388e-08 3.746588169087e-09 4.427888466197e-10 2.358638496394e-11 3.368247668372e-13 2.433848372014e-16 
9.533187631198e-10 1.560812047809e-08 4.893947610158e-08 9.149623125623e-08 4.289667426955e-08 1.637402147798e-08 3.376197500433e-09 3.151177262738e-10 8.335582494444e-12 1.327553363405e-14 
8.584056448546e-11 2.909408556935e-09 1.762459800388e-08 4.289667426955e-08 8.159129623669e-08 3.659952721416e-08 1.340119398580e-08 2.236303675960e-09 1.102539549139e-10 3.855962953474e-13 
5.052275958102e-12 3.412413452872e-10 3.746588169087e-09 1.637402147798e-08 3.659952721416e-08 7.345867172128e-08 3.025451886083e-08 9.435150403648e-09 9.115890410913e-10 7.371657260396e-12 
1.668020279880e-13 2.275889422447e-11 4.427888466197e-10 3.376197500433e-09 1.340119398580e-08 3.025451886083e-08 6.648402075725e-08 2.370471215385e-08 4.892216734062e-09 1.024560761025e-10 
2.330380634128e-15 6.691510916177e-13 2.358638496394e-11 3.151177262738e-10 2.236303675960e-09 9.435150403648e-09 2.370471215385e-08 5.993073953379e-08 1.605013743593e-08 1.055141681526e-09 
7.481207187800e-18 4.885873566492e-15 3.368247668372e-13 8.335582494444e-12 1.102539549139e-10 9.115890410913e-10 4.892216734062e-09 1.605013743593e-08 5.333718835262e-08 7.357016780934e-09 
8.765121608882e-22 1.517366658423e-18 2.433848372014e-16 1.327553363405e-14 3.855962953474e-13 7.371657260396e-12 1.024560761025e-10 1.055141681526e-09 7.357016780934e-09 4.289169357328e-08 
