7.1986776510152025e-08 3.4418248424956103e-08 2.5389630532158907e-08 1.9993968382523791e-08 1.6119676372555680e-08 1.3041545620034420e-08 1.0410007457600872e-08 8.0011078580742825e-09 5.5890029316744734e-09 2.3845935918235370e-09 
3.4418248424956103e-08 1.9771775079970403e-08 1.2803345378409252e-08 1.0155902018577089e-08 8.2553391195094393e-09 6.7453877955129502e-09 5.4542668060179270e-09 4.2720549628865263e-09 3.0880618780709609e-09 1.5181929864120828e-09 
2.5389630532158907e-08 1.2803345378409252e-08 1.2096986533173873e-08 7.6192951989749231e-09 6.2273276043188112e-09 5.1214664748288177e-09 4.1757603578794125e-09 3.3096612092305344e-09 2.4421461629860614e-09 1.2934820313919166e-09 
1.9993968382523791e-08 1.0155902018577089e-08 7.6192951989749231e-09 8.6418552139917161e-09 5.0153857872360004e-09 4.1509964113337747e-09 3.4116929060892573e-09 2.7344986272385269e-09 2.0561125494000424e-09 1.1591613124240515e-09 
1.6119676372555680e-08 8.2553391195094393e-09 6.2273276043188112e-09 5.0153857872360004e-09 6.6842517558048571e-09 3.4548648934882734e-09 2.8637901330518602e-09 2.3222401897752512e-09 1.7796747500000540e-09 1.0635010806615600e-09 
1.3041545620034420e-08 6.7453877955129502e-09 5.1214664748288177e-09 4.1509964113337747e-09 3.4548648934882734e-09 5.4403376189998385e-09 2.4286214055501853e-09 1.9948269588647082e-09 1.5601320387204240e-09 9.8757346082615143e-10 
1.0410007457600872e-08 5.4542668060179270e-09 4.1757603578794125e-09 3.4116929060892573e-09 2.8637901330518602e-09 2.4286214055501853e-09 4.5946817958768432e-09 1.7146259886027280e-09 1.3720694339424410e-09 9.2216982423762369e-10 
8.0011078580742825e-09 4.2720549628865263e-09 3.3096612092305344e-09 2.7344986272385269e-09 2.3222401897752512e-09 1.9948269588647082e-09 1.7146259886027280e-09 3.9961798395501149e-09 1.1996962643699854e-09 8.6169338251183434e-10 
5.5890029316744734e-09 3.0880618780709609e-09 2.4421461629860614e-09 2.0561125494000424e-09 1.7796747500000540e-09 1.5601320387204240e-09 1.3720694339424410e-09 1.1996962643699854e-09 3.5657926703895128e-09 8.0140059720114809e-10 
2.3845935918235370e-09 1.5181929864120828e-09 1.2934820313919166e-09 1.1591613124240515e-09 1.0635010806615600e-09 9.8757346082615143e-10 9.2216982423762369e-10 8.6169338251183434e-10 8.0140059720114809e-10 3.2670713621809575e-09 
