3.3786114097824277e-08 1.5368241023036447e-08 1.1276081626775036e-08 8.8308306011860616e-09 7.0750204369112006e-09 5.6801816786627556e-09 4.4881807716772316e-09 3.3978496021888556e-09 2.3071803343149847e-09 8.5420579365446012e-10 
1.5368241023036447e-08 1.0188365265186359e-08 5.6604370631866555e-09 4.4716404036619358e-09 3.6182681216709078e-09 2.9403833336635319e-09 2.3609666843178452e-09 1.8308417262389803e-09 1.3005478566260910e-09 5.9579672956411497e-10 
1.1276081626775036e-08 5.6604370631866555e-09 6.7512574137043401e-09 3.3477201950528194e-09 2.7268436729066801e-09 2.2336670047798732e-09 1.8120783523415774e-09 1.4262893858516682e-09 1.0403740212414121e-09 5.2839560515315148e-10 
8.8308306011860616e-09 4.4716404036619358e-09 3.3477201950528194e-09 5.2146139726959129e-09 2.1942043088826805e-09 1.8113879473886957e-09 1.4840953168923558e-09 1.1845483019563838e-09 8.8490359752429819e-10 4.8811228315815914e-10 
7.0750204369112006e-09 3.6182681216709078e-09 2.7268436729066801e-09 2.1942043088826805e-09 4.3505870280158507e-09 1.5085922679486734e-09 1.2490231581853001e-09 1.0114047262796868e-09 7.7371822286305679e-10 4.5965993300506733e-10 
5.6801816786627556e-09 2.9403833336635319e-09 2.2336670047798732e-09 1.8113879473886957e-09 1.5085922679486734e-09 3.8065945434477018e-09 1.0623884193211605e-09 8.7395980896779133e-10 6.8547279862104843e-10 4.3713352147938718e-10 
4.4881807716772316e-09 2.3609666843178452e-09 1.8120783523415774e-09 1.4840953168923558e-09 1.2490231581853001e-09 1.0623884193211605e-09 3.4411978361538736e-09 7.5638241756586683e-10 6.0989597850048235e-10 4.1765597062251351e-10 
3.3978496021888556e-09 1.8308417262389803e-09 1.4262893858516682e-09 1.1845483019563838e-09 1.0114047262796868e-09 8.7395980896779133e-10 7.5638241756586683e-10 3.1871592455412096e-09 5.4072775173308303e-10 3.9960069502480352e-10 
2.3071803343149847e-09 1.3005478566260910e-09 1.0403740212414121e-09 8.8490359752429819e-10 7.7371822286305679e-10 6.8547279862104843e-10 6.0989597850048235e-10 5.4072775173308303e-10 3.0103115803725313e-09 3.8186934170787242e-10 
8.5420579365446012e-10 5.9579672956411497e-10 5.2839560515315148e-10 4.8811228315815914e-10 4.5965993300506733e-10 4.3713352147938718e-10 4.1765597062251351e-10 3.9960069502480352e-10 3.8186934170787242e-10 2.9006788532872803e-09 
