1.7862503246302472e-07 8.7732526446423695e-08 6.4957377123186458e-08 5.1345517086247856e-08 4.1572341090573355e-08 3.3807306131592323e-08 2.7167456542658971e-08 2.1087098253301934e-08 1.4997096372715338e-08 6.9263469945572128e-09 
8.7732526446423695e-08 4.6606988702830542e-08 3.2811790996750112e-08 2.6083932021400954e-08 2.1254068589934865e-08 1.7416627432180429e-08 1.4134651464801147e-08 1.1128332635495416e-08 8.1163466601545984e-09 4.1310535529777332e-09 
6.4957377123186458e-08 3.2811790996750112e-08 2.7062393345495816e-08 1.9570374316402960e-08 1.6014542951921177e-08 1.3189349609374725e-08 1.0772816193180077e-08 8.5587953854035825e-09 6.3401293980070604e-09 3.4077954204723396e-09 
5.1345517086247856e-08 2.6083932021400954e-08 1.9570374316402960e-08 1.8215823331732595e-08 1.2883003510071139e-08 1.0662748288386530e-08 8.7634061190352945e-09 7.0228872704912745e-09 5.2783451621491369e-09 2.9753035923653221e-09 
4.1572341090573355e-08 2.1254068589934865e-08 1.6014542951921177e-08 1.2883003510071139e-08 1.3174083217460141e-08 8.8498615721612534e-09 7.3218949092606052e-09 5.9213427588626478e-09 4.5172435519392074e-09 2.6660884159836512e-09 
3.3807306131592323e-08 1.7416627432180429e-08 1.3189349609374725e-08 1.0662748288386530e-08 8.8498615721612534e-09 9.9479612609495048e-09 6.1767147975071032e-09 5.0462402575041484e-09 3.9125425419399875e-09 2.4203834105542478e-09 
2.7167456542658971e-08 1.4134651464801147e-08 1.0772816193180077e-08 8.7634061190352945e-09 7.3218949092606052e-09 6.1767147975071032e-09 7.7350060994147496e-09 4.2971913060958100e-09 3.3945335789592104e-09 2.2090787770223028e-09 
2.1087098253301934e-08 1.1128332635495416e-08 8.5587953854035825e-09 7.0228872704912745e-09 5.9213427588626478e-09 5.0462402575041484e-09 4.2971913060958100e-09 6.1484994290921095e-09 2.9193867248921621e-09 2.0139086308166622e-09 
1.4997096372715338e-08 8.1163466601545984e-09 6.3401293980070604e-09 5.2783451621491369e-09 4.5172435519392074e-09 3.9125425419399875e-09 3.3945335789592104e-09 2.9193867248921621e-09 4.9817578486960715e-09 1.8182679911081831e-09 
6.9263469945572128e-09 4.1310535529777332e-09 3.4077954204723396e-09 2.9753035923653221e-09 2.6660884159836512e-09 2.4203834105542478e-09 2.2090787770223028e-09 2.0139086308166622e-09 1.8182679911081831e-09 4.1132919414967890e-09 
