4.495817619991e-07 1.541033951123e-07 2.864410055857e-08 3.646522363325e-09 3.332502003881e-10 2.014533538401e-11 6.899336667160e-13 1.010247525296e-14 3.474989856580e-17 4.478850643719e-21 
1.541033951123e-07 3.816892106564e-07 1.997004293467e-07 6.022847397829e-08 1.147239003457e-08 1.388511617415e-09 9.623123004724e-11 2.973255481380e-12 2.321167225226e-14 7.885159062638e-18 
2.864410055857e-08 1.997004293467e-07 3.202820729846e-07 1.916269198625e-07 7.079519426950e-08 1.554476015229e-08 1.910848179025e-09 1.071799729125e-10 1.631087805024e-12 1.286419564501e-15 
3.646522363325e-09 6.022847397829e-08 1.916269198625e-07 2.813266662431e-07 1.762190385041e-07 6.943494065470e-08 1.490140167006e-08 1.464140776110e-09 4.110241607497e-11 7.144604239821e-14 
3.332502003881e-10 1.147239003457e-08 7.079519426950e-08 1.762190385041e-07 2.533336255215e-07 1.593244225744e-07 6.074292880572e-08 1.063823359786e-08 5.541711362692e-10 2.116400804627e-12 
2.014533538401e-11 1.388511617415e-09 1.554476015229e-08 6.943494065470e-08 1.593244225744e-07 2.317128034490e-07 1.414460825512e-07 4.605894631516e-08 4.687694504597e-09 4.136572178528e-11 
6.899336667160e-13 9.623123004724e-11 1.910848179025e-09 1.490140167006e-08 6.074292880572e-08 1.414460825512e-07 2.134039030896e-07 1.192266179811e-07 2.592846770555e-08 5.901998090115e-10 
1.010247525296e-14 2.973255481380e-12 1.071799729125e-10 1.464140776110e-09 1.063823359786e-08 4.605894631516e-08 1.192266179811e-07 1.941060788511e-07 8.873620717503e-08 6.282494435724e-09 
3.474989856580e-17 2.321167225226e-14 1.631087805024e-12 4.110241607497e-11 5.541711362692e-10 4.687694504597e-09 2.592846770555e-08 8.873620717503e-08 1.752324898266e-07 4.576584341228e-08 
4.478850643719e-21 7.885159062638e-18 1.286419564501e-15 7.144604239821e-14 2.116400804627e-12 4.136572178528e-11 5.901998090115e-10 6.282494435724e-09 4.576584341228e-08 1.256186250709e-07 
