4.067671183038e-07 1.387748204266e-07 2.571632495291e-08 3.250044813791e-09 2.949231752332e-10 1.772191617407e-11 6.032887276719e-13 8.786558276028e-15 2.997665572845e-17 3.852802664834e-21 
1.387748204266e-07 3.458325396988e-07 1.783713876445e-07 5.341896637141e-08 1.011466460535e-08 1.217264287134e-09 8.390886367250e-11 2.579650621242e-12 1.996432508441e-14 6.787076414497e-18 
2.571632495291e-08 1.783713876445e-07 2.875106255035e-07 1.692110711022e-07 6.219885223143e-08 1.358741040509e-08 1.662677655473e-09 9.273521596949e-11 1.400758590683e-12 1.106754278803e-15 
3.250044813791e-09 5.341896637141e-08 1.692110711022e-07 2.507613873634e-07 1.542544422506e-07 6.052502701185e-08 1.293712639149e-08 1.262995201560e-09 3.529160787135e-11 6.135406266276e-14 
2.949231752332e-10 1.011466460535e-08 6.219885223143e-08 1.542544422506e-07 2.245673606374e-07 1.385148278901e-07 5.257353550793e-08 9.150349314516e-09 4.762011814885e-10 1.811282962354e-12 
1.772191617407e-11 1.217264287134e-09 1.358741040509e-08 6.052502701185e-08 1.385148278901e-07 2.045202861163e-07 1.219106137923e-07 3.955116874856e-08 4.032414725177e-09 3.522521073260e-11 
6.032887276719e-13 8.390886367250e-11 1.662677655473e-09 1.293712639149e-08 5.257353550793e-08 1.219106137923e-07 1.872773628053e-07 1.024617283148e-07 2.228942734773e-08 4.993698750224e-10 
8.786558276028e-15 2.579650621242e-12 9.273521596949e-11 1.262995201560e-09 9.150349314516e-09 3.955116874856e-08 1.024617283148e-07 1.709349157994e-07 7.579713860890e-08 5.284717127998e-09 
2.997665572845e-17 1.996432508441e-14 1.400758590683e-12 3.529160787135e-11 4.762011814885e-10 4.032414725177e-09 2.228942734773e-08 7.579713860890e-08 1.522553370180e-07 3.864417255685e-08 
3.852802664834e-21 6.787076414497e-18 1.106754278803e-15 6.135406266276e-14 1.811282962354e-12 3.522521073260e-11 4.993698750224e-10 5.284717127998e-09 3.864417255685e-08 1.117468258548e-07 
