5.882651086813e-08 1.470729535190e-08 3.007813816459e-09 4.023494154589e-10 3.757569818330e-11 2.277007221080e-12 7.689022682713e-14 1.094973433261e-15 3.559964142184e-18 4.175969258329e-22 
1.470729535190e-08 6.480914158403e-08 2.180835411319e-08 6.755105561905e-09 1.297723872513e-09 1.558774192458e-10 1.059584102215e-11 3.164050212299e-13 2.327968924804e-15 7.221922471190e-19 
3.007813816459e-09 2.180835411319e-08 6.087813615924e-08 2.166402355057e-08 7.984068062395e-09 1.729342835480e-09 2.076941499028e-10 1.119506554610e-11 1.605672867521e-13 1.156611456555e-16 
4.023494154589e-10 6.755105561905e-09 2.166402355057e-08 5.678770270973e-08 1.970075328483e-08 7.631562626728e-09 1.593697646930e-09 1.499252709835e-10 3.974144305400e-12 6.294622998872e-15 
3.757569818330e-11 1.297723872513e-09 7.984068062395e-09 1.970075328483e-08 5.303128770789e-08 1.721468017798e-08 6.358279553163e-09 1.065484511833e-09 5.255246100531e-11 1.822456473228e-13 
2.277007221080e-12 1.558774192458e-10 1.729342835480e-09 7.631562626728e-09 1.721468017798e-08 4.965023834498e-08 1.440165933528e-08 4.498130484970e-09 4.340944974773e-10 3.468063569698e-12 
7.689022682713e-14 1.059584102215e-11 2.076941499028e-10 1.593697646930e-09 6.358279553163e-09 1.440165933528e-08 4.645234128373e-08 1.129877118594e-08 2.323580456350e-09 4.787051811381e-11 
1.094973433261e-15 3.164050212299e-13 1.119506554610e-11 1.499252709835e-10 1.065484511833e-09 4.498130484970e-09 1.129877118594e-08 4.329459290721e-08 7.572947216724e-09 4.876765486444e-10 
3.559964142184e-18 2.327968924804e-15 1.605672867521e-13 3.974144305400e-12 5.255246100531e-11 4.340944974773e-10 2.323580456350e-09 7.572947216724e-09 3.988837494915e-08 3.340062385875e-09 
4.175969258329e-22 7.221922471190e-19 1.156611456555e-16 6.294622998872e-15 1.822456473228e-13 3.468063569698e-12 4.787051811381e-11 4.876765486444e-10 3.340062385875e-09 3.463264641728e-08 
