7.515232134996e-08 2.169350335889e-08 4.331029992214e-09 5.682091281090e-10 5.224001876075e-11 3.122470652270e-12 1.043422054217e-13 1.469515000764e-15 4.736987299873e-18 5.516123355179e-22 
2.169350335889e-08 8.112913251699e-08 3.094755926634e-08 9.438572099335e-09 1.788360899196e-09 2.124311453235e-10 1.430176571571e-11 4.228231485737e-13 3.093888064398e-15 9.528063164314e-19 
4.331029992214e-09 3.094755926634e-08 7.395631365465e-08 2.996234743914e-08 1.092256774486e-08 2.344997462397e-09 2.790411699762e-10 1.492233940005e-11 2.131346246897e-13 1.524905115785e-16 
5.682091281090e-10 9.438572099335e-09 2.996234743914e-08 6.736374373042e-08 2.678053557958e-08 1.029394973475e-08 2.132189471890e-09 1.995060059525e-10 5.267268371328e-12 8.298231941496e-15 
5.224001876075e-11 1.788360899196e-09 1.092256774486e-08 2.678053557958e-08 6.173666595310e-08 2.308677921476e-08 8.477388364645e-09 1.415865861616e-09 6.952773647370e-11 2.403970162212e-13 
3.122470652270e-12 2.124311453235e-10 2.344997462397e-09 1.029394973475e-08 2.308677921476e-08 5.682058715409e-08 1.915693829918e-08 5.966758121211e-09 5.732243787316e-10 4.580823150672e-12 
1.043422054217e-13 1.430176571571e-11 2.790411699762e-10 2.132189471890e-09 8.477388364645e-09 1.915693829918e-08 5.242684186844e-08 1.494719025119e-08 3.064198432656e-09 6.336577574993e-11 
1.469515000764e-15 4.228231485737e-13 1.492233940005e-11 1.995060059525e-10 1.415865861616e-09 5.966758121211e-09 1.494719025119e-08 4.811119548101e-08 9.995213659693e-09 6.472390424074e-10 
4.736987299873e-18 3.093888064398e-15 2.131346246897e-13 5.267268371328e-12 6.952773647370e-11 5.732243787316e-10 3.064198432656e-09 9.995213659693e-09 4.368901501832e-08 4.443531520761e-09 
5.516123355179e-22 9.528063164314e-19 1.524905115785e-16 8.298231941496e-15 2.403970162212e-13 4.580823150672e-12 6.336577574993e-11 6.472390424074e-10 4.443531520761e-09 3.682982465562e-08 
