1.537591472174e-07 5.152855479445e-08 9.719193391614e-09 1.226547290309e-09 1.097154008330e-10 6.432296819791e-12 2.121497775381e-13 2.966337247131e-15 9.570154325177e-18 1.134361476459e-21 
5.152855479445e-08 1.480500225305e-07 6.743063235786e-08 1.998776131918e-08 3.708634562776e-09 4.340945770497e-10 2.895248559223e-11 8.527951589437e-13 6.266156940731e-15 1.968066267081e-18 
9.719193391614e-09 6.743063235786e-08 1.254483028136e-07 6.244674857368e-08 2.243060007335e-08 4.765356024907e-09 5.635704265485e-10 3.011041643241e-11 4.329903899103e-13 3.164191052862e-16 
1.226547290309e-09 1.998776131918e-08 6.244674857368e-08 1.087735227164e-07 5.456138247169e-08 2.083138185202e-08 4.301332691665e-09 4.031423841643e-10 1.073958201770e-11 1.730583257532e-14 
1.097154008330e-10 3.708634562776e-09 2.243060007335e-08 5.456138247169e-08 9.611753403535e-08 4.659712543994e-08 1.710448984058e-08 2.868570708598e-09 1.423925310187e-10 5.042733866684e-13 
6.432296819791e-12 4.340945770497e-10 4.765356024907e-09 2.083138185202e-08 4.659712543994e-08 8.592726851425e-08 3.873111687045e-08 1.214101388103e-08 1.180766508625e-09 9.678476891894e-12 
2.121497775381e-13 2.895248559223e-11 5.635704265485e-10 4.301332691665e-09 1.710448984058e-08 3.873111687045e-08 7.740734301001e-08 3.061697808055e-08 6.363310142983e-09 1.351958582330e-10 
2.966337247131e-15 8.527951589437e-13 3.011041643241e-11 4.031423841643e-10 2.868570708598e-09 1.214101388103e-08 3.061697808055e-08 6.939112492723e-08 2.101834169504e-08 1.401675720194e-09 
9.570154325177e-18 6.266156940731e-15 4.329903899103e-13 1.073958201770e-11 1.423925310187e-10 1.180766508625e-09 6.363310142983e-09 2.101834169504e-08 6.147176968441e-08 9.865635779417e-09 
1.134361476459e-21 1.968066267081e-18 3.164191052862e-16 1.730583257532e-14 5.042733866684e-13 9.678476891894e-12 1.351958582330e-10 1.401675720194e-09 9.865635779417e-09 4.817993507377e-08 
