2.6552030247630831e-08 1.1780573239497286e-08 8.6279926880616303e-09 6.7441990467366919e-09 5.3915268542192855e-09 4.3169814763870175e-09 3.3988196682803478e-09 2.5592149162248179e-09 1.7197177411406721e-09 6.0027597834888980e-10 
1.1780573239497286e-08 8.3896784343067992e-09 4.3227964270735384e-09 3.4095034266315250e-09 2.7539032940185738e-09 2.2331430573578656e-09 1.7880875253057990e-09 1.3810167805565250e-09 9.7401880971584132e-10 4.3269117083894821e-10 
8.6279926880616303e-09 4.3227964270735384e-09 5.7513736513076506e-09 2.5496677793596294e-09 2.0736584287867034e-09 1.6955720161914994e-09 1.3724116358553930e-09 1.0767849397868266e-09 7.8122112830468732e-10 3.8884236954685028e-10 
6.7441990467366919e-09 3.4095034266315250e-09 2.5496677793596294e-09 4.5743639024004553e-09 1.6672036539457306e-09 1.3743612130528798e-09 1.1240269257325958e-09 8.9498793972324445e-10 6.6600861859355175e-10 3.6262979494054700e-10 
5.3915268542192855e-09 2.7539032940185738e-09 2.0736584287867034e-09 1.6672036539457306e-09 3.9141214629847646e-09 1.1440563048561850e-09 9.4602694942085503e-10 7.6480376466535065e-10 5.8364533322773053e-10 3.4419226920144677e-10 
4.3169814763870175e-09 2.2331430573578656e-09 1.6955720161914994e-09 1.3743612130528798e-09 1.1440563048561850e-09 3.4996444982606583e-09 8.0472089206513914e-10 6.6147629714248434e-10 5.1828914468640941e-10 3.2961390975012973e-10 
3.3988196682803478e-09 1.7880875253057990e-09 1.3724116358553930e-09 1.1240269257325958e-09 9.4602694942085503e-10 8.0472089206513914e-10 3.2223253856695386e-09 5.7309919437801555e-10 4.6232114617924124e-10 3.1698306571251315e-10 
2.5592149162248179e-09 1.3810167805565250e-09 1.0767849397868266e-09 8.9498793972324445e-10 7.6480376466535065e-10 6.6147629714248434e-10 5.7309919437801555e-10 3.0306564841676643e-09 4.1113052592606232e-10 3.0525891231629653e-10 
1.7197177411406721e-09 9.7401880971584132e-10 7.8122112830468732e-10 6.6600861859355175e-10 5.8364533322773053e-10 5.1828914468640941e-10 4.6232114617924124e-10 4.1113052592606232e-10 2.8987052035879752e-09 2.9384669293840508e-10 
6.0027597834888980e-10 4.3269117083894821e-10 3.8884236954685028e-10 3.6262979494054700e-10 3.4419226920144677e-10 3.2961390975012973e-10 3.1698306571251315e-10 3.0525891231629653e-10 2.9384669293840508e-10 2.8203167506106626e-09 
