6.6504782594863472e-08 3.1685107009716910e-08 2.3364451972701801e-08 1.8391746955588652e-08 1.4821045519773147e-08 1.1984073907641882e-08 9.5587235614857835e-09 7.3386231793496215e-09 5.1156245062766899e-09 2.1615394540149347e-09 
3.1685107009716910e-08 1.8397817302665599e-08 1.1779487009241224e-08 9.3412070706134647e-09 7.5907576585710251e-09 6.2000503671139843e-09 5.0109001784217552e-09 3.9220883239057922e-09 2.8316776379337898e-09 1.3854985337197116e-09 
2.3364451972701801e-08 1.1779487009241224e-08 1.1331069331463103e-08 7.0074849586437423e-09 5.7261097698538738e-09 4.7080990881131218e-09 3.8375266775353403e-09 3.0402608079732029e-09 2.2417294387819123e-09 1.1841455673459666e-09 
1.8391746955588652e-08 9.3412070706134647e-09 7.0074849586437423e-09 8.1512575938277907e-09 4.6117680798853447e-09 3.8164750878792200e-09 3.1362736028293712e-09 2.5132365065336184e-09 1.8891385441887041e-09 1.0637863968851118e-09 
1.4821045519773147e-08 7.5907576585710251e-09 5.7261097698538738e-09 4.6117680798853447e-09 6.3506593275149040e-09 3.1769023441810933e-09 2.6334212546394193e-09 2.1354943741988340e-09 1.6366680643065413e-09 9.7810847179093562e-10 
1.1984073907641882e-08 6.2000503671139843e-09 4.7080990881131218e-09 3.8164750878792200e-09 3.1769023441810933e-09 5.2073037807631902e-09 2.2340355968938008e-09 1.8354974410185227e-09 1.4361647151201130e-09 9.1011238850103351e-10 
9.5587235614857835e-09 5.0109001784217552e-09 3.8375266775353403e-09 3.1362736028293712e-09 2.6334212546394193e-09 2.2340355968938008e-09 4.4307199173116049e-09 1.5787610167229133e-09 1.2644099152515517e-09 8.5152786805737892e-10 
7.3386231793496215e-09 3.9220883239057922e-09 3.0402608079732029e-09 2.5132365065336184e-09 2.1354943741988340e-09 1.8354974410185227e-09 1.5787610167229133e-09 3.8818408746326513e-09 1.1069957933462308e-09 7.9734935352116905e-10 
5.1156245062766899e-09 2.8316776379337898e-09 2.2417294387819123e-09 1.8891385441887041e-09 1.6366680643065413e-09 1.4361647151201130e-09 1.2644099152515517e-09 1.1069957933462308e-09 3.4880865984968580e-09 7.4337459584329997e-10 
2.1615394540149347e-09 1.3854985337197116e-09 1.1841455673459666e-09 1.0637863968851118e-09 9.7810847179093562e-10 9.1011238850103351e-10 8.5152786805737892e-10 7.9734935352116905e-10 7.4337459584329997e-10 3.2169316548015114e-09 
