1.9050874001572241e-08 8.0722908999957610e-09 5.8972716876885808e-09 4.5976926904845730e-09 3.6645613708072850e-09 2.9233652627354015e-09 2.2901894614536417e-09 1.7114761425437052e-09 1.1333183811496770e-09 3.6151014942997471e-10 
8.0722908999957610e-09 6.5345388118382322e-09 2.9453676687687655e-09 2.3175640819820302e-09 1.8669260555685338e-09 1.5090108265333486e-09 1.2032005866537557e-09 9.2363491949629120e-10 6.4437467318164449e-10 2.7261865913054768e-10 
5.8972716876885808e-09 2.9453676687687655e-09 4.7228436083611451e-09 1.7296463401355697e-09 1.4033084818557223e-09 1.1441333652782903e-09 9.2266346437208278e-10 7.2016990122437566e-10 5.1791658276539587e-10 2.4922640722953293e-10 
4.5976926904845730e-09 2.3175640819820302e-09 1.7296463401355697e-09 3.9168390142777590e-09 1.1263026222780327e-09 9.2611760465700499e-10 7.5503260000237456e-10 5.9858600598504047e-10 4.4234267629850344e-10 2.3523179510192810e-10 
3.6645613708072850e-09 1.8669260555685338e-09 1.4033084818557223e-09 1.1263026222780327e-09 3.4660972008021681e-09 7.6982343948390046e-10 6.3492429185770714e-10 5.1154166536499794e-10 3.8834124803149544e-10 2.2545918815794015e-10 
2.9233652627354015e-09 1.5090108265333486e-09 1.1441333652782903e-09 9.2611760465700499e-10 7.6982343948390046e-10 3.1842038963863207e-09 5.3959441541489003e-10 4.4247064255494221e-10 3.4550381653994083e-10 2.1775027693361154e-10 
2.2901894614536417e-09 1.2032005866537557e-09 9.2266346437208278e-10 7.5503260000237456e-10 6.3492429185770714e-10 5.3959441541489003e-10 2.9965469980690025e-09 3.8341110558042528e-10 3.0882785855608323e-10 2.1104582311063412e-10 
1.7114761425437052e-09 9.2363491949629120e-10 7.2016990122437566e-10 5.9858600598504047e-10 5.1154166536499794e-10 4.4247064255494221e-10 3.8341110558042528e-10 2.8678491266551362e-09 2.7531653436013202e-10 2.0480729402063347e-10 
1.1333183811496770e-09 6.4437467318164449e-10 5.1791658276539587e-10 4.4234267629850344e-10 3.8834124803149544e-10 3.4550381653994083e-10 3.0882785855608323e-10 2.7531653436013202e-10 2.7805615047002001e-09 1.9884436374424867e-10 
3.6151014942997471e-10 2.7261865913054768e-10 2.4922640722953293e-10 2.3523179510192810e-10 2.2545918815794015e-10 2.1775027693361154e-10 2.1104582311063412e-10 2.0480729402063347e-10 1.9884436374424867e-10 2.7317446889775724e-09 
