2.554866491378e-09 2.684084499171e-11 3.086004219853e-11 3.328696956210e-11 3.502900371311e-11 3.641393083316e-11 3.760071757477e-11 3.869323418984e-11 3.980193866004e-11 4.132014392266e-11 
2.684084499171e-11 2.589641770868e-09 6.311056181916e-11 7.064285046608e-11 7.605189700123e-11 8.034555127949e-11 8.402506156375e-11 8.741255851345e-11 9.085028081310e-11 9.555783014574e-11 
3.086004219853e-11 6.311056181916e-11 2.620334073790e-09 9.466143754201e-11 1.040090130985e-10 1.114019812179e-10 1.177278422708e-10 1.235519177226e-10 1.294627411229e-10 1.375570606580e-10 
3.328696956210e-11 7.064285046608e-11 9.466143754201e-11 2.651091229460e-09 1.264093168793e-10 1.374014303506e-10 1.467603017310e-10 1.553620520546e-10 1.640922304494e-10 1.760483341079e-10 
3.502900371311e-11 7.605189700123e-11 1.040090130985e-10 1.264093168793e-10 2.683361762275e-09 1.601332237637e-10 1.731339299219e-10 1.850147631458e-10 1.970564618586e-10 2.135517895485e-10 
3.641393083316e-11 8.034555127949e-11 1.114019812179e-10 1.374014303506e-10 1.601332237637e-10 2.718411220611e-09 1.972362919587e-10 2.130051866873e-10 2.288802537617e-10 2.506188066970e-10 
3.760071757477e-11 8.402506156375e-11 1.177278422708e-10 1.467603017310e-10 1.731339299219e-10 1.972362919587e-10 2.757805113421e-09 2.398923597513e-10 2.603601429651e-10 2.881773902825e-10 
3.869323418984e-11 8.741255851345e-11 1.235519177226e-10 1.553620520546e-10 1.850147631458e-10 2.130051866873e-10 2.398923597513e-10 2.804823408697e-09 2.930521315716e-10 3.281927583924e-10 
3.980193866004e-11 9.085028081310e-11 1.294627411229e-10 1.640922304494e-10 1.970564618586e-10 2.288802537617e-10 2.603601429651e-10 2.930521315716e-10 2.867579134913e-09 3.754591997665e-10 
4.132014392266e-11 9.555783014574e-11 1.375570606580e-10 1.760483341079e-10 2.135517895485e-10 2.506188066970e-10 2.881773902825e-10 3.281927583924e-10 3.754591997665e-10 2.988829100264e-09 
