2.545553726388e-09 1.191181506872e-11 1.382343026682e-11 1.497959967870e-11 1.580940065519e-11 1.646908096388e-11 1.703438511941e-11 1.755478615648e-11 1.808289803173e-11 1.880607123942e-11 
1.191181506872e-11 2.562120796112e-09 2.965038931675e-11 3.346318073133e-11 3.620083468277e-11 3.837330388081e-11 4.023505448121e-11 4.194907999292e-11 4.368852216141e-11 4.607048744924e-11 
1.382343026682e-11 2.965038931675e-11 2.577821981234e-09 4.606047570531e-11 5.097278018139e-11 5.485492497078e-11 5.817598972964e-11 6.123368154449e-11 6.433695354673e-11 6.858661110801e-11 
1.497959967870e-11 3.346318073133e-11 4.606047570531e-11 2.594162838137e-09 6.313437204880e-11 6.907138015699e-11 7.412251822299e-11 7.876422941423e-11 8.347531777152e-11 8.992729302169e-11 
1.580940065519e-11 3.620083468277e-11 5.097278018139e-11 6.313437204880e-11 2.611774699810e-09 8.171482119802e-11 8.888903595402e-11 9.544114770911e-11 1.020813477554e-10 1.111777106884e-10 
1.646908096388e-11 3.837330388081e-11 5.485492497078e-11 6.907138015699e-11 8.171482119802e-11 2.631289278905e-09 1.025241195074e-10 1.113700074762e-10 1.202715619103e-10 1.324613423199e-10 
1.703438511941e-11 4.023505448121e-11 5.817598972964e-11 7.412251822299e-11 8.888903595402e-11 1.025241195074e-10 2.653553507108e-09 1.267659803950e-10 1.383944636884e-10 1.541980932796e-10 
1.755478615648e-11 4.194907999292e-11 6.123368154449e-11 7.876422941423e-11 9.544114770911e-11 1.113700074762e-10 1.267659803950e-10 2.680428197637e-09 1.572831751002e-10 1.774680646234e-10 
1.808289803173e-11 4.368852216141e-11 6.433695354673e-11 8.347531777152e-11 1.020813477554e-10 1.202715619103e-10 1.383944636884e-10 1.572831751002e-10 2.716591115105e-09 2.049561529747e-10 
1.880607123942e-11 4.607048744924e-11 6.858661110801e-11 8.992729302169e-11 1.111777106884e-10 1.324613423199e-10 1.541980932796e-10 1.774680646234e-10 2.049561529747e-10 2.786717869204e-09 
