4.5269820746285548e-08 2.1087160373016320e-08 1.5508658651994496e-08 1.2174950771407115e-08 9.7811144211671632e-09 7.8792710524030674e-09 6.2536722309425642e-09 4.7661722812931316e-09 3.2774084498898461e-09 1.2962540957062713e-09 
2.1087160373016320e-08 1.3063727056410418e-08 7.8025439732703689e-09 6.1754458091618431e-09 5.0073740919652497e-09 4.0794191809226203e-09 3.2861000731429742e-09 2.5599888468800700e-09 1.8332016578339395e-09 8.6816249594305453e-10 
1.5508658651994496e-08 7.8025439732703689e-09 8.3542598106083200e-09 4.6284725960403297e-09 3.7762449720184359e-09 3.0992314380562414e-09 2.5203760724275162e-09 1.9904647848190256e-09 1.4600277737709135e-09 7.5682125646911380e-10 
1.2174950771407115e-08 6.1754458091618431e-09 4.6284725960403297e-09 6.2424923876473185e-09 3.0405575609976365e-09 2.5134926410436111e-09 2.0627841778837177e-09 1.6501152694658067e-09 1.2370145376832745e-09 6.9027494589934162e-10 
9.7811144211671632e-09 5.0073740919652497e-09 3.7762449720184359e-09 3.0405575609976365e-09 5.0512121949954521e-09 2.0934116668175520e-09 1.7347394589354235e-09 1.4062620682564691e-09 1.0774313819824176e-09 6.4307449401441233e-10 
7.8792710524030674e-09 4.0794191809226203e-09 3.0992314380562414e-09 2.5134926410436111e-09 2.0934116668175520e-09 4.2982197148605689e-09 1.4742398005398381e-09 1.2126413223518626e-09 9.5073460106037100e-10 6.0565566482538174e-10 
6.2536722309425642e-09 3.2861000731429742e-09 2.5203760724275162e-09 2.0627841778837177e-09 1.7347394589354235e-09 1.4742398005398381e-09 3.7898165910986381e-09 1.0469721359917555e-09 8.4221264147982188e-10 5.7336364212966298e-10 
4.7661722812931316e-09 2.5599888468800700e-09 1.9904647848190256e-09 1.6501152694658067e-09 1.4062620682564691e-09 1.2126413223518626e-09 1.0469721359917555e-09 3.4336212491394149e-09 7.4281977475212370e-10 5.4346755312588992e-10 
3.2774084498898461e-09 1.8332016578339395e-09 1.4600277737709135e-09 1.2370145376832745e-09 1.0774313819824176e-09 9.5073460106037100e-10 8.4221264147982188e-10 7.4281977475212370e-10 3.1821057053950007e-09 5.1386929374223255e-10 
1.2962540957062713e-09 8.6816249594305453e-10 7.5682125646911380e-10 6.9027494589934162e-10 6.4307449401441233e-10 6.0565566482538174e-10 5.7336364212966298e-10 5.4346755312588992e-10 5.1386929374223255e-10 3.0179590940861424e-09 
