1.1169535235329838e-07 5.4273854832679193e-08 4.0126282043065361e-08 3.1670743419469410e-08 2.5599371342691338e-08 2.0775431870033125e-08 1.6650730954549256e-08 1.2873981062140556e-08 9.0910995152982244e-09 4.0723104457046559e-09 
5.4273854832679193e-08 2.9771361813331831e-08 2.0261375474021775e-08 1.6094674807201856e-08 1.3103352191358780e-08 1.0726666648013962e-08 8.6941119370306104e-09 6.8324858228273061e-09 4.9673803250532315e-09 2.4971761592209147e-09 
4.0126282043065361e-08 2.0261375474021775e-08 1.7677974458622429e-08 1.2078231618578027e-08 9.8807233593547853e-09 8.1347602121744817e-09 6.6414267719664174e-09 5.2734036441510778e-09 3.9025826271046461e-09 2.0892356100794282e-09 
3.1670743419469410e-08 1.6094674807201856e-08 1.2078231618578027e-08 1.2216182522303671e-08 7.9546713087331448e-09 6.5856416216600785e-09 5.4145494830590784e-09 4.3415216995465659e-09 3.2661111531979389e-09 1.8453344997609833e-09 
2.5599371342691338e-08 1.3103352191358780e-08 9.8807233593547853e-09 7.9546713087331448e-09 9.1109537995755023e-09 5.4742225560612360e-09 4.5345406951469642e-09 3.6733317452516664e-09 2.8100589100703550e-09 1.6712093753902025e-09 
2.0775431870033125e-08 1.0726666648013962e-08 8.1347602121744817e-09 6.5856416216600785e-09 5.4742225560612360e-09 7.1296862172210434e-09 3.8354829168528655e-09 3.1425506522534839e-09 2.4477720549374026e-09 1.5329022304749096e-09 
1.6650730954549256e-08 8.6941119370306104e-09 6.6414267719664174e-09 5.4145494830590784e-09 4.5345406951469642e-09 3.8354829168528655e-09 5.7756367580357229e-09 2.6882430953710836e-09 2.1374176586676997e-09 1.4138858265309921e-09 
1.2873981062140556e-08 6.8324858228273061e-09 5.2734036441510778e-09 4.3415216995465659e-09 3.6733317452516664e-09 3.1425506522534839e-09 2.6882430953710836e-09 4.8100099849037185e-09 1.8528133846678465e-09 1.3039110908626418e-09 
9.0910995152982244e-09 4.9673803250532315e-09 3.9025826271046461e-09 3.2661111531979389e-09 2.8100589100703550e-09 2.4477720549374026e-09 2.1374176586676997e-09 1.8528133846678465e-09 4.1062938829699740e-09 1.1938709033198046e-09 
4.0723104457046559e-09 2.4971761592209147e-09 2.0892356100794282e-09 1.8453344997609833e-09 1.6712093753902025e-09 1.5329022304749096e-09 1.4138858265309921e-09 1.3039110908626418e-09 1.1938709033198046e-09 3.5968038253903629e-09 
