2.599315334531e-09 9.381456972520e-11 1.059081688916e-10 1.131965853269e-10 1.184285102570e-10 1.225879864538e-10 1.261523531022e-10 1.294335882638e-10 1.327634414697e-10 1.373231381749e-10 
9.381456972520e-11 2.703634709550e-09 1.981152894518e-10 2.187562275602e-10 2.335766307640e-10 2.453424661248e-10 2.554252363256e-10 2.647077548304e-10 2.741278985471e-10 2.870275815516e-10 
1.059081688916e-10 1.981152894518e-10 2.786586478121e-09 2.818376781409e-10 3.064185605965e-10 3.258623597296e-10 3.424995472308e-10 3.578167597886e-10 3.733621262774e-10 3.946499645375e-10 
1.131965853269e-10 2.187562275602e-10 2.818376781409e-10 2.866687022442e-09 3.637172001908e-10 3.920010496538e-10 4.160793116317e-10 4.382070902686e-10 4.606651083893e-10 4.914218301570e-10 
1.184285102570e-10 2.335766307640e-10 3.064185605965e-10 3.637172001908e-10 2.949244490743e-09 4.496038283430e-10 4.827086315777e-10 5.129436700649e-10 5.435815482386e-10 5.855523431582e-10 
1.225879864538e-10 2.453424661248e-10 3.258623597296e-10 3.920010496538e-10 4.496038283430e-10 3.038345566926e-09 5.438592278700e-10 5.839094321636e-10 6.241735355814e-10 6.793045939445e-10 
1.261523531022e-10 2.554252363256e-10 3.424995472308e-10 4.160793116317e-10 4.827086315777e-10 5.438592278700e-10 3.138694307695e-09 6.527582433762e-10 7.048534030528e-10 7.755162022632e-10 
1.294335882638e-10 2.647077548304e-10 3.578167597886e-10 4.382070902686e-10 5.129436700649e-10 5.839094321636e-10 6.527582433762e-10 3.259588446894e-09 7.900414219012e-10 8.797848181841e-10 
1.327634414697e-10 2.741278985471e-10 3.733621262774e-10 4.606651083893e-10 5.435815482386e-10 6.241735355814e-10 7.048534030528e-10 7.900414219012e-10 3.424121167787e-09 1.006384513895e-09 
1.373231381749e-10 2.870275815516e-10 3.946499645375e-10 4.914218301570e-10 5.855523431582e-10 6.793045939445e-10 7.755162022632e-10 8.797848181841e-10 1.006384513895e-09 3.752750378958e-09 
