2.5640353677246616e-08 1.1328961184350354e-08 8.2949612355982703e-09 6.4820365994927032e-09 5.1802566993002117e-09 4.1461489152840849e-09 3.2625610949015336e-09 2.4546122334907513e-09 1.6468316353220323e-09 5.6953781882754323e-10 
1.1328961184350354e-08 8.1634199768305518e-09 4.1546323238283413e-09 3.2760588607915852e-09 2.6453852518804638e-09 2.1444300497450963e-09 1.7163109245276618e-09 1.3247512180686855e-09 9.3329635022493889e-10 4.1258439814340484e-10 
8.2949612355982703e-09 4.1546323238283413e-09 5.6257156696111319e-09 2.4494131860199676e-09 1.9916393260577950e-09 1.6280412346480871e-09 1.3172720966350032e-09 1.0329958757489456e-09 7.4880725030612649e-10 3.7149540814904305e-10 
6.4820365994927032e-09 3.2760588607915852e-09 2.4494131860199676e-09 4.4939442402357872e-09 1.6010201133073241e-09 1.3194887174375113e-09 1.0788295626177078e-09 8.5865460574215510e-10 6.3855954854970958e-10 3.4693147768738890e-10 
5.1802566993002117e-09 2.6453852518804638e-09 1.9916393260577950e-09 1.6010201133073241e-09 3.8593003896940523e-09 1.0982632336488742e-09 9.0795814470062798e-10 7.3381332777060206e-10 5.5975007154612832e-10 3.2966576542378046e-10 
4.1461489152840849e-09 2.1444300497450963e-09 1.6280412346480871e-09 1.3194887174375113e-09 1.0982632336488742e-09 3.4610643869228140e-09 7.7231398983521051e-10 6.3472909851671540e-10 4.9721605666569915e-10 3.1601704998986818e-10 
3.2625610949015336e-09 1.7163109245276618e-09 1.3172720966350032e-09 1.0788295626177078e-09 9.0795814470062798e-10 7.7231398983521051e-10 3.1947644975056989e-09 5.4998380004041891e-10 4.4366591987202901e-10 3.0418750287880349e-10 
2.4546122334907513e-09 1.3247512180686855e-09 1.0329958757489456e-09 8.5865460574215510e-10 7.3381332777060206e-10 6.3472909851671540e-10 5.4998380004041891e-10 3.0108717635391757e-09 3.9469179167677210e-10 2.9320462436350278e-10 
1.6468316353220323e-09 9.3329635022493889e-10 7.4880725030612649e-10 6.3855954854970958e-10 5.5975007154612832e-10 4.9721605666569915e-10 4.4366591987202901e-10 3.9469179167677210e-10 2.8844838694001663e-09 2.8253109522027150e-10 
5.6953781882754323e-10 4.1258439814340484e-10 3.7149540814904305e-10 3.4693147768738890e-10 3.2966576542378046e-10 3.1601704998986818e-10 3.0418750287880349e-10 2.9320462436350278e-10 2.8253109522027150e-10 2.8098881772044338e-09 
