2.4787048985351202e-08 1.0906461756190022e-08 7.9834997398548290e-09 6.2369357907707340e-09 4.9828108724980611e-09 3.9865682732658618e-09 3.1353543736895661e-09 2.3570460947930228e-09 1.5789612953557482e-09 5.4114037900034302e-10 
1.0906461756190022e-08 7.9518163098077085e-09 3.9973955054546760e-09 3.1513136137976521e-09 2.5439669449735375e-09 2.0615457332796470e-09 1.6492757554650636e-09 1.2722308372633706e-09 8.9531985815019664e-10 3.9390274768281926e-10 
7.9834997398548290e-09 3.9973955054546760e-09 5.5082408794464149e-09 2.3557016055053094e-09 1.9149857658495752e-09 1.5649403687623330e-09 1.2657620413296064e-09 9.9210271253346168e-10 7.1855337082300240e-10 3.5533664485743907e-10 
6.2369357907707340e-09 3.1513136137976521e-09 2.3557016055053094e-09 4.4187787680021942e-09 1.5391656146637333e-09 1.2682101074273597e-09 1.0365970789123387e-09 8.2470956116416928e-10 6.1292024802471665e-10 3.3227975384203406e-10 
4.9828108724980611e-09 2.5439669449735375e-09 1.9149857658495752e-09 1.5391656146637333e-09 3.8080644696284748e-09 1.0554641740960108e-09 8.7237745749396028e-10 7.0484715373915387e-10 5.3741357766345882e-10 3.1608468619157729e-10 
3.9865682732658618e-09 2.0615457332796470e-09 1.5649403687623330e-09 1.2682101074273597e-09 1.0554641740960108e-09 3.4250016249365761e-09 7.4201641122086680e-10 6.0971693955326452e-10 4.7750229726040776e-10 3.0328522321354297e-10 
3.1353543736895661e-09 1.6492757554650636e-09 1.2657620413296064e-09 1.0365970789123387e-09 8.7237745749396028e-10 7.4201641122086680e-10 3.1689886589010720e-09 5.2835583921797115e-10 4.2619914859913218e-10 2.9218783084563517e-10 
2.3570460947930228e-09 1.2722308372633706e-09 9.9210271253346168e-10 8.2470956116416928e-10 7.0484715373915387e-10 6.0971693955326452e-10 5.2835583921797115e-10 2.9923472446147608e-09 3.7928470371226128e-10 2.8188233298847855e-10 
1.5789612953557482e-09 8.9531985815019664e-10 7.1855337082300240e-10 6.1292024802471665e-10 5.3741357766345882e-10 4.7750229726040776e-10 4.2619914859913218e-10 3.7928470371226128e-10 2.8711369014134390e-09 2.7188341828824390e-10 
5.4114037900034302e-10 3.9390274768281926e-10 3.5533664485743907e-10 3.3227975384203406e-10 3.1608468619157729e-10 3.0328522321354297e-10 2.9218783084563517e-10 2.8188233298847855e-10 2.7188341828824390e-10 2.8000475310443358e-09 
