1.2277604720986750e-07 4.0340195168781335e-08 7.7267506607347937e-09 9.8426504658528782e-10 8.8499784444137113e-11 5.2062364905881389e-12 1.7178574843939060e-13 2.3969311420951498e-15 7.7087283924842648e-18 9.0092492647202783e-22 
4.0340195168781335e-08 1.2326029843631808e-07 5.3995021396170655e-08 1.6100023378701942e-08 2.9981361906694409e-09 3.5159560726547841e-10 2.3417389236690934e-11 6.8872674227465863e-13 5.0322080919637179e-15 1.5608883181752902e-18 
7.7267506607347937e-09 5.3995021396170655e-08 1.0648266700257829e-07 5.0438024086294200e-08 1.8161256928054886e-08 3.8579535977891272e-09 4.5547472583643613e-10 2.4293932158489511e-11 3.4659998459072985e-13 2.5066014103313350e-16 
9.8426504658528782e-10 1.6100023378701942e-08 5.0438024086294200e-08 9.3423609228035366e-08 4.4188457320092158e-08 1.6847019023543431e-08 3.4742590087117711e-09 3.2465518047935342e-10 8.5703303728925410e-12 1.3690429536826704e-14 
8.8499784444137113e-11 2.9981361906694409e-09 1.8161256928054886e-08 4.4188457320092158e-08 8.3142422188177144e-08 3.7649790196798314e-08 1.3801990232067927e-08 2.3029668674155291e-09 1.1331522761637806e-10 3.9811905877596143e-13 
5.2062364905881389e-12 3.5159560726547841e-10 3.8579535977891272e-09 1.6847019023543431e-08 3.7649790196798314e-08 7.4801555799243333e-08 3.1169935986566699e-08 9.7052974537532572e-09 9.3734752634462253e-10 7.6164588600881556e-12 
1.7178574843939060e-13 2.3417389236690934e-11 4.5547472583643613e-10 3.4742590087117711e-09 1.3801990232067927e-08 3.1169935986566699e-08 6.7596207814273579e-08 2.4362860016072516e-08 5.0393451961992884e-09 1.0583048076681471e-10 
2.3969311420951498e-15 6.8872674227465863e-13 2.4293932158489511e-11 3.2465518047935342e-10 2.3029668674155291e-09 9.7052974537532572e-09 2.4362860016072516e-08 6.0857337695339278e-08 1.6572568466038014e-08 1.0879363035011428e-09 
7.7087283924842648e-18 5.0322080919637179e-15 3.4659998459072985e-13 8.5703303728925410e-12 1.1331522761637806e-10 9.3734752634462253e-10 5.0393451961992884e-09 1.6572568466038014e-08 5.4140524649550513e-08 7.5724230247555825e-09 
9.0092492647202783e-22 1.5608883181752902e-18 2.5066014103313350e-16 1.3690429536826704e-14 3.9811905877596143e-13 7.6164588600881556e-12 1.0583048076681471e-10 1.0879363035011428e-09 7.5724230247555825e-09 4.3393514457748167e-08 
