8.2493415159752736e-08 2.4747476948644829e-08 4.9007663295710570e-09 6.3899710762965658e-10 5.8425204074683988e-11 3.4795007398860012e-12 1.1583939026963295e-13 1.6255818556187248e-15 5.2363455317440415e-18 6.0772118483377187e-22 
2.4747476948644829e-08 8.8173009310165636e-08 3.4856950052012571e-08 1.0574971850169920e-08 1.9951586261993965e-09 2.3626100242917379e-10 1.5842502458306198e-11 4.6765205212533719e-13 3.4160911954795143e-15 1.0505824411183640e-18 
4.9007663295710570e-09 3.4856950052012571e-08 7.9504440868902309e-08 3.3458056932739254e-08 1.2163020842712099e-08 2.6025741854460997e-09 3.0875826502983667e-10 1.6502574639217959e-11 2.3504400966861430e-13 1.6831505452318939e-16 
6.3899710762965658e-10 1.0574971850169920e-08 3.3458056932739254e-08 7.1828470748652013e-08 2.9754948009345401e-08 1.1400950711707153e-08 2.3583043321421865e-09 2.2051000803246793e-10 5.8035761094149414e-12 9.1689940958376480e-15 
5.8425204074683988e-11 1.9951586261993965e-09 1.2163020842712099e-08 2.9754948009345401e-08 6.5358478228600437e-08 2.5538592874855985e-08 9.3752134192419910e-09 1.5631406241241551e-09 7.6584102024121735e-11 2.6583875915896116e-13 
3.4795007398860012e-12 2.3626100242917379e-10 2.6025741854460997e-09 1.1400950711707153e-08 2.5538592874855985e-08 5.9853402385470535e-08 2.1168946982703665e-08 6.5774656590122133e-09 6.3175458543074279e-10 5.0673423385907114e-12 
1.1583939026963295e-13 1.5842502458306198e-11 3.0875826502983667e-10 2.3583043321421865e-09 9.3752134192419910e-09 2.1168946982703665e-08 5.4918527648809802e-08 1.6464344797334280e-08 3.3824551338153105e-09 7.0069190656403211e-11 
1.6255818556187248e-15 4.6765205212533719e-13 1.6502574639217959e-11 2.2051000803246793e-10 1.5631406241241551e-09 6.5774656590122133e-09 1.6464344797334280e-08 5.0162966985002028e-08 1.1052564649158995e-08 7.1496298021893425e-10 
5.2363455317440415e-18 3.4160911954795143e-15 2.3504400966861430e-13 5.8035761094149414e-12 7.6584102024121735e-11 6.3175458543074279e-10 3.3824551338153105e-09 1.1052564649158995e-08 4.5317426781804229e-08 4.9115229203768877e-09 
6.0772118483377187e-22 1.0505824411183640e-18 1.6831505452318939e-16 9.1689940958376480e-15 2.6583875915896116e-13 5.0673423385907114e-12 7.0069190656403211e-11 7.1496298021893425e-10 4.9115229203768877e-09 3.7810282057434137e-08 
