8.0301444397846447e-08 2.3852584985745708e-08 4.7353096840769214e-09 6.1858112057165870e-10 5.6639623175894535e-11 3.3770046360141268e-12 1.1252984590302733e-13 1.5803254614391063e-15 5.0932490428821575e-18 5.9118467454222997e-22 
2.3852584985745708e-08 8.6124547863274456e-08 3.3727651967482707e-08 1.0247235835311711e-08 1.9355989818411963e-09 2.2942602476587666e-10 1.5395959723139758e-11 4.5474477875157939e-13 3.3230036650227203e-15 1.0219504713567596e-18 
4.7353096840769214e-09 3.3727651967482707e-08 7.7904899697837926e-08 3.2449654536919817e-08 1.1807167048710092e-08 2.5283496187486091e-09 3.0014244358346250e-10 1.6049669413419831e-11 2.2864886692155623e-13 1.6371723374707841e-16 
6.1858112057165870e-10 1.0247235835311711e-08 3.2449654536919817e-08 7.0546911517183757e-08 2.8900461589106070e-08 1.1080070821897904e-08 2.2930619244401147e-09 2.1448292979652219e-10 5.6457791200046701e-12 8.9177259645770583e-15 
5.6639623175894535e-11 1.9355989818411963e-09 1.1807167048710092e-08 2.8900461589106070e-08 6.4309618489741125e-08 2.4828590248242945e-08 9.1177616879864617e-09 1.5205444907441961e-09 7.4501529049109957e-11 2.5852269432294393e-13 
3.3770046360141268e-12 2.2942602476587666e-10 2.5283496187486091e-09 1.1080070821897904e-08 2.4828590248242945e-08 5.8982712708277602e-08 2.0590905912275149e-08 6.3985628336336794e-09 6.1455111669105973e-10 4.9270883871210100e-12 
1.1252984590302733e-13 1.5395959723139758e-11 3.0014244358346250e-10 2.2930619244401147e-09 9.1177616879864617e-09 2.0590905912275149e-08 5.4191622728826169e-08 1.6016620126976051e-08 3.2899906932288392e-09 6.8114017912802527e-11 
1.5803254614391063e-15 4.5474477875157939e-13 1.6049669413419831e-11 2.1448292979652219e-10 1.5205444907441961e-09 6.3985628336336794e-09 1.6016620126976051e-08 4.9563929653703964e-08 1.0747771790701466e-08 6.9475790070808391e-10 
5.0932490428821575e-18 3.3230036650227203e-15 2.2864886692155623e-13 5.6457791200046701e-12 7.4501529049109957e-11 6.1455111669105973e-10 3.2899906932288392e-09 1.0747771790701466e-08 4.4837104066929632e-08 4.7696051437487907e-09 
5.9118467454222997e-22 1.0219504713567596e-18 1.6371723374707841e-16 8.9177259645770583e-15 2.5852269432294393e-13 4.9270883871210100e-12 6.8114017912802527e-11 6.9475790070808391e-10 4.7696051437487907e-09 3.7519112895668040e-08 
