1.0955937121855211e-07 3.5376775501167839e-08 6.8361515352623607e-09 8.7591271298850161e-10 7.9069657527190103e-11 4.6638997299159463e-12 1.5415105541937317e-13 2.1522455942079286e-15 6.9170239627352301e-18 8.0542057793771450e-22 
3.5376775501167839e-08 1.1218765023153939e-07 4.7984297113851604e-08 1.4367578107417679e-08 2.6833781387358822e-09 3.1530421977427561e-10 2.1022955267314626e-11 6.1835621536525402e-13 4.5129918845288485e-15 1.3941315092299108e-18 
6.8361515352623607e-09 4.7984297113851604e-08 9.8022817820277772e-08 4.5111702191679630e-08 1.6276103714478474e-08 3.4620870334033401e-09 4.0896450039331998e-10 2.1806371646488196e-11 3.1064510431565217e-13 2.2367177249186144e-16 
8.7591271298850161e-10 1.4367578107417679e-08 4.5111702191679630e-08 8.6639165579751994e-08 3.9642268002709888e-08 1.5124825917770166e-08 3.1193730951766663e-09 2.9130342269122711e-10 7.6755613639052563e-12 1.2204322855665989e-14 
7.9069657527190103e-11 2.6833781387358822e-09 1.6276103714478474e-08 3.9642268002709888e-08 7.7522949251512774e-08 3.3805702352005819e-08 1.2389122232220373e-08 2.0652143002280122e-09 1.0139093746083858e-10 3.5451789205375284e-13 
4.6638997299159463e-12 3.1530421977427561e-10 3.4620870334033401e-09 1.5124825917770166e-08 3.3805702352005819e-08 7.0035681121801697e-08 2.7964410300173481e-08 8.6956695853664085e-09 8.3769388581469077e-10 6.7737091278984458e-12 
1.5415105541937317e-13 2.1022955267314626e-11 4.0896450039331998e-10 3.1193730951766663e-09 1.2389122232220373e-08 2.7964410300173481e-08 6.3510662077363579e-08 2.1798329658118458e-08 4.4961327352160188e-09 9.3965500382739868e-11 
2.1522455942079286e-15 6.1835621536525402e-13 2.1806371646488196e-11 2.9130342269122711e-10 2.0652143002280122e-09 8.6956695853664085e-09 2.1798329658118458e-08 5.7359115946993686e-08 1.4751382670218461e-08 9.6357945769062337e-10 
6.9170239627352301e-18 4.5129918845288485e-15 3.1064510431565217e-13 7.6755613639052563e-12 1.0139093746083858e-10 8.3769388581469077e-10 4.4961327352160188e-09 1.4751382670218461e-08 5.1206422407823373e-08 6.6782907685242817e-09 
8.0542057793771450e-22 1.3941315092299108e-18 2.2367177249186144e-16 1.2204322855665989e-14 3.5451789205375284e-13 6.7737091278984458e-12 9.3965500382739868e-11 9.6357945769062337e-10 6.6782907685242817e-09 4.1497758797161078e-08 
