2.0881867886620335e-07 7.0662878664851893e-08 1.3122557186128643e-08 1.6435233040121347e-09 1.4652075959216095e-10 8.5971045006961035e-12 2.8439346777655311e-13 4.0005460326160866e-15 1.3075294544668369e-17 1.5795112039006208e-21 
7.0662878664851893e-08 1.9037319256592435e-07 9.0497111961433666e-08 2.6714318214010305e-08 4.9533384697057079e-09 5.8114694887968277e-10 3.8900119511634331e-11 1.1556094849578119e-12 8.5914233439558492e-15 2.7541678030046519e-18 
1.3122557186128643e-08 9.0497111961433666e-08 1.5822682620985152e-07 8.3385177042154906e-08 2.9997370496356774e-08 6.3901853622454974e-09 7.5953723733320554e-10 4.0977698328748070e-11 5.9548843603168093e-13 4.4506371045732288e-16 
1.6435233040121347e-09 2.6714318214010305e-08 8.3385177042154906e-08 1.3591428209802530e-07 7.3102533872658648e-08 2.8000389905197867e-08 5.8209764921727807e-09 5.5077417011644337e-10 1.4821204937372755e-11 2.4466234187597010e-14 
1.4652075959216095e-10 4.9533384697057079e-09 2.9997370496356774e-08 7.3102533872658648e-08 1.1942349300862193e-07 6.2894567611669821e-08 2.3266418043693158e-08 3.9339135637796540e-09 1.9739592732631248e-10 7.1647102664580049e-13 
8.5971045006961035e-12 5.8114694887968277e-10 6.3901853622454974e-09 2.8000389905197867e-08 6.2894567611669821e-08 1.0660572057111306e-07 5.2969032169899801e-08 1.6722814724069618e-08 1.6472228779517408e-09 1.3817138653664554e-11 
2.8439346777655311e-13 3.8900119511634331e-11 7.5953723733320554e-10 5.8209764921727807e-09 2.3266418043693158e-08 5.2969032169899801e-08 9.5864471739705990e-08 4.2451709531391518e-08 8.9556809796892618e-09 1.9392925703161477e-10 
4.0005460326160866e-15 1.1556094849578119e-12 4.0977698328748070e-11 5.5077417011644337e-10 3.9339135637796540e-09 1.6722814724069618e-08 4.2451709531391518e-08 8.5948096601932185e-08 2.9903361333690958e-08 2.0221726362078786e-09 
1.3075294544668369e-17 8.5914233439558492e-15 5.9548843603168093e-13 1.4821204937372755e-11 1.9739592732631248e-10 1.6472228779517408e-09 8.9556809796892618e-09 2.9903361333690958e-08 7.6046798704834804e-08 1.4394202423372588e-08 
1.5795112039006208e-21 2.7541678030046519e-18 4.4506371045732288e-16 2.4466234187597010e-14 7.1647102664580049e-13 1.3817138653664554e-11 1.9392925703161477e-10 2.0221726362078786e-09 1.4394202423372588e-08 5.8174528982676272e-08 
