6.6508906327604346e-08 1.8073383034345024e-08 3.6533778656684988e-09 4.8404830582638228e-10 4.4820378753579069e-11 2.6968320169214442e-12 9.0559165901086580e-14 1.2801298351810933e-15 4.1480733865946999e-18 4.8295927493710595e-22 
1.8073383034345024e-08 7.2755479173737372e-08 2.6299035244624562e-08 8.0806531679141041e-09 1.5406649573372005e-09 1.8405040776679398e-10 1.2432420007722005e-11 3.6921361516661912e-13 2.7094999953090334e-15 8.3486358706602603e-19 
3.6533778656684988e-09 2.6299035244624562e-08 6.7336876064891898e-08 2.5767454276025116e-08 9.4452367899345625e-09 2.0356260871855511e-09 2.4298708495880733e-10 1.3052806834810374e-11 1.8658285985708851e-13 1.3372725247290907e-16 
4.8404830582638228e-10 8.0806531679141041e-09 2.5767454276025116e-08 6.2041818197983174e-08 2.3227679408963165e-08 8.9506325465505143e-09 1.8606078066610708e-09 1.7467584559573228e-10 4.6096568061809178e-12 7.2822089858391356e-15 
4.4820378753579069e-11 1.5406649573372005e-09 9.4452367899345625e-09 2.3227679408963165e-08 5.7348473586586992e-08 2.0119779037101188e-08 7.4139083135822403e-09 1.2398466818079516e-09 6.0851371454968916e-11 2.1102077606935302e-13 
2.6968320169214442e-12 1.8405040776679398e-10 2.0356260871855511e-09 8.9506325465505143e-09 2.0119779037101188e-08 5.3217201620361432e-08 1.6775282082158312e-08 5.2226941258605486e-09 5.0203098492078558e-10 4.0191954180181839e-12 
9.0559165901086580e-14 1.2432420007722005e-11 2.4298708495880733e-10 1.8606078066610708e-09 7.4139083135822403e-09 1.6775282082158312e-08 4.9409698118287920e-08 1.3082178843316990e-08 2.6871047608025745e-09 5.5505363060362028e-11 
1.2801298351810933e-15 3.6921361516661912e-13 1.3052806834810374e-11 1.7467584559573228e-10 1.2398466818079516e-09 5.2226941258605486e-09 1.3082178843316990e-08 4.5652386358106672e-08 8.7708245989858732e-09 5.6507512436021041e-10 
4.1480733865946999e-18 2.7094999953090334e-15 1.8658285985708851e-13 4.6096568061809178e-12 6.0851371454968916e-11 5.0203098492078558e-10 2.6871047608025745e-09 8.7708245989858732e-09 4.1746374208019171e-08 3.8640050357008677e-09 
4.8295927493710595e-22 8.3486358706602603e-19 1.3372725247290907e-16 7.2822089858391356e-15 2.1102077606935302e-13 4.0191954180181839e-12 5.5505363060362028e-11 5.6507512436021041e-10 3.8640050357008677e-09 3.5681365896046417e-08 
