2.543948070864e-09 9.267373765362e-12 1.077871368812e-11 1.169321284165e-11 1.234953655962e-11 1.287130150839e-11 1.331842377218e-11 1.373003240309e-11 1.414774228659e-11 1.471974174810e-11 
9.267373765362e-12 2.557052051242e-09 2.339364266429e-11 2.645862680690e-11 2.865913491682e-11 3.040513808320e-11 3.190143303604e-11 3.327901622148e-11 3.467703620673e-11 3.659148306158e-11 
1.077871368812e-11 2.339364266429e-11 2.569711701249e-09 3.669062158775e-11 4.068387471217e-11 4.383867094003e-11 4.653729311749e-11 4.902193319819e-11 5.154363903007e-11 5.499693097269e-11 
1.169321284165e-11 2.645862680690e-11 3.669062158775e-11 2.583042601803e-09 5.067432502474e-11 5.554403089878e-11 5.968575698465e-11 6.349144455067e-11 6.735407007904e-11 7.264412950359e-11 
1.234953655962e-11 2.865913491682e-11 4.068387471217e-11 5.067432502474e-11 2.597541352069e-09 6.602242884326e-11 7.195166873824e-11 7.736506392445e-11 8.285101818715e-11 9.036637290369e-11 
1.287130150839e-11 3.040513808320e-11 4.383867094003e-11 5.554403089878e-11 6.602242884326e-11 2.613724893058e-09 8.332635278804e-11 9.068250648729e-11 9.808285150151e-11 1.082169492128e-10 
1.331842377218e-11 3.190143303604e-11 4.653729311749e-11 5.968575698465e-11 7.195166873824e-11 8.332635278804e-11 2.632298004141e-09 1.035980290256e-10 1.133177973078e-10 1.265248681780e-10 
1.373003240309e-11 3.327901622148e-11 4.902193319819e-11 6.349144455067e-11 7.736506392445e-11 9.068250648729e-11 1.035980290256e-10 2.654834909370e-09 1.292359607401e-10 1.461797968771e-10 
1.414774228659e-11 3.467703620673e-11 5.154363903007e-11 6.735407007904e-11 8.285101818715e-11 9.808285150151e-11 1.133177973078e-10 1.292359607401e-10 2.685292542272e-09 1.694644866801e-10 
1.471974174810e-11 3.659148306158e-11 5.499693097269e-11 7.264412950359e-11 9.036637290369e-11 1.082169492128e-10 1.265248681780e-10 1.461797968771e-10 1.694644866801e-10 2.744613027171e-09 
