2.715423420621e-09 2.612722501584e-10 2.918242643221e-10 3.102429038035e-10 3.234632765531e-10 3.339735093996e-10 3.429800891499e-10 3.512712900220e-10 3.596853904334e-10 3.712071832778e-10 
2.612722501584e-10 2.978635465615e-09 5.230284650699e-10 5.751457866374e-10 6.125495852173e-10 6.422305625895e-10 6.676659427257e-10 6.910832577041e-10 7.148479826755e-10 7.473909903089e-10 
2.918242643221e-10 5.230284650699e-10 3.188931433598e-09 7.375895695635e-10 8.011945496008e-10 8.514278453394e-10 8.943905142061e-10 9.339461139848e-10 9.740921814881e-10 1.029068946291e-09 
3.102429038035e-10 5.751457866374e-10 7.375895695635e-10 3.398501347225e-09 9.547518413559e-10 1.030222109346e-09 1.094361727491e-09 1.153276402412e-09 1.213071972773e-09 1.294966466017e-09 
3.234632765531e-10 6.125495852173e-10 8.011945496008e-10 9.547518413559e-10 3.622229345558e-09 1.191148060299e-09 1.282613098684e-09 1.365975349279e-09 1.450406895188e-09 1.566082319031e-09 
3.339735093996e-10 6.422305625895e-10 8.514278453394e-10 1.030222109346e-09 1.191148060299e-09 3.872827052681e-09 1.460318866847e-09 1.574687490486e-09 1.689354630642e-09 1.846343922862e-09 
3.429800891499e-10 6.676659427257e-10 8.943905142061e-10 1.094361727491e-09 1.282613098684e-09 1.460318866847e-09 4.164905844840e-09 1.781612290683e-09 1.934506010551e-09 2.141264711131e-09 
3.512712900220e-10 6.910832577041e-10 9.339461139848e-10 1.153276402412e-09 1.365975349279e-09 1.574687490486e-09 1.781612290683e-09 4.528332720064e-09 2.199401767667e-09 2.468308970919e-09 
3.596853904334e-10 7.148479826755e-10 9.740921814881e-10 1.213071972773e-09 1.450406895188e-09 1.689354630642e-09 1.934506010551e-09 2.199401767667e-09 5.041329982182e-09 2.879220696753e-09 
3.712071832778e-10 7.473909903089e-10 1.029068946291e-09 1.294966466017e-09 1.566082319031e-09 1.846343922862e-09 2.141264711131e-09 2.468308970919e-09 2.879220696753e-09 6.115101029182e-09 
