2.549199066501e-09 1.782757098943e-11 2.060061073295e-11 2.227642341406e-11 2.347925233888e-11 2.443550044890e-11 2.525494462423e-11 2.600930171687e-11 2.677484055154e-11 2.782314430350e-11 
1.782757098943e-11 2.573214148219e-09 4.322396003526e-11 4.859280319980e-11 5.244801628797e-11 5.550783608719e-11 5.813002034306e-11 6.054413161126e-11 6.299405230586e-11 6.634896410512e-11 
2.060061073295e-11 4.322396003526e-11 2.595210661020e-09 6.602462394025e-11 7.281363973030e-11 7.818115350612e-11 8.277349380951e-11 8.700162334105e-11 9.129277716397e-11 9.716918004171e-11 
2.227642341406e-11 4.859280319980e-11 6.602462394025e-11 2.617669962325e-09 8.934482387477e-11 9.743488689966e-11 1.043206694974e-10 1.106490029624e-10 1.170719091930e-10 1.258682999360e-10 
2.347925233888e-11 5.244801628797e-11 7.281363973030e-11 8.934482387477e-11 2.641538769872e-09 1.143996507006e-10 1.240648129232e-10 1.328952031228e-10 1.418449280201e-10 1.541049946198e-10 
2.443550044890e-11 5.550783608719e-11 7.818115350612e-11 9.743488689966e-11 1.143996507006e-10 2.667702445270e-09 1.421876664055e-10 1.539982407173e-10 1.658868252775e-10 1.821670382502e-10 
2.525494462423e-11 5.813002034306e-11 8.277349380951e-11 1.043206694974e-10 1.240648129232e-10 1.421876664055e-10 2.697302537619e-09 1.743137711099e-10 1.897284508826e-10 2.106803374648e-10 
2.600930171687e-11 6.054413161126e-11 8.700162334105e-11 1.106490029624e-10 1.328952031228e-10 1.539982407173e-10 1.743137711099e-10 2.732790893523e-09 2.145068889015e-10 2.410972221870e-10 
2.677484055154e-11 6.299405230586e-11 9.129277716397e-11 1.170719091930e-10 1.418449280201e-10 1.658868252775e-10 1.897284508826e-10 2.145068889015e-10 2.780283981526e-09 2.769699733459e-10 
2.782314430350e-11 6.634896410512e-11 9.716918004171e-11 1.258682999360e-10 1.541049946198e-10 1.821670382502e-10 2.106803374648e-10 2.410972221870e-10 2.769699733459e-10 2.872025000982e-09 
