2.608439650305e-09 1.071744617395e-10 1.207669255994e-10 1.289577104599e-10 1.348373666027e-10 1.395118121369e-10 1.435174856852e-10 1.472049898627e-10 1.509471532079e-10 1.560714877288e-10 
1.071744617395e-10 2.725658037419e-09 2.239892143084e-10 2.470355869046e-10 2.635820107592e-10 2.767177781947e-10 2.879745598023e-10 2.983379750484e-10 3.088551042623e-10 3.232571024092e-10 
1.207669255994e-10 2.239892143084e-10 2.818213069762e-09 3.173455938085e-10 3.447550919653e-10 3.664335798670e-10 3.849821971483e-10 4.020592981271e-10 4.193909083010e-10 4.431250639135e-10 
1.289577104599e-10 2.470355869046e-10 3.173455938085e-10 2.907547712694e-09 4.087034956276e-10 4.402725501686e-10 4.671428789220e-10 4.918352293318e-10 5.168962808909e-10 5.512183756302e-10 
1.348373666027e-10 2.635820107592e-10 3.447550919653e-10 4.087034956276e-10 2.999784572200e-09 5.047591351594e-10 5.417929675228e-10 5.756073283304e-10 6.098703221925e-10 6.568084087801e-10 
1.395118121369e-10 2.767177781947e-10 3.664335798670e-10 4.402725501686e-10 5.047591351594e-10 3.099613341185e-09 6.105027431390e-10 6.554283728312e-10 7.005791314536e-10 7.624018247326e-10 
1.435174856852e-10 2.879745598023e-10 3.849821971483e-10 4.671428789220e-10 5.417929675228e-10 6.105027431390e-10 3.212416479073e-09 7.331016039202e-10 7.917216567504e-10 8.712028589419e-10 
1.472049898627e-10 2.983379750484e-10 4.020592981271e-10 4.918352293318e-10 5.756073283304e-10 6.554283728312e-10 7.331016039202e-10 3.348878541150e-09 8.883552877885e-10 9.895983297032e-10 
1.509471532079e-10 3.088551042623e-10 4.193909083010e-10 5.168962808909e-10 6.098703221925e-10 7.005791314536e-10 7.917216567504e-10 8.883552877885e-10 3.535585425669e-09 1.133835216754e-09 
1.560714877288e-10 3.232571024092e-10 4.431250639135e-10 5.512183756302e-10 6.568084087801e-10 7.624018247326e-10 8.712028589419e-10 9.895983297032e-10 1.133835216754e-09 3.910827573251e-09 
