2.541051066292e-09 4.433681830925e-12 5.186574705442e-12 5.642685720013e-12 5.969986948483e-12 6.230177618906e-12 6.453147586908e-12 6.658407996636e-12 6.866710728973e-12 7.151880285422e-12 
4.433681830925e-12 2.547585823036e-09 1.159509808993e-11 1.318538773206e-11 1.432676724180e-11 1.523205910572e-11 1.600788648722e-11 1.672217593331e-11 1.744706330257e-11 1.843953273820e-11 
5.186574705442e-12 1.159509808993e-11 2.554203555513e-09 1.863594660760e-11 2.076930566076e-11 2.245303907718e-11 2.389286466716e-11 2.521854662008e-11 2.656402730255e-11 2.840627576958e-11 
5.642685720013e-12 1.318538773206e-11 1.863594660760e-11 2.561394165892e-09 2.626227409888e-11 2.892999175658e-11 3.119648954392e-11 3.327847954145e-11 3.539165974289e-11 3.828541864005e-11 
5.969986948483e-12 1.432676724180e-11 2.076930566076e-11 2.626227409888e-11 2.569421131695e-09 3.484356699610e-11 3.816501429582e-11 4.119419415820e-11 4.426331503974e-11 4.846751667744e-11 
6.230177618906e-12 1.523205910572e-11 2.245303907718e-11 2.892999175658e-11 3.484356699610e-11 2.578580768637e-09 4.472126738597e-11 4.892131887208e-11 5.314177277427e-11 5.892070867153e-11 
6.453147586908e-12 1.600788648722e-11 2.389286466716e-11 3.119648954392e-11 3.816501429582e-11 4.472126738597e-11 2.589294602048e-09 5.650352600294e-11 6.214373943367e-11 6.980038120207e-11 
6.658407996636e-12 1.672217593331e-11 2.521854662008e-11 3.327847954145e-11 4.119419415820e-11 4.892131887208e-11 5.650352600294e-11 2.602521684564e-09 7.165212314749e-11 8.162489996704e-11 
6.866710728973e-12 1.744706330257e-11 2.656402730255e-11 3.539165974289e-11 4.426331503974e-11 5.314177277427e-11 6.214373943367e-11 7.165212314749e-11 2.620703837433e-09 9.578985791927e-11 
7.151880285422e-12 1.843953273820e-11 2.840627576958e-11 3.828541864005e-11 4.846751667744e-11 5.892070867153e-11 6.980038120207e-11 8.162489996704e-11 9.578985791927e-11 2.656728010783e-09 
