2.549933514318e-09 1.900119818040e-11 2.193912565147e-11 2.371436118065e-11 2.498856276818e-11 2.600155385495e-11 2.686962268336e-11 2.766874198410e-11 2.847970544594e-11 2.958990326915e-11 
1.900119818040e-11 2.575373121677e-09 4.584845275602e-11 5.150890095011e-11 5.557354982376e-11 5.879966343835e-11 6.156435620714e-11 6.410966441588e-11 6.669272520103e-11 7.022922542863e-11 
2.193912565147e-11 4.584845275602e-11 2.598545416023e-09 6.983735470160e-11 7.697443136725e-11 8.261745216580e-11 8.744560687538e-11 9.189083879787e-11 9.640232334341e-11 1.025793807528e-10 
2.371436118065e-11 5.150890095011e-11 6.983735470160e-11 2.622136450846e-09 9.430935563510e-11 1.027962611987e-10 1.100202069090e-10 1.166593907878e-10 1.233977848392e-10 1.326248560567e-10 
2.498856276818e-11 5.557354982376e-11 7.697443136725e-11 9.430935563510e-11 2.647156041673e-09 1.205535095617e-10 1.306760355889e-10 1.399247338685e-10 1.492985196822e-10 1.621377674797e-10 
2.600155385495e-11 5.879966343835e-11 8.261745216580e-11 1.027962611987e-10 1.205535095617e-10 2.674539345655e-09 1.496197211290e-10 1.619735664729e-10 1.744094599256e-10 1.914370176709e-10 
2.686962268336e-11 6.156435620714e-11 8.744560687538e-11 1.100202069090e-10 1.306760355889e-10 1.496197211290e-10 2.705482859594e-09 1.831911323077e-10 1.992994276837e-10 2.211915085468e-10 
2.766874198410e-11 6.410966441588e-11 9.189083879787e-11 1.166593907878e-10 1.399247338685e-10 1.619735664729e-10 1.831911323077e-10 2.742552009017e-09 2.251569985344e-10 2.529152934091e-10 
2.847970544594e-11 6.669272520103e-11 9.640232334341e-11 1.233977848392e-10 1.492985196822e-10 1.744094599256e-10 1.992994276837e-10 2.251569985344e-10 2.792122494736e-09 2.903413938862e-10 
2.958990326915e-11 7.022922542863e-11 1.025793807528e-10 1.326248560567e-10 1.621377674797e-10 1.914370176709e-10 2.211915085468e-10 2.529152934091e-10 2.903413938862e-10 2.887860042940e-09 
