2.580221197610e-09 6.560255089009e-11 7.446332891281e-11 7.980546923593e-11 8.364026010260e-11 8.668899580989e-11 8.930155047743e-11 9.170659010793e-11 9.414727559818e-11 9.748842747628e-11 
6.560255089009e-11 2.656724982896e-09 1.429183654786e-10 1.583857000262e-10 1.694922059340e-10 1.783098093875e-10 1.858661451745e-10 1.928227710222e-10 1.998825683699e-10 2.095479867654e-10 
7.446332891281e-11 1.429183654786e-10 2.719068259348e-09 2.060458859239e-10 2.246017814881e-10 2.392818541739e-10 2.518437305303e-10 2.634090447707e-10 2.751466451369e-10 2.912172581534e-10 
7.980546923593e-11 1.583857000262e-10 2.060458859239e-10 2.779610837168e-09 2.679952904595e-10 2.893928920231e-10 3.076134386648e-10 3.243598400151e-10 3.413562278650e-10 3.646294379253e-10 
8.364026010260e-11 1.694922059340e-10 2.246017814881e-10 2.679952904595e-10 2.842051476178e-09 3.329076598486e-10 3.579157426172e-10 3.807664926333e-10 4.039246346884e-10 4.356439675878e-10 
8.668899580989e-11 1.783098093875e-10 2.392818541739e-10 2.893928920231e-10 3.329076598486e-10 2.909233337152e-09 4.038394320543e-10 4.339779888707e-10 4.643001711928e-10 5.058149955065e-10 
8.930155047743e-11 1.858661451745e-10 2.518437305303e-10 3.076134386648e-10 3.579157426172e-10 4.038394320543e-10 2.984475209000e-09 4.852649142482e-10 5.242717728973e-10 5.772228385907e-10 
9.170659010793e-11 1.928227710222e-10 2.634090447707e-10 3.243598400151e-10 3.807664926333e-10 4.339779888707e-10 4.852649142482e-10 3.074415899890e-09 5.870660442645e-10 6.539183442896e-10 
9.414727559818e-11 1.998825683699e-10 2.751466451369e-10 3.413562278650e-10 4.039246346884e-10 4.643001711928e-10 5.242717728973e-10 5.870660442645e-10 3.195477652940e-09 7.459107663347e-10 
9.748842747628e-11 2.095479867654e-10 2.912172581534e-10 3.646294379253e-10 4.356439675878e-10 5.058149955065e-10 5.772228385907e-10 6.539183442896e-10 7.459107663347e-10 3.433513511073e-09 
