3.120259718830e-09 8.741403980190e-10 9.842268102152e-10 1.050695685626e-09 1.098398409871e-09 1.136321216507e-09 1.168818828731e-09 1.198735242523e-09 1.229095059516e-09 1.270655060131e-09 
8.741403980190e-10 4.070876367347e-09 1.854260082029e-09 2.057749114648e-09 2.203744517452e-09 2.319562313639e-09 2.418816071125e-09 2.510196374017e-09 2.602932395309e-09 2.729895661354e-09 
9.842268102152e-10 1.854260082029e-09 4.902359887357e-09 2.716573722265e-09 2.974536721425e-09 3.178150872976e-09 3.352272207015e-09 3.512589573765e-09 3.675301176023e-09 3.898081707477e-09 
1.050695685626e-09 2.057749114648e-09 2.716573722265e-09 5.761686113445e-09 3.618384080655e-09 3.933396848583e-09 4.201004033774e-09 4.446811075118e-09 4.696300052221e-09 5.037941221471e-09 
1.098398409871e-09 2.203744517452e-09 2.974536721425e-09 3.618384080655e-09 6.705017450522e-09 4.623965897823e-09 5.013425527079e-09 5.368479615974e-09 5.728176062641e-09 6.220903952616e-09 
1.136321216507e-09 2.319562313639e-09 3.178150872976e-09 3.933396848583e-09 4.623965897823e-09 7.778634118827e-09 5.781915761317e-09 6.274237852329e-09 6.768630255047e-09 7.445538544957e-09 
1.168818828731e-09 2.418816071125e-09 3.352272207015e-09 4.201004033774e-09 5.013425527079e-09 5.781915761317e-09 9.036909897789e-09 7.167410987638e-09 7.829701626213e-09 8.727763145282e-09 
1.198735242523e-09 2.510196374017e-09 3.512589573765e-09 4.446811075118e-09 5.368479615974e-09 6.274237852329e-09 7.167410987638e-09 1.059748326274e-08 8.958158261404e-09 1.012933721820e-08 
1.229095059516e-09 2.602932395309e-09 3.675301176023e-09 4.696300052221e-09 5.728176062641e-09 6.768630255047e-09 7.829701626213e-09 8.958158261404e-09 1.276170279660e-08 1.182728040723e-08 
1.270655060131e-09 2.729895661354e-09 3.898081707477e-09 5.037941221471e-09 6.220903952616e-09 7.445538544957e-09 8.727763145282e-09 1.012933721820e-08 1.182728040723e-08 1.712159163894e-08 
