2.541452336995e-09 5.115228228778e-12 5.979303365121e-12 6.502666682059e-12 6.878237202651e-12 7.176801815058e-12 7.432655874874e-12 7.668188447371e-12 7.907212024041e-12 8.234438562267e-12 
5.115228228778e-12 2.548950822413e-09 1.331116930357e-11 1.512418803030e-11 1.642552599591e-11 1.745777363221e-11 1.834239744374e-11 1.915685037683e-11 1.998338691796e-11 2.111502675028e-11 
5.979303365121e-12 1.331116930357e-11 2.556485854729e-09 2.130990060561e-11 2.372973914999e-11 2.563995842480e-11 2.727355334011e-11 2.877764092713e-11 3.030418603717e-11 3.239434694252e-11 
6.502666682059e-12 1.512418803030e-11 2.130990060561e-11 2.564627594036e-09 2.992778151955e-11 3.293965884457e-11 3.549915792626e-11 3.785046257719e-11 4.023697771452e-11 4.350502294708e-11 
6.878237202651e-12 1.642552599591e-11 2.372973914999e-11 2.992778151955e-11 2.573671805715e-09 3.957783125823e-11 4.331176233966e-11 4.671788810839e-11 5.016906486424e-11 5.489656984214e-11 
7.176801815058e-12 1.745777363221e-11 2.563995842480e-11 3.293965884457e-11 3.957783125823e-11 2.583947795907e-09 5.064133006864e-11 5.534511446744e-11 6.007297966814e-11 6.654675695867e-11 
7.432655874874e-12 1.834239744374e-11 2.727355334011e-11 3.549915792626e-11 4.331176233966e-11 5.064133006864e-11 2.595921711174e-09 6.378796148211e-11 7.008401609650e-11 7.863275939959e-11 
7.668188447371e-12 1.915685037683e-11 2.877764092713e-11 3.785046257719e-11 4.671788810839e-11 5.534511446744e-11 6.378796148211e-11 2.610650466706e-09 8.063549896220e-11 9.173684406727e-11 
7.907212024041e-12 1.998338691796e-11 3.030418603717e-11 4.023697771452e-11 5.016906486424e-11 6.007297966814e-11 7.008401609650e-11 8.063549896220e-11 2.630826646077e-09 1.073851473193e-10 
8.234438562267e-12 2.111502675028e-11 3.239434694252e-11 4.350502294708e-11 5.489656984214e-11 6.654675695867e-11 7.863275939959e-11 9.173684406727e-11 1.073851473193e-10 2.670639662327e-09 
