2.554866109022e-09 2.684019221935e-11 3.085915916827e-11 3.328592954414e-11 3.502785191307e-11 3.641269449077e-11 3.759941328011e-11 3.869187201048e-11 3.980052257492e-11 4.131823833650e-11 
2.684019221935e-11 2.589640661872e-09 6.310893457506e-11 7.064072059189e-11 7.604933522304e-11 8.034264869746e-11 8.402188360953e-11 8.740914264540e-11 9.084663981019e-11 9.555293111251e-11 
3.085915916827e-11 6.310893457506e-11 2.620331767507e-09 9.465837730800e-11 1.040050930981e-10 1.113972805107e-10 1.177224936527e-10 1.235460044834e-10 1.294562853382e-10 1.375485077122e-10 
3.328592954414e-11 7.064072059189e-11 9.465837730800e-11 2.651087415876e-09 1.264045560852e-10 1.373955646024e-10 1.467534014449e-10 1.553542325440e-10 1.640835301297e-10 1.760367125435e-10 
3.502785191307e-11 7.604933522304e-11 1.040050930981e-10 1.264045560852e-10 2.683356333749e-09 1.601268135731e-10 1.731262964388e-10 1.850059026480e-10 1.970464189056e-10 2.135380826570e-10 
3.641269449077e-11 8.034264869746e-11 1.113972805107e-10 1.373955646024e-10 1.601268135731e-10 2.718404199894e-09 1.972281921110e-10 2.129956168238e-10 2.288690903912e-10 2.506031185851e-10 
3.759941328011e-11 8.402188360953e-11 1.177224936527e-10 1.467534014449e-10 1.731262964388e-10 1.972281921110e-10 2.757796344245e-09 2.398822799394e-10 2.603479406659e-10 2.881593668758e-10 
3.869187201048e-11 8.740914264540e-11 1.235460044834e-10 1.553542325440e-10 1.850059026480e-10 2.129956168238e-10 2.398822799394e-10 2.804812852769e-09 2.930396532794e-10 3.281721618823e-10 
3.980052257492e-11 9.084663981019e-11 1.294562853382e-10 1.640835301297e-10 1.970464189056e-10 2.288690903912e-10 2.603479406659e-10 2.930396532794e-10 2.867567301002e-09 3.754373274829e-10 
4.131823833650e-11 9.555293111251e-11 1.375485077122e-10 1.760367125435e-10 2.135380826570e-10 2.506031185851e-10 2.881593668758e-10 3.281721618823e-10 3.754373274829e-10 2.988804190248e-09 
