2.556211038046e-09 2.895533791068e-11 3.325777955801e-11 3.585532529859e-11 3.771984406876e-11 3.920215426537e-11 4.047239581146e-11 4.164174303956e-11 4.282842168659e-11 4.445295298575e-11 
2.895533791068e-11 2.593432108467e-09 6.766959218635e-11 7.568166288306e-11 8.143515725546e-11 8.600232821163e-11 8.991625038532e-11 9.351956814321e-11 9.717632801619e-11 1.021828054277e-10 
3.325777955801e-11 6.766959218635e-11 2.626046676137e-09 1.011452007435e-10 1.110535746381e-10 1.188904231561e-10 1.255962131838e-10 1.317700977669e-10 1.380359691029e-10 1.466150463824e-10 
3.585532529859e-11 7.568166288306e-11 1.011452007435e-10 2.658620112899e-09 1.347333499777e-10 1.463585668893e-10 1.562566805753e-10 1.653541495676e-10 1.745875018846e-10 1.872308744182e-10 
3.771984406876e-11 8.143515725546e-11 1.110535746381e-10 1.347333499777e-10 2.692723859084e-09 1.703475848555e-10 1.840743902917e-10 1.966191938527e-10 2.093339450600e-10 2.267490381186e-10 
3.920215426537e-11 8.600232821163e-11 1.188904231561e-10 1.463585668893e-10 1.703475848555e-10 2.729709610363e-09 2.094807137630e-10 2.261123362436e-10 2.428554557096e-10 2.657800376440e-10 
4.047239581146e-11 8.991625038532e-11 1.255962131838e-10 1.562566805753e-10 1.840743902917e-10 2.094807137630e-10 2.771243275326e-09 2.544408976010e-10 2.760099579533e-10 3.053201206078e-10 
4.164174303956e-11 9.351956814321e-11 1.317700977669e-10 1.653541495676e-10 1.966191938527e-10 2.261123362436e-10 2.544408976010e-10 2.820787082940e-09 3.104400741060e-10 3.474454333018e-10 
4.282842168659e-11 9.717632801619e-11 1.380359691029e-10 1.745875018846e-10 2.093339450600e-10 2.428554557096e-10 2.760099579533e-10 3.104400741060e-10 2.886907075841e-09 3.972631940597e-10 
4.445295298575e-11 1.021828054277e-10 1.466150463824e-10 1.872308744182e-10 2.267490381186e-10 2.657800376440e-10 3.053201206078e-10 3.474454333018e-10 3.972631940597e-10 3.014721676240e-09 
