2.551613390660e-09 2.169139106185e-11 2.500689349082e-11 2.700973607991e-11 2.844732980732e-11 2.959022202477e-11 3.056960697882e-11 3.147120073010e-11 3.238615867836e-11 3.363907082841e-11 
2.169139106185e-11 2.580314843666e-09 5.184521299070e-11 5.816580798337e-11 6.270452716986e-11 6.630708642455e-11 6.939438001932e-11 7.223668283595e-11 7.512114533631e-11 7.907111387181e-11 
2.500689349082e-11 5.184521299070e-11 2.606143649367e-09 7.851056538770e-11 8.643035368546e-11 9.269306582935e-11 9.805158893381e-11 1.029851049728e-10 1.079921472613e-10 1.148488972367e-10 
2.700973607991e-11 5.816580798337e-11 7.851056538770e-11 2.632275355732e-09 1.055650059805e-10 1.149413653812e-10 1.229231421519e-10 1.302590275484e-10 1.377045249218e-10 1.479013604097e-10 
2.844732980732e-11 6.270452716986e-11 8.643035368546e-11 1.055650059805e-10 2.659871784212e-09 1.344678110068e-10 1.456126028382e-10 1.557965243435e-10 1.661182613615e-10 1.802577024886e-10 
2.959022202477e-11 6.630708642455e-11 9.269306582935e-11 1.149413653812e-10 1.344678110068e-10 2.689977701328e-09 1.663886086521e-10 1.799563304684e-10 1.936143837405e-10 2.123175279417e-10 
3.056960697882e-11 6.939438001932e-11 9.805158893381e-11 1.229231421519e-10 1.456126028382e-10 1.663886086521e-10 2.723924075499e-09 2.031860672713e-10 2.208401989864e-10 2.448366241840e-10 
3.147120073010e-11 7.223668283595e-11 1.029851049728e-10 1.302590275484e-10 1.557965243435e-10 1.799563304684e-10 2.031860672713e-10 2.764515340632e-09 2.491098508903e-10 2.794913832597e-10 
3.238615867836e-11 7.512114533631e-11 1.079921472613e-10 1.377045249218e-10 1.661182613615e-10 1.936143837405e-10 2.208401989864e-10 2.491098508903e-10 2.818753574037e-09 3.203955672411e-10 
3.363907082841e-11 7.907111387181e-11 1.148488972367e-10 1.479013604097e-10 1.802577024886e-10 2.123175279417e-10 2.448366241840e-10 2.794913832597e-10 3.203955672411e-10 2.923448166892e-09 
