2.771715646984e-09 3.433283938428e-10 3.834961586837e-10 4.077236115606e-10 4.251126688042e-10 4.389369297519e-10 4.507834375979e-10 4.616889962234e-10 4.727561891141e-10 4.879058953398e-10 
3.433283938428e-10 3.117883457131e-09 6.904151065450e-10 7.604127824718e-10 8.106520297399e-10 8.505148398384e-10 8.846754324565e-10 9.161257761339e-10 9.480427016680e-10 9.917389003352e-10 
3.834961586837e-10 6.904151065450e-10 3.401538976209e-09 9.819199295116e-10 1.068793745867e-09 1.137387192944e-09 1.196042631187e-09 1.250045380895e-09 1.304854706712e-09 1.379897424407e-09 
4.077236115606e-10 7.604127824718e-10 9.819199295116e-10 3.689141072888e-09 1.281617930292e-09 1.385916819288e-09 1.474504323795e-09 1.555858404087e-09 1.638430967765e-09 1.751503510191e-09 
4.251126688042e-10 8.106520297399e-10 1.068793745867e-09 1.281617930292e-09 3.999554939089e-09 1.610501143612e-09 1.737692249544e-09 1.853542348257e-09 1.970876007990e-09 2.131614924366e-09 
4.389369297519e-10 8.505148398384e-10 1.137387192944e-09 1.385916819288e-09 1.610501143612e-09 4.349207334337e-09 1.987194174179e-09 2.147367807921e-09 2.307941141166e-09 2.527784382508e-09 
4.507834375979e-10 8.846754324565e-10 1.196042631187e-09 1.474504323795e-09 1.737692249544e-09 1.987194174179e-09 4.760408466412e-09 2.441772791744e-09 2.658548196484e-09 2.951908739146e-09 
4.616889962234e-10 9.161257761339e-10 1.250045380895e-09 1.555858404087e-09 1.853542348257e-09 2.147367807921e-09 2.441772791744e-09 5.278016211602e-09 3.039668368640e-09 3.426726987638e-09 
4.727561891141e-10 9.480427016680e-10 1.304854706712e-09 1.638430967765e-09 1.970876007990e-09 2.307941141166e-09 2.658548196484e-09 3.039668368640e-09 6.012278293559e-09 4.015603641598e-09 
4.879058953398e-10 9.917389003352e-10 1.379897424407e-09 1.751503510191e-09 2.131614924366e-09 2.527784382508e-09 2.951908739146e-09 3.426726987638e-09 4.015603641598e-09 7.537068458533e-09 
