2.8970085950942965e-07 9.8066165283409815e-08 1.8084564526008545e-08 2.2665552233018530e-09 2.0306124965915165e-10 1.2011559907673454e-11 4.0182447440467599e-13 5.7364835345879336e-15 1.9127760251433829e-17 2.3809599202744814e-21 
9.8066165283409815e-08 2.5183092071234989e-07 1.2472280994320586e-07 3.6950912031334531e-08 6.8975405438381512e-09 8.1694636875529792e-10 5.5347741478240361e-11 1.6691769982171498e-12 1.2652434015130734e-14 4.1723191034090502e-18 
1.8084564526008545e-08 1.2472280994320586e-07 2.0791199583363508e-07 1.1586760944998367e-07 4.2004058277973842e-08 9.0376792480548293e-09 1.0875619247905634e-09 5.9570590589597046e-11 8.8222398722622142e-13 6.7735914985740341e-16 
2.2665552233018530e-09 3.6950912031334531e-08 1.1586760944998367e-07 1.7882793960221103e-07 1.0306688190961547e-07 3.9875284119978931e-08 8.3912694101641955e-09 8.0582071170445722e-10 2.2086980953377826e-11 3.7408043649808527e-14 
2.0306124965915165e-10 6.8975405438381512e-09 4.2004058277973842e-08 1.0306688190961547e-07 1.5788100435290285e-07 9.0296193779235215e-08 3.3798759955406567e-08 5.7960702206500043e-09 2.9599552203488221e-10 1.1007798753162187e-12 
1.2011559907673454e-11 8.1694636875529792e-10 9.0376792480548293e-09 3.9875284119978931e-08 9.0296193779235215e-08 1.4183981456105347e-07 7.7637039289597314e-08 2.4839781401820852e-08 2.4874542862054210e-09 2.1345187874678816e-11 
4.0182447440467599e-13 5.5347741478240361e-11 1.0875619247905634e-09 8.3912694101641955e-09 3.3798759955406567e-08 7.7637039289597314e-08 1.2841686427243516e-07 6.3670753022545667e-08 1.3638119577389467e-08 3.0164093588578019e-10 
5.7364835345879336e-15 1.6691769982171498e-12 5.9570590589597046e-11 8.0582071170445722e-10 5.7960702206500043e-09 2.4839781401820852e-08 6.3670753022545667e-08 1.1582153939675075e-07 4.6026758186795046e-08 3.1750738058583676e-09 
1.9127760251433829e-17 1.2652434015130734e-14 8.8222398722622142e-13 2.2086980953377826e-11 2.9599552203488221e-10 2.4874542862054210e-09 1.3638119577389467e-08 4.6026758186795046e-08 1.0294990841240694e-07 2.2900844042464813e-08 
2.3809599202744814e-21 4.1723191034090502e-18 6.7735914985740341e-16 3.7408043649808527e-14 1.1007798753162187e-12 2.1345187874678816e-11 3.0164093588578019e-10 3.1750738058583676e-09 2.2900844042464813e-08 7.6764706962514857e-08 
