1.5249292165822101e-07 5.1129291582629129e-08 9.6496999091668659e-09 1.2181929869423277e-09 1.0893053779842131e-10 6.3882385502654105e-12 2.1055520836769437e-13 2.9409943222980738e-15 9.4984898689080495e-18 1.1217889942972488e-21 
5.1129291582629129e-08 1.4718371871308568e-07 6.6967036023031400e-08 1.9848125629292593e-08 3.6824396833637215e-09 4.3106492218706735e-10 2.8709821917880091e-11 8.4610527981297878e-13 6.2126792247951351e-15 1.9477846039887839e-18 
9.6496999091668659e-09 6.6967036023031400e-08 1.2477525541993440e-07 6.1999800143033413e-08 2.2276815528392836e-08 4.7289028785244964e-09 5.5877806515750322e-10 2.9887172255197306e-11 4.2874135819304708e-13 3.1346978009664831e-16 
1.2181929869423277e-09 1.9848125629292593e-08 6.1999800143033413e-08 1.0822019475947199e-07 5.4166337669269188e-08 2.0656218632703565e-08 4.2666847834384792e-09 4.0005856082775081e-10 1.0623471388957448e-11 1.7159974104668720e-14 
1.0893053779842131e-10 3.6824396833637215e-09 2.2276815528392836e-08 5.4166337669269188e-08 9.5555074958929958e-08 4.6205446259573120e-08 1.6976862570874031e-08 2.8436887607507417e-09 1.4079511935117012e-10 5.0025741788681760e-13 
6.3882385502654105e-12 4.3106492218706735e-10 4.7289028785244964e-09 2.0656218632703565e-08 4.6205446259573120e-08 8.5490666099774910e-08 3.8428399389518500e-08 1.2016371387004952e-08 1.1680782801269943e-09 9.5981294701898378e-12 
2.1055520836769437e-13 2.8709821917880091e-11 5.5877806515750322e-10 4.2666847834384792e-09 1.6976862570874031e-08 3.8428399389518500e-08 7.6927691593119141e-08 3.0273743105455236e-08 6.3041180801033244e-09 1.3385547320910584e-10 
2.9409943222980738e-15 8.4610527981297878e-13 2.9887172255197306e-11 4.0005856082775081e-10 2.8436887607507417e-09 1.2016371387004952e-08 3.0273743105455236e-08 6.8982544914184889e-08 2.0844106402988893e-08 1.3833297598608796e-09 
9.4984898689080495e-18 6.2126792247951351e-15 4.2874135819304708e-13 1.0623471388957448e-11 1.4079511935117012e-10 1.1680782801269943e-09 6.3041180801033244e-09 2.0844106402988893e-08 6.1089159362400446e-08 9.7125322226986967e-09 
1.1217889942972488e-21 1.9477846039887839e-18 3.1346978009664831e-16 1.7159974104668720e-14 5.0025741788681760e-13 9.5981294701898378e-12 1.3385547320910584e-10 1.3833297598608796e-09 9.7125322226986967e-09 4.7991915442462893e-08 
