8.0319108196677213e-08 2.3863877211466267e-08 4.7379773683769656e-09 6.1897860891608939e-10 5.6680056422675158e-11 3.3796414954096092e-12 1.1262509306746739e-13 1.5817701514631303e-15 5.0982805532017335e-18 5.9182075643922358e-22 
2.3863877211466267e-08 8.6156263031875208e-08 3.3748627620803467e-08 1.0254314216011999e-08 1.9370619267486968e-09 2.2961380135855254e-10 1.5409509358122365e-11 4.5517352503285769e-13 3.3263577003885766e-15 1.0230631504074050e-18 
4.7379773683769656e-09 3.3748627620803467e-08 7.7938735982108351e-08 3.2473613957007909e-08 1.1816551727394416e-08 2.5305012256005839e-09 3.0041492731513550e-10 1.6065176139656415e-11 2.2888380858941885e-13 1.6389736720402106e-16 
6.1897860891608939e-10 1.0254314216011999e-08 3.2473613957007909e-08 7.0580210393845460e-08 2.8924588039078262e-08 1.1089866369605858e-08 2.2952060197747765e-09 2.1469483864460647e-10 5.6516761788556458e-12 8.9276349742046990e-15 
5.6680056422675158e-11 1.9370619267486968e-09 1.1816551727394416e-08 2.8924588039078262e-08 6.4341248248237424e-08 2.4851405199442671e-08 9.1265473977450387e-09 1.5220810510269676e-09 7.4580627159480793e-11 2.5881271946242817e-13 
3.3796414954096092e-12 2.2961380135855254e-10 2.5305012256005839e-09 1.1089866369605858e-08 2.4851405199442671e-08 5.9012121371665737e-08 2.0611372984563964e-08 6.4051857242228011e-09 6.1521503860530669e-10 4.9326703346462124e-12 
1.1262509306746739e-13 1.5409509358122365e-11 3.0041492731513550e-10 2.2952060197747765e-09 9.1265473977450387e-09 2.0611372984563964e-08 5.4218301227824000e-08 1.6033634742329298e-08 3.2936140920452003e-09 6.8192020407725378e-11 
1.5817701514631303e-15 4.5517352503285769e-13 1.6065176139656415e-11 2.1469483864460647e-10 1.5220810510269676e-09 6.4051857242228011e-09 1.6033634742329298e-08 4.9587265179415688e-08 1.0759865001729395e-08 6.9556384641091359e-10 
5.0982805532017335e-18 3.3263577003885766e-15 2.2888380858941885e-13 5.6516761788556458e-12 7.4580627159480793e-11 6.1521503860530669e-10 3.2936140920452003e-09 1.0759865001729395e-08 4.4856263599509276e-08 4.7752291090937978e-09 
5.9182075643922358e-22 1.0230631504074050e-18 1.6389736720402106e-16 8.9276349742046990e-15 2.5881271946242817e-13 4.9326703346462124e-12 6.8192020407725378e-11 6.9556384641091359e-10 4.7752291090937978e-09 3.7530244776827089e-08 
