6.5169170368576356e-08 1.7499655039259564e-08 3.5448980075542590e-09 4.7048853210818980e-10 4.3626735790867743e-11 2.6281695409923588e-12 8.8345354750848614e-14 1.2500209874337761e-15 4.0539223060636080e-18 4.7233351447190493e-22 
1.7499655039259564e-08 7.1417008322354177e-08 2.5551121999642880e-08 7.8619307269245277e-09 1.5007843840482487e-09 1.7947383956671705e-10 1.2134393868007201e-11 3.6065708608921629e-13 2.6485386247349022e-15 8.1654706129928571e-19 
3.5448980075542590e-09 2.5551121999642880e-08 6.6270240315048658e-08 2.5092596579861698e-08 9.2068743115712251e-09 1.9859928986413717e-09 2.3725161685585264e-10 1.2753648778485676e-11 1.8241384063686184e-13 1.3079846221343765e-16 
4.7048853210818980e-10 7.8619307269245277e-09 2.5092596579861698e-08 6.1183348013882120e-08 2.2655840226391915e-08 8.7365495005289169e-09 1.8173144492786993e-09 1.7071084356105208e-10 4.5072719534500689e-12 7.1228545883450528e-15 
4.3626735790867743e-11 1.5007843840482487e-09 9.2068743115712251e-09 2.2655840226391915e-08 5.6648243076429477e-08 1.9647698013439317e-08 7.2437824161871854e-09 1.2119617325646124e-09 5.9507105691424428e-11 2.0640287596887637e-13 
2.6281695409923588e-12 1.7947383956671705e-10 1.9859928986413717e-09 8.7365495005289169e-09 1.9647698013439317e-08 5.2641093233989895e-08 1.6395466698056513e-08 5.1063086489120676e-09 4.9099420290768851e-10 3.9311478016757239e-12 
8.8345354750848614e-14 1.2134393868007201e-11 2.3725161685585264e-10 1.8173144492786993e-09 7.2437824161871854e-09 1.6395466698056513e-08 4.8935733276038952e-08 1.2793235156036647e-08 2.6282395550598881e-09 5.4286316587219317e-11 
1.2500209874337761e-15 3.6065708608921629e-13 1.2753648778485676e-11 1.7071084356105208e-10 1.2119617325646124e-09 5.1063086489120676e-09 1.2793235156036647e-08 4.5269740099592715e-08 8.5787809967322362e-09 5.5259757976414786e-10 
4.0539223060636080e-18 2.6485386247349022e-15 1.8241384063686184e-13 4.5072719534500689e-12 5.9507105691424428e-11 4.9099420290768851e-10 2.6282395550598881e-09 8.5787809967322362e-09 4.1448226313959016e-08 3.7776405767658991e-09 
4.7233351447190493e-22 8.1654706129928571e-19 1.3079846221343765e-16 7.1228545883450528e-15 2.0640287596887637e-13 3.9311478016757239e-12 5.4286316587219317e-11 5.5259757976414786e-10 3.7776405767658991e-09 3.5508131190902050e-08 
