1.2788445155323666e-07 4.2235552117847626e-08 8.0664643648613660e-09 1.0256638664388727e-09 9.2114578630707522e-11 5.4149337455907432e-12 1.7860801547372374e-13 2.4921720861335604e-15 8.0192235915808760e-18 9.3884616602770128e-22 
4.2235552117847626e-08 1.2748369910689842e-07 5.6290145197647806e-08 1.6763321054918128e-08 3.1190747987411365e-09 3.6560095869394488e-10 2.4346627460860835e-11 7.1618486237313821e-13 5.2365037749590422e-15 1.6271724736690666e-18 
8.0664643648613660e-09 5.6290145197647806e-08 1.0972009978335173e-07 5.2482489349332527e-08 1.8887425743326861e-08 4.0111668668787177e-09 4.7356836012050893e-10 2.5266908777706975e-11 3.6078834850982885e-13 2.6139761579420179e-16 
1.0256638664388727e-09 1.6763321054918128e-08 5.2482489349332527e-08 9.6035429894904623e-08 4.5945363072684855e-08 1.7515607045026948e-08 3.6126419870684558e-09 3.3773678899921350e-10 8.9243097368319566e-12 1.4282284157328553e-14 
9.2114578630707522e-11 3.1190747987411365e-09 1.8887425743326861e-08 4.5945363072684855e-08 8.5322433031126248e-08 3.9146649438185414e-08 1.4354462411759829e-08 2.3965353055726618e-09 1.1804277939713246e-10 4.1550612318685963e-13 
5.4149337455907432e-12 3.6560095869394488e-10 4.0111668668787177e-09 1.7515607045026948e-08 3.9146649438185414e-08 7.6663512441120499e-08 3.2428296746154353e-08 1.0104161444329617e-08 9.7693044678806429e-10 7.9531228117360777e-12 
1.7860801547372374e-13 2.4346627460860835e-11 4.7356836012050893e-10 3.6126419870684558e-09 1.4354462411759829e-08 3.2428296746154353e-08 6.9208191114642162e-08 2.5379664319382784e-08 5.2555056267812466e-09 1.1058210927412774e-10 
2.4921720861335604e-15 7.1618486237313821e-13 2.5266908777706975e-11 3.3773678899921350e-10 2.3965353055726618e-09 1.0104161444329617e-08 2.5379664319382784e-08 6.2248273267081982e-08 1.7299289582210215e-08 1.1379020963889453e-09 
8.0192235915808760e-18 5.2365037749590422e-15 3.6078834850982885e-13 8.9243097368319566e-12 1.1804277939713246e-10 9.7693044678806429e-10 5.2555056267812466e-09 1.7299289582210215e-08 5.5317409291214903e-08 7.9327382292833119e-09 
9.3884616602770128e-22 1.6271724736690666e-18 2.6139761579420179e-16 1.4282284157328553e-14 4.1550612318685963e-13 7.9531228117360777e-12 1.1058210927412774e-10 1.1379020963889453e-09 7.9327382292833119e-09 4.4159318073382257e-08 
