2.556250858048e-09 2.902312036627e-11 3.333677546101e-11 3.594112378922e-11 3.781052855485e-11 3.929672313789e-11 4.057029332390e-11 4.174270507345e-11 4.293249529120e-11 4.456175070302e-11 
2.902312036627e-11 2.593567824529e-09 6.784032984161e-11 7.587477359108e-11 8.164441582958e-11 8.622441376500e-11 9.014932558787e-11 9.376276069569e-11 9.742979160920e-11 1.024513990969e-10 
3.333677546101e-11 6.784032984161e-11 2.626273496888e-09 1.014110120311e-10 1.113482012715e-10 1.192079503134e-10 1.259333371316e-10 1.321252590096e-10 1.384094402416e-10 1.470151194989e-10 
3.594112378922e-11 7.587477359108e-11 1.014110120311e-10 2.658941109562e-09 1.350973160538e-10 1.467571413426e-10 1.566848358096e-10 1.658094983332e-10 1.750704492029e-10 1.877535677224e-10 
3.781052855485e-11 8.164441582958e-11 1.113482012715e-10 1.350973160538e-10 2.693145416814e-09 1.708172133806e-10 1.845854088739e-10 1.971681880549e-10 2.099214378710e-10 2.273916133306e-10 
3.929672313789e-11 8.622441376500e-11 1.192079503134e-10 1.467571413426e-10 1.708172133806e-10 2.730241492619e-09 2.100676073350e-10 2.267498929395e-10 2.435442190186e-10 2.665416399849e-10 
4.057029332390e-11 9.014932558787e-11 1.259333371316e-10 1.566848358096e-10 1.845854088739e-10 2.100676073350e-10 2.771900073423e-09 2.551635158324e-10 2.767990146450e-10 3.062028918665e-10 
4.174270507345e-11 9.376276069569e-11 1.321252590096e-10 1.658094983332e-10 1.971681880549e-10 2.267498929395e-10 2.551635158324e-10 2.821593391744e-09 3.113324407415e-10 3.484573797943e-10 
4.293249529120e-11 9.742979160920e-11 1.384094402416e-10 1.750704492029e-10 2.099214378710e-10 2.435442190186e-10 2.767990146450e-10 3.113324407415e-10 2.887912223500e-09 3.984254693358e-10 
4.456175070302e-11 1.024513990969e-10 1.470151194989e-10 1.877535677224e-10 2.273916133306e-10 2.665416399849e-10 3.062028918665e-10 3.484573797943e-10 3.984254693358e-10 3.016121495211e-09 
