2.547932764262e-09 1.579046437381e-11 1.827365133822e-11 1.977470115154e-11 2.085207548594e-11 2.170858372105e-11 2.244255792466e-11 2.311823392846e-11 2.380392540165e-11 2.474288943788e-11 
1.579046437381e-11 2.569442742042e-09 3.863271033421e-11 4.348819843947e-11 4.697472604485e-11 4.974179945185e-11 5.211311303593e-11 5.429626512276e-11 5.651180136558e-11 5.954574961045e-11 
1.827365133822e-11 3.863271033421e-11 2.589368761099e-09 5.934153748026e-11 6.551790400222e-11 7.040057802132e-11 7.457794881962e-11 7.842402358815e-11 8.232743494635e-11 8.767285789679e-11 
1.977470115154e-11 4.348819843947e-11 5.934153748026e-11 2.609836067325e-09 8.063478556647e-11 8.802733977373e-11 9.431865314825e-11 1.001004935784e-10 1.059687542230e-10 1.140055500603e-10 
2.085207548594e-11 4.697472604485e-11 6.551790400222e-11 8.063478556647e-11 2.631682521551e-09 1.036014915614e-10 1.124634102699e-10 1.205593764666e-10 1.287645972321e-10 1.400048137455e-10 
2.170858372105e-11 4.974179945185e-11 7.040057802132e-11 8.802733977373e-11 1.036014915614e-10 2.655704830592e-09 1.291456965136e-10 1.400043233228e-10 1.509336073121e-10 1.659002140561e-10 
2.244255792466e-11 5.211311303593e-11 7.457794881962e-11 9.431865314825e-11 1.124634102699e-10 1.291456965136e-10 2.682951482936e-09 1.587447319744e-10 1.729450349097e-10 1.922469007330e-10 
2.311823392846e-11 5.429626512276e-11 7.842402358815e-11 1.001004935784e-10 1.205593764666e-10 1.400043233228e-10 1.587447319744e-10 2.715675713721e-09 1.958328285584e-10 2.203770228332e-10 
2.380392540165e-11 5.651180136558e-11 8.232743494635e-11 1.059687542230e-10 1.287645972321e-10 1.509336073121e-10 1.729450349097e-10 1.958328285584e-10 2.759539566573e-09 2.535690936375e-10 
2.474288943788e-11 5.954574961045e-11 8.767285789679e-11 1.140055500603e-10 1.400048137455e-10 1.659002140561e-10 1.922469007330e-10 2.203770228332e-10 2.535690936375e-10 2.844321605920e-09 
