1.9640230926595033e-08 8.3614795590282721e-09 6.1092734071039394e-09 4.7636185476032257e-09 3.7974251900133772e-09 3.0299793375239480e-09 2.3743832171505941e-09 1.7751730351614017e-09 1.1765256402181675e-09 3.7746577121218037e-10 
8.3614795590282721e-09 6.6783022342374711e-09 3.0517270527555360e-09 2.4015955296888339e-09 1.9349410593188156e-09 1.5643104863822831e-09 1.2476376892547348e-09 9.5813889223102396e-10 6.6894903868985315e-10 2.8402011580701432e-10 
6.1092734071039394e-09 3.0517270527555360e-09 4.8020272052480831e-09 1.7926075231647802e-09 1.4546350300027740e-09 1.1862237487724450e-09 9.5686253104673486e-10 7.4715159667291718e-10 5.3768345660967159e-10 2.5943963134509348e-10 
4.7636185476032257e-09 2.4015955296888339e-09 1.7926075231647802e-09 3.9672229727654928e-09 1.1676680217645343e-09 9.6032347008951480e-10 7.8312052522662168e-10 6.2107759793627335e-10 4.5923997408431561e-10 2.4473585428104611e-10 
3.7974251900133772e-09 1.9349410593188156e-09 1.4546350300027740e-09 1.1676680217645343e-09 3.5003226039293645e-09 7.9838058028321350e-10 6.5863629080049559e-10 5.3082057531744112e-10 4.0318893029571513e-10 2.3446433083683204e-10 
3.0299793375239480e-09 1.5643104863822831e-09 1.1862237487724450e-09 9.6032347008951480e-10 7.9838058028321350e-10 3.2082776712897571e-09 5.5983444329116714e-10 4.5920099973192941e-10 3.5872594103626118e-10 2.2636094225451478e-10 
2.3743832171505941e-09 1.2476376892547348e-09 9.5686253104673486e-10 7.8312052522662168e-10 6.5863629080049559e-10 5.5983444329116714e-10 3.0138180949443747e-09 3.9796237678355068e-10 3.2065834245828887e-10 2.1931505486262975e-10 
1.7751730351614017e-09 9.5813889223102396e-10 7.4715159667291718e-10 6.2107759793627335e-10 5.3082057531744112e-10 4.5920099973192941e-10 3.9796237678355068e-10 2.8804054127054824e-09 2.8587430219042750e-10 2.1275981883921468e-10 
1.1765256402181675e-09 6.6894903868985315e-10 5.3768345660967159e-10 4.5923997408431561e-10 4.0318893029571513e-10 3.5872594103626118e-10 3.2065834245828887e-10 2.8587430219042750e-10 2.7898532809498353e-09 2.0648730617642032e-10 
3.7746577121218037e-10 2.8402011580701432e-10 2.5943963134509348e-10 2.4473585428104611e-10 2.3446433083683204e-10 2.2636094225451478e-10 2.1931505486262975e-10 2.1275981883921468e-10 2.0648730617642032e-10 2.7390546357215030e-09 
