2.541240884714e-09 4.759119320845e-12 5.566211781630e-12 6.055122095488e-12 6.405964842102e-12 6.684870847294e-12 6.923878712991e-12 7.143903205035e-12 7.367189127034e-12 7.672950838715e-12 
4.759119320845e-12 2.548245383892e-09 1.242766777880e-11 1.412788142792e-11 1.534821942722e-11 1.631617949119e-11 1.714571068822e-11 1.790944250195e-11 1.868450630949e-11 1.974587964167e-11 
5.566211781630e-12 1.242766777880e-11 2.555316379626e-09 1.994311716887e-11 2.221876590443e-11 2.401501979859e-11 2.555110490475e-11 2.696541215109e-11 2.840083990139e-11 3.036656030484e-11 
6.055122095488e-12 1.412788142792e-11 1.994311716887e-11 2.562979905580e-09 2.806367755699e-11 3.090328966616e-11 3.331612236424e-11 3.553261665646e-11 3.778230853354e-11 4.086342315026e-11 
6.405964842102e-12 1.534821942722e-11 2.221876590443e-11 2.806367755699e-11 2.571515583234e-09 3.718042168330e-11 4.070875598698e-11 4.392703827452e-11 4.718781119083e-11 5.165505427362e-11 
6.684870847294e-12 1.631617949119e-11 2.401501979859e-11 3.090328966616e-11 3.718042168330e-11 2.581235664148e-09 4.765467410918e-11 5.210852838686e-11 5.658458781166e-11 6.271419462124e-11 
6.923878712991e-12 1.714571068822e-11 2.555110490475e-11 3.331612236424e-11 4.070875598698e-11 4.765467410918e-11 2.592585235902e-09 6.012635115628e-11 6.609802934084e-11 7.420641370558e-11 
7.143903205035e-12 1.790944250195e-11 2.696541215109e-11 3.553261665646e-11 4.392703827452e-11 5.210852838686e-11 6.012635115628e-11 2.606572040231e-09 7.613605392583e-11 8.668301347215e-11 
7.367189127034e-12 1.868450630949e-11 2.840083990139e-11 3.778230853354e-11 4.718781119083e-11 5.658458781166e-11 6.609802934084e-11 7.613605392583e-11 2.625768531787e-09 1.016062118467e-10 
7.672950838715e-12 1.974587964167e-11 3.036656030484e-11 4.086342315026e-11 5.165505427362e-11 6.271419462124e-11 7.420641370558e-11 8.668301347215e-11 1.016062118467e-10 2.663728784101e-09 
