2.1329679810669631e-08 9.1951715744310688e-09 6.7224305279115319e-09 5.2449870493856505e-09 4.1841541287256648e-09 3.3415147456209317e-09 2.6216406757475656e-09 1.9635973648599392e-09 1.3060264317324888e-09 4.2853764533654004e-10 
9.1951715744310688e-09 7.0948135312799954e-09 3.3607065524028098e-09 2.6463161153978823e-09 2.1335297480687720e-09 1.7262486099030928e-09 1.3782397518462511e-09 1.0600521606340163e-09 7.4212745963159325e-10 3.1903323708985157e-10 
6.7224305279115319e-09 3.3607065524028098e-09 5.0325924626473296e-09 1.9763140141482376e-09 1.6047070249688081e-09 1.3095752474680166e-09 1.0573654543027216e-09 8.2673257173550037e-10 5.9630780925318169e-10 2.9027252854793657e-10 
5.2449870493856505e-09 2.6463161153978823e-09 1.9763140141482376e-09 4.1144703365774691e-09 1.2887502743583233e-09 1.0606188238265362e-09 8.6563871542967420e-10 6.8731501667187241e-10 5.0916891954709758e-10 2.7307256997387473e-10 
4.1841541287256648e-09 2.1335297480687720e-09 1.6047070249688081e-09 1.2887502743583233e-09 3.6006071600233213e-09 8.8214223148548881e-10 7.2826346909317200e-10 5.8750012262387626e-10 4.4689860870793007e-10 2.6103485254850678e-10 
3.3415147456209317e-09 1.7262486099030928e-09 1.3095752474680166e-09 1.0606188238265362e-09 8.8214223148548881e-10 3.2789064422118012e-09 6.1922501252395515e-10 5.0829187099422381e-10 3.9749855016498125e-10 2.5153225353571632e-10 
2.6216406757475656e-09 1.3782397518462511e-09 1.0573654543027216e-09 8.6563871542967420e-10 7.2826346909317200e-10 6.1922501252395515e-10 3.0644485453119279e-09 4.4055933812567696e-10 3.5520155187719784e-10 2.4327815927809537e-10 
1.9635973648599392e-09 1.0600521606340163e-09 8.2673257173550037e-10 6.8731501667187241e-10 5.8750012262387626e-10 5.0829187099422381e-10 4.4055933812567696e-10 2.9170495743108562e-09 3.1654296591962802e-10 2.3560384958660954e-10 
1.3060264317324888e-09 7.4212745963159325e-10 5.9630780925318169e-10 5.0916891954709758e-10 4.4689860870793007e-10 3.9749855016498125e-10 3.5520155187719784e-10 3.1654296591962802e-10 2.8166527320710338e-09 2.2822350662206749e-10 
4.2853764533654004e-10 3.1903323708985157e-10 2.9027252854793657e-10 2.7307256997387473e-10 2.6103485254850678e-10 2.5153225353571632e-10 2.4327815927809537e-10 2.3560384958660954e-10 2.2822350662206749e-10 2.7595084851439955e-09 
