4.486300279612e-09 2.973447901022e-09 3.353690194346e-09 3.582934932778e-09 3.747490992347e-09 3.878315645463e-09 3.990423454985e-09 4.093626608844e-09 4.198359524226e-09 4.341775715625e-09 
2.973447901022e-09 7.767483314772e-09 6.285834443676e-09 6.948967513377e-09 7.425097906080e-09 7.803065935417e-09 8.126971526100e-09 8.425172039071e-09 8.727795553593e-09 9.142204104582e-09 
3.353690194346e-09 6.285834443676e-09 1.044178598048e-08 9.000390724740e-09 9.800646263472e-09 1.043356833460e-08 1.097513274340e-08 1.147374157236e-08 1.197978041084e-08 1.267275733617e-08 
3.582934932778e-09 6.948967513377e-09 9.000390724740e-09 1.306034391287e-08 1.169054029256e-08 1.262167154774e-08 1.341438789768e-08 1.414296738895e-08 1.488243334364e-08 1.589515018702e-08 
3.747490992347e-09 7.425097906080e-09 9.800646263472e-09 1.169054029256e-08 1.578842148879e-08 1.453806764859e-08 1.563620199451e-08 1.663966445668e-08 1.765672198792e-08 1.904995611919e-08 
3.878315645463e-09 7.803065935417e-09 1.043356833460e-08 1.262167154774e-08 1.453806764859e-08 1.874887512413e-08 1.767281371878e-08 1.900544917254e-08 2.034708311430e-08 2.218433609902e-08 
3.990423454985e-09 8.126971526100e-09 1.097513274340e-08 1.341438789768e-08 1.563620199451e-08 1.767281371878e-08 2.208061512278e-08 2.128266824855e-08 2.301536218473e-08 2.537113469501e-08 
4.093626608844e-09 8.425172039071e-09 1.147374157236e-08 1.414296738895e-08 1.663966445668e-08 1.900544917254e-08 2.128266824855e-08 2.606168351006e-08 2.578616366791e-08 2.877092285104e-08 
4.198359524226e-09 8.727795553593e-09 1.197978041084e-08 1.488243334364e-08 1.765672198792e-08 2.034708311430e-08 2.301536218473e-08 2.578616366791e-08 3.137203588867e-08 3.277302508643e-08 
4.341775715625e-09 9.142204104582e-09 1.267275733617e-08 1.589515018702e-08 1.904995611919e-08 2.218433609902e-08 2.537113469501e-08 2.877092285104e-08 3.277302508643e-08 4.157603510709e-08 
