1.6233703886618324e-08 6.6843516395649909e-09 4.8778039186147934e-09 3.7984578301720198e-09 3.0235060612665730e-09 2.4080016789972718e-09 1.8822750456864784e-09 1.4019094329205373e-09 9.2225353473273673e-10 2.8172991267002045e-10 
6.6843516395649909e-09 5.8419235002871697e-09 2.4320516542884085e-09 1.9114126468881624e-09 1.5377200060601073e-09 1.2409419071257540e-09 9.8740526525143241e-10 7.5569649159067738e-10 5.2436923392489022e-10 2.1635760464040902e-10 
4.8778039186147934e-09 2.4320516542884085e-09 4.3400635159895169e-09 1.4248853943232555e-09 1.1545558101184077e-09 9.3987975752748935e-10 7.5646190097344380e-10 5.8881092084737304e-10 4.2145626227400780e-10 1.9910206849290875e-10 
3.7984578301720198e-09 1.9114126468881624e-09 1.4248853943232555e-09 3.6726744077262363e-09 9.2563032987741024e-10 7.6000073545700832e-10 6.1846867785232785e-10 4.8908641073257498e-10 3.5995122081963237e-10 1.8877148616882335e-10 
3.0235060612665730e-09 1.5377200060601073e-09 1.1545558101184077e-09 9.2563032987741024e-10 3.2999215143201851e-09 6.3105598488012415e-10 5.1960392141065751e-10 4.1769853280829155e-10 3.1600955471335148e-10 1.8158314584727185e-10 
2.4080016789972718e-09 1.2409419071257540e-09 9.3987975752748935e-10 7.6000073545700832e-10 6.3105598488012415e-10 3.0671615458130562e-09 4.4114368524973225e-10 3.6105811664593910e-10 2.8115721215894271e-10 1.7591950312059950e-10 
1.8822750456864784e-09 9.8740526525143241e-10 7.5646190097344380e-10 6.1846867785232785e-10 5.1960392141065751e-10 4.4114368524973225e-10 2.9125331721251646e-09 3.1263607279658633e-10 2.5132217993468826e-10 1.7098348714658343e-10 
1.4019094329205373e-09 7.5569649159067738e-10 5.8881092084737304e-10 4.8908641073257498e-10 4.1769853280829155e-10 3.6105811664593910e-10 3.1263607279658633e-10 2.8068241603530609e-09 2.2407635392607863e-10 1.6638420094170539e-10 
9.2225353473273673e-10 5.2436923392489022e-10 4.2145626227400780e-10 3.5995122081963237e-10 3.1600955471335148e-10 2.8115721215894271e-10 2.5132217993468826e-10 2.2407635392607863e-10 2.7355737905825912e-09 1.6203717972769224e-10 
2.8172991267002045e-10 2.1635760464040902e-10 1.9910206849290875e-10 1.8877148616882335e-10 1.8158314584727185e-10 1.7591950312059950e-10 1.7098348714658343e-10 1.6638420094170539e-10 1.6203717972769224e-10 2.6967617655187109e-09 
