2.542812493095e-09 7.386658908141e-12 8.608828957416e-12 9.348666357722e-12 9.879617176673e-12 1.030170937612e-11 1.066341869966e-11 1.099639865457e-11 1.133431436258e-11 1.179704655848e-11 
7.386658908141e-12 2.553412890370e-09 1.888167322552e-11 2.139617068587e-11 2.320132024724e-11 2.463347366217e-11 2.586080664353e-11 2.699077261604e-11 2.813750279940e-11 2.970783499801e-11 
8.608828957416e-12 1.888167322552e-11 2.563825178465e-09 2.986558351998e-11 3.317408959343e-11 3.578720728738e-11 3.802225800139e-11 4.008009555393e-11 4.216864190809e-11 4.502875722063e-11 
9.348666357722e-12 2.139617068587e-11 2.986558351998e-11 2.574904147108e-09 4.152921661994e-11 4.559692940566e-11 4.905550579282e-11 5.223323055846e-11 5.545851084923e-11 5.987571555555e-11 
9.879617176673e-12 2.320132024724e-11 3.317408959343e-11 4.152921661994e-11 2.587055002287e-09 5.443120665350e-11 5.941871598464e-11 6.397100576461e-11 6.858399995107e-11 7.490356287401e-11 
1.030170937612e-11 2.463347366217e-11 3.578720728738e-11 4.559692940566e-11 5.443120665350e-11 2.600710210338e-09 6.907103534768e-11 7.529543994160e-11 8.155524410900e-11 9.012756544286e-11 
1.066341869966e-11 2.586080664353e-11 3.802225800139e-11 4.905550579282e-11 5.941871598464e-11 6.907103534768e-11 2.616473713546e-09 8.631390232557e-11 9.457822221201e-11 1.058057412661e-10 
1.099639865457e-11 2.699077261604e-11 4.008009555393e-11 5.223323055846e-11 6.397100576461e-11 7.529543994160e-11 8.631390232557e-11 2.635696121716e-09 1.082275147094e-10 1.226997579158e-10 
1.133431436258e-11 2.813750279940e-11 4.216864190809e-11 5.545851084923e-11 6.858399995107e-11 8.155524410900e-11 9.457822221201e-11 1.082275147094e-10 2.661807834155e-09 1.427636732690e-10 
1.179704655848e-11 2.970783499801e-11 4.502875722063e-11 5.987571555555e-11 7.490356287401e-11 9.012756544286e-11 1.058057412661e-10 1.226997579158e-10 1.427636732690e-10 2.712885752780e-09 
