3.751955330445e-06 1.581762495414e-06 3.161056331846e-07 4.362229885548e-08 4.234340181436e-09 2.637256926884e-10 9.044972479649e-12 1.296309474715e-13 4.269414123299e-16 5.171875832452e-20 
1.581762495414e-06 3.872803525968e-06 2.339068688600e-06 7.521215177693e-07 1.489209251029e-07 1.823800926510e-08 1.250829162508e-09 3.759486143759e-11 2.808021371188e-13 9.021472507135e-17 
3.161056331846e-07 2.339068688600e-06 3.646540340965e-06 2.468449558722e-06 9.284570937287e-07 2.035028836756e-07 2.457717479445e-08 1.336020717134e-09 1.947443281181e-11 1.458406720951e-14 
4.362229885548e-08 7.521215177693e-07 2.468449558722e-06 3.343822327041e-06 2.312671197082e-06 9.012365451078e-07 1.891725633680e-07 1.798305706347e-08 4.849202270171e-10 8.020627522333e-13 
4.234340181436e-09 1.489209251029e-07 9.284570937287e-07 2.312671197082e-06 2.957965174843e-06 2.039260566914e-06 7.584038218880e-07 1.285773387608e-07 6.461149756325e-09 2.349857558648e-11 
2.637256926884e-10 1.823800926510e-08 2.035028836756e-07 9.012365451078e-07 2.039260566914e-06 2.582014773355e-06 1.730031440548e-06 5.470012424436e-07 5.394359405202e-08 4.533990668134e-10 
9.044972479649e-12 1.250829162508e-09 2.457717479445e-08 1.891725633680e-07 7.584038218880e-07 1.730031440548e-06 2.240803091576e-06 1.389544824907e-06 2.934836867197e-07 6.367078383899e-09 
1.296309474715e-13 3.759486143759e-11 1.336020717134e-09 1.798305706347e-08 1.285773387608e-07 5.470012424436e-07 1.389544824907e-06 1.919890238911e-06 9.809185717880e-07 6.642473635766e-08 
4.269414123299e-16 2.808021371188e-13 1.947443281181e-11 4.849202270171e-10 6.461149756325e-09 5.394359405202e-08 2.934836867197e-07 9.809185717880e-07 1.599296145947e-06 4.728343327053e-07 
5.171875832452e-20 9.021472507135e-17 1.458406720951e-14 8.020627522333e-13 2.349857558648e-11 4.533990668134e-10 6.367078383899e-09 6.642473635766e-08 4.728343327053e-07 1.008130759802e-06 
