2.104090179764e-07 7.118422801009e-08 1.322063577956e-08 1.656451860830e-09 1.476925220927e-10 8.670444085748e-12 2.871577422427e-13 4.035966976385e-15 1.323685293907e-17 1.590162662896e-21 
7.118422801009e-08 1.915808993804e-07 9.119480354693e-08 2.692937612366e-08 4.993777391632e-09 5.865974924142e-10 3.926043885013e-11 1.166747534751e-12 8.702372802871e-15 2.768210739099e-18 
1.322063577956e-08 9.119480354693e-08 1.592732790477e-07 8.405511016248e-08 3.026282080184e-08 6.451588170225e-09 7.663562486525e-10 4.142886199441e-11 6.028019575169e-13 4.467907505145e-16 
1.656451860830e-09 2.692937612366e-08 8.405511016248e-08 1.368463582443e-07 7.380426677805e-08 2.825879369747e-08 5.875756913500e-09 5.575092626735e-10 1.498106702571e-11 2.453921938745e-14 
1.476925220927e-10 4.993777391632e-09 3.026282080184e-08 7.380426677805e-08 1.202771581883e-07 6.346086214833e-08 2.351850735930e-08 3.983882228818e-09 1.991118072061e-10 7.181172311205e-13 
8.670444085748e-12 5.865974924142e-10 6.451588170225e-09 2.825879369747e-08 6.346086214833e-08 1.074167620741e-07 5.363153857113e-08 1.691724084173e-08 1.657498809404e-09 1.384096268001e-11 
2.871577422427e-13 3.926043885013e-11 7.663562486525e-10 5.875756913500e-09 2.351850735930e-08 5.363153857113e-08 9.669279854140e-08 4.281648901580e-08 8.990516629541e-09 1.941631012877e-10 
4.035966976385e-15 1.166747534751e-12 4.142886199441e-11 5.575092626735e-10 3.983882228818e-09 1.691724084173e-08 4.281648901580e-08 8.622393179471e-08 2.996788502780e-08 2.023735732625e-09 
1.323685293907e-17 8.702372802871e-15 6.028019575169e-13 1.498106702571e-11 1.991118072061e-10 1.657498809404e-09 8.990516629541e-09 2.996788502780e-08 7.609570785024e-08 1.440232485168e-08 
1.590162662896e-21 2.768210739099e-18 4.467907505145e-16 2.453921938745e-14 7.181172311205e-13 1.384096268001e-11 1.941631012877e-10 2.023735732625e-09 1.440232485168e-08 5.819041646961e-08 
