5.676889750862e-07 1.983811609181e-07 3.757598944171e-08 4.869313880388e-09 4.516128568431e-10 2.768587267872e-11 9.599516639310e-13 1.421105611991e-14 4.974841082376e-17 6.463351673814e-21 
1.983811609181e-07 4.902130969675e-07 2.654738099028e-07 8.123677434517e-08 1.568374697449e-08 1.922501250090e-09 1.345864017130e-10 4.209268382001e-12 3.337295427459e-14 1.137438139611e-17 
3.757598944171e-08 2.654738099028e-07 4.213581613838e-07 2.610119714930e-07 9.757067600084e-08 2.164315003211e-08 2.685273910793e-09 1.526270165652e-10 2.350730336862e-12 1.855135946754e-15 
4.869313880388e-09 8.123677434517e-08 2.610119714930e-07 3.764641689541e-07 2.447045107277e-07 9.717709721804e-08 2.105959501974e-08 2.095873136699e-09 5.930541617085e-11 1.030354373159e-13 
4.516128568431e-10 1.568374697449e-08 9.757067600084e-08 2.447045107277e-07 3.428801897489e-07 2.243688425933e-07 8.644222228021e-08 1.529518442019e-08 7.998425522592e-10 3.054042148823e-12 
2.768587267872e-11 1.922501250090e-09 2.164315003211e-08 9.717709721804e-08 2.243688425933e-07 3.172276976470e-07 2.027466272639e-07 6.641590178732e-08 6.763816485132e-09 5.979045814400e-11 
9.599516639310e-13 1.345864017130e-10 2.685273910793e-09 2.105959501974e-08 8.644222228021e-08 2.027466272639e-07 2.950652161327e-07 1.720777521241e-07 3.739703616718e-08 8.561996348412e-10 
1.421105611991e-14 4.209268382001e-12 1.526270165652e-10 2.095873136699e-09 1.529518442019e-08 6.641590178732e-08 1.720777521241e-07 2.675014191863e-07 1.281472178136e-07 9.186833707895e-09 
4.974841082376e-17 3.337295427459e-14 2.350730336862e-12 5.930541617085e-11 7.998425522592e-10 6.763816485132e-09 3.739703616718e-08 1.281472178136e-07 2.423261657886e-07 6.797996524114e-08 
6.463351673814e-21 1.137438139611e-17 1.855135946754e-15 1.030354373159e-13 3.054042148823e-12 5.979045814400e-11 8.561996348412e-10 9.186833707895e-09 6.797996524114e-08 1.737315173911e-07 
