1.147398988909e-07 3.729584182436e-08 7.178639979351e-09 9.174878705542e-10 8.270188593894e-11 4.874071514818e-12 1.608797919612e-13 2.248971339919e-15 7.220590773104e-18 8.446943581387e-22 
3.729584182436e-08 1.164475376183e-07 5.029430074228e-08 1.503236384597e-08 2.805410656927e-09 3.292162890142e-10 2.194993423000e-11 6.462231411027e-13 4.710189297988e-15 1.463273412753e-18 
7.178639979351e-09 5.029430074228e-08 1.012661430283e-07 4.717258972101e-08 1.700392805151e-08 3.613599156082e-09 4.272628180238e-10 2.277769972860e-11 3.244328158667e-13 2.348159275598e-16 
9.174878705542e-10 1.503236384597e-08 4.717258972101e-08 8.926442975192e-08 4.138018762163e-08 1.579292187819e-08 3.259863637393e-09 3.041119853946e-10 8.026454209493e-12 1.280892516939e-14 
8.270188593894e-11 2.805410656927e-09 1.700392805151e-08 4.138018762163e-08 7.969249761463e-08 3.532542060347e-08 1.294193554479e-08 2.155829296475e-09 1.061939699600e-10 3.718489061958e-13 
4.874071514818e-12 3.292162890142e-10 3.613599156082e-09 1.579292187819e-08 3.532542060347e-08 7.191074081675e-08 2.919026435953e-08 9.086729882890e-09 8.786897219244e-10 7.099653588041e-12 
1.608797919612e-13 2.194993423000e-11 4.272628180238e-10 3.259863637393e-09 1.294193554479e-08 2.919026435953e-08 6.507852126023e-08 2.283269538086e-08 4.719225262321e-09 9.845890628647e-11 
2.248971339919e-15 6.462231411027e-13 2.277769972860e-11 3.041119853946e-10 2.155829296475e-09 9.086729882890e-09 2.283269538086e-08 5.880304969017e-08 1.546913178587e-08 1.011341570562e-09 
7.220590773104e-18 4.710189297988e-15 3.244328158667e-13 8.026454209493e-12 1.061939699600e-10 8.786897219244e-10 4.719225262321e-09 1.546913178587e-08 5.232717366047e-08 7.049446152281e-09 
8.446943581387e-22 1.463273412753e-18 2.348159275598e-16 1.280892516939e-14 3.718489061958e-13 7.099653588041e-12 9.845890628647e-11 1.011341570562e-09 7.049446152281e-09 4.228442440645e-08 
