2.4726200788706335e-08 1.0876821533457616e-08 7.9618997914688313e-09 6.2201387689750733e-09 4.9694623272160163e-09 3.9759579102293052e-09 3.1270805433972314e-09 2.3509024114269209e-09 1.5749342609434830e-09 5.3991894233953030e-10 
1.0876821533457616e-08 7.9371967312771598e-09 3.9866470016438680e-09 3.1428776001243375e-09 2.5371905824636157e-09 2.0560870077189008e-09 1.6449416511783366e-09 1.2689222734618156e-09 8.9303006312527046e-10 3.9295805268254942e-10 
7.9618997914688313e-09 3.9866470016438680e-09 5.5002895485746935e-09 2.3494212939140169e-09 1.9099044465278552e-09 1.5608108727219266e-09 1.2624450489524533e-09 9.8952676885762519e-10 7.1671344166923840e-10 3.5446568513589221e-10 
6.2201387689750733e-09 3.1428776001243375e-09 2.3494212939140169e-09 4.4137861989929063e-09 1.5350967957442898e-09 1.2648746345698670e-09 1.0338877163761741e-09 8.2257132690267008e-10 6.1134913408731004e-10 3.3145294218663101e-10 
4.9694623272160163e-09 2.5371905824636157e-09 1.9099044465278552e-09 1.5350967957442898e-09 3.8047215569636263e-09 1.0526975519292641e-09 8.7010307807603879e-10 7.0302190522407023e-10 5.3603415549487182e-10 3.1528819066889671e-10 
3.9759579102293052e-09 2.0560870077189008e-09 1.5608108727219266e-09 1.2648746345698670e-09 1.0526975519292641e-09 3.4226864262328292e-09 7.4008700761242267e-10 6.0813982517036330e-10 4.7627477827140691e-10 3.0251251482033379e-10 
3.1270805433972314e-09 1.6449416511783366e-09 1.2624450489524533e-09 1.0338877163761741e-09 8.7010307807603879e-10 7.4008700761242267e-10 3.1673540307747905e-09 5.2699064891825885e-10 4.2510159705843035e-10 2.9143598830584322e-10 
2.3509024114269209e-09 1.2689222734618156e-09 9.8952676885762519e-10 8.2257132690267008e-10 7.0302190522407023e-10 6.0813982517036330e-10 5.2699064891825885e-10 2.9911754483013617e-09 3.7830539474733967e-10 2.8114999519179701e-10 
1.5749342609434830e-09 8.9303006312527046e-10 7.1671344166923840e-10 6.1134913408731004e-10 5.3603415549487182e-10 4.7627477827140691e-10 4.2510159705843035e-10 3.7830539474733967e-10 2.8702735238874844e-09 2.7116876480347583e-10 
5.3991894233953030e-10 3.9295805268254942e-10 3.5446568513589221e-10 3.3145294218663101e-10 3.1528819066889671e-10 3.0251251482033379e-10 2.9143598830584322e-10 2.8114999519179701e-10 2.7116876480347583e-10 2.7993439464008155e-09 
