2.554866669689e-09 2.684092965758e-11 3.086016458963e-11 3.328713691003e-11 3.502921090783e-11 3.641417411247e-11 3.760099612426e-11 3.869355011249e-11 3.980229885553e-11 4.132057961694e-11 
2.684092965758e-11 2.589641129913e-09 6.310964228744e-11 7.064190919262e-11 7.605102507432e-11 8.034475804332e-11 8.402434701735e-11 8.741193084778e-11 9.084976091231e-11 9.555750392832e-11 
3.086016458963e-11 6.310964228744e-11 2.620332399920e-09 9.465945537628e-11 1.040070979403e-10 1.114002474066e-10 1.177262908481e-10 1.235505550385e-10 1.294616024650e-10 1.375563078993e-10 
3.328713691003e-11 7.064190919262e-11 9.465945537628e-11 2.651088402726e-09 1.264061607143e-10 1.373983609797e-10 1.467574506515e-10 1.553594463189e-10 1.640899167137e-10 1.760465348859e-10 
3.502921090783e-11 7.605102507432e-11 1.040070979403e-10 1.264061607143e-10 2.683357525392e-09 1.601285041395e-10 1.731292064061e-10 1.850102267271e-10 1.970521852759e-10 2.135480134063e-10 
3.641417411247e-11 8.034475804332e-11 1.114002474066e-10 1.373983609797e-10 1.601285041395e-10 2.718405203667e-09 1.972296859573e-10 2.129985765173e-10 2.288738979967e-10 2.506129657999e-10 
3.760099612426e-11 8.402434701735e-11 1.177262908481e-10 1.467574506515e-10 1.731292064061e-10 1.972296859573e-10 2.757797062457e-09 2.398836789939e-10 2.603517311428e-10 2.881697977592e-10 
3.869355011249e-11 8.741193084778e-11 1.235505550385e-10 1.553594463189e-10 1.850102267271e-10 2.129985765173e-10 2.398836789939e-10 2.804812814934e-09 2.930410654374e-10 3.281835557932e-10 
3.980229885553e-11 9.084976091231e-11 1.294616024650e-10 1.640899167137e-10 1.970521852759e-10 2.288738979967e-10 2.603517311428e-10 2.930410654374e-10 2.867564615656e-09 3.754469403169e-10 
4.132057961694e-11 9.555750392832e-11 1.375563078993e-10 1.760465348859e-10 2.135480134063e-10 2.506129657999e-10 2.881697977592e-10 3.281835557932e-10 3.754469403169e-10 2.988810060852e-09 
