2.872921938693e-09 4.941431985201e-10 5.532073133629e-10 5.888550362546e-10 6.144390858001e-10 6.347781056865e-10 6.522074182614e-10 6.682523589263e-10 6.845351067249e-10 7.068244523838e-10 
4.941431985201e-10 3.382303651987e-09 1.011760499607e-09 1.117910740409e-09 1.194085138313e-09 1.254519427936e-09 1.306310283802e-09 1.353992436831e-09 1.402381973852e-09 1.468630641607e-09 
5.532073133629e-10 1.011760499607e-09 3.814725018523e-09 1.459433562618e-09 1.593494949083e-09 1.699342037720e-09 1.789859451864e-09 1.873197997918e-09 1.957780784380e-09 2.073588801836e-09 
5.888550362546e-10 1.117910740409e-09 1.459433562618e-09 4.260895673253e-09 1.927514606949e-09 2.090991266957e-09 2.229870399328e-09 2.357419996856e-09 2.486875918964e-09 2.664149155028e-09 
6.144390858001e-10 1.194085138313e-09 1.593494949083e-09 1.927514606949e-09 4.749744579966e-09 2.447650931738e-09 2.648839095169e-09 2.832154936852e-09 3.017812384964e-09 3.272143712032e-09 
6.347781056865e-10 1.254519427936e-09 1.699342037720e-09 2.090991266957e-09 2.447650931738e-09 5.303369267971e-09 3.043714725350e-09 3.296806601882e-09 3.550518526563e-09 3.897845037063e-09 
6.522074182614e-10 1.306310283802e-09 1.789859451864e-09 2.229870399328e-09 2.648839095169e-09 3.043714725350e-09 5.951085612474e-09 3.757478123529e-09 4.097250721960e-09 4.556720604758e-09 
6.682523589263e-10 1.353992436831e-09 1.873197997918e-09 2.357419996856e-09 2.832154936852e-09 3.296806601882e-09 3.757478123529e-09 6.760618116158e-09 4.690101473695e-09 5.291114381403e-09 
6.845351067249e-10 1.402381973852e-09 1.957780784380e-09 2.486875918964e-09 3.017812384964e-09 3.550518526563e-09 4.097250721960e-09 4.690101473695e-09 7.907976324342e-09 6.213736622623e-09 
7.068244523838e-10 1.468630641607e-09 2.073588801836e-09 2.664149155028e-09 3.272143712032e-09 3.897845037063e-09 4.556720604758e-09 5.291114381403e-09 6.213736622623e-09 1.031001453147e-08 
