2.572048615760e-09 5.329526596256e-11 6.067933346614e-11 6.513258152450e-11 6.832928040016e-11 7.087071444037e-11 7.304854781386e-11 7.505339676537e-11 7.708796320680e-11 7.987401310386e-11 
5.329526596256e-11 2.635830823530e-09 1.182091256597e-10 1.312983534358e-10 1.406977814120e-10 1.481599949012e-10 1.545548169368e-10 1.604421181400e-10 1.664167384307e-10 1.745983197504e-10 
6.067933346614e-11 1.182091256597e-10 2.688702524893e-09 1.718961053599e-10 1.876971805351e-10 2.001978225862e-10 2.108948508590e-10 2.207432928250e-10 2.307384457696e-10 2.444259668834e-10 
6.513258152450e-11 1.312983534358e-10 1.718961053599e-10 2.740323246674e-09 2.247812157437e-10 2.430532017434e-10 2.586135027231e-10 2.729153611263e-10 2.874307142890e-10 3.073098398735e-10 
6.832928040016e-11 1.406977814120e-10 1.876971805351e-10 2.247812157437e-10 2.793674070556e-09 2.802767868790e-10 3.016616924845e-10 3.212050387083e-10 3.410122174829e-10 3.681453621197e-10 
7.087071444037e-11 1.481599949012e-10 2.001978225862e-10 2.430532017434e-10 2.802767868790e-10 2.851125697306e-09 3.409376625483e-10 3.667162037362e-10 3.926601797689e-10 4.281856026524e-10 
7.304854781386e-11 1.545548169368e-10 2.108948508590e-10 2.586135027231e-10 3.016616924845e-10 3.409376625483e-10 2.915426418229e-09 4.104791562132e-10 4.438165900157e-10 4.890967194578e-10 
7.505339676537e-11 1.604421181400e-10 2.207432928250e-10 2.729153611263e-10 3.212050387083e-10 3.667162037362e-10 4.104791562132e-10 2.992101807746e-09 4.971709277282e-10 5.542561009773e-10 
7.708796320680e-11 1.664167384307e-10 2.307384457696e-10 2.874307142890e-10 3.410122174829e-10 3.926601797689e-10 4.438165900157e-10 4.971709277282e-10 3.094853658879e-09 6.319539558457e-10 
7.987401310386e-11 1.745983197504e-10 2.444259668834e-10 3.073098398735e-10 3.681453621197e-10 4.281856026524e-10 4.890967194578e-10 5.542561009773e-10 6.319539558457e-10 3.295444029980e-09 
