2.553644462751e-09 2.492285307302e-11 2.868517522284e-11 3.095734654954e-11 3.258829103022e-11 3.388490307355e-11 3.499601456988e-11 3.601887174948e-11 3.705689058461e-11 3.847831727565e-11 
2.492285307302e-11 2.586201921167e-09 5.896851937260e-11 6.606225414495e-11 7.115641057114e-11 7.520005191350e-11 7.866532269930e-11 8.185559949870e-11 8.509319642635e-11 8.952674328377e-11 
2.868517522284e-11 5.896851937260e-11 2.615134846254e-09 8.875443288655e-11 9.758713866597e-11 1.045726867222e-10 1.105498539408e-10 1.160529254762e-10 1.216379987842e-10 1.292863117621e-10 
3.095734654954e-11 6.606225414495e-11 8.875443288655e-11 2.644223270658e-09 1.188106763184e-10 1.292209727893e-10 1.380841846564e-10 1.462303798692e-10 1.544982458353e-10 1.658213219880e-10 
3.258829103022e-11 7.115641057114e-11 9.758713866597e-11 1.188106763184e-10 2.674809118737e-09 1.507963802239e-10 1.631290479232e-10 1.743992946602e-10 1.858221123042e-10 2.014698367615e-10 
3.388490307355e-11 7.520005191350e-11 1.045726867222e-10 1.292209727893e-10 1.507963802239e-10 2.708076379099e-09 1.860321093447e-10 2.010083905037e-10 2.160854882046e-10 2.367317364122e-10 
3.499601456988e-11 7.866532269930e-11 1.105498539408e-10 1.380841846564e-10 1.631290479232e-10 1.860321093447e-10 2.745505852872e-09 2.265725201871e-10 2.460266336007e-10 2.724683425644e-10 
3.601887174948e-11 8.185559949870e-11 1.160529254762e-10 1.462303798692e-10 1.743992946602e-10 2.010083905037e-10 2.265725201871e-10 2.790200889890e-09 2.771218369133e-10 3.105516862986e-10 
3.705689058461e-11 8.509319642635e-11 1.216379987842e-10 1.544982458353e-10 1.858221123042e-10 2.160854882046e-10 2.460266336007e-10 2.771218369133e-10 2.849882227179e-09 3.554986546475e-10 
3.847831727565e-11 8.952674328377e-11 1.292863117621e-10 1.658213219880e-10 2.014698367615e-10 2.367317364122e-10 2.724683425644e-10 3.105516862986e-10 3.554986546475e-10 2.965115854835e-09 
