2.561291329788e-09 3.687165217247e-11 4.221143417220e-11 4.543383445073e-11 4.774693288082e-11 4.958587817549e-11 5.116172970227e-11 5.261241206654e-11 5.408459558615e-11 5.609996275042e-11 
3.687165217247e-11 2.607457273485e-09 8.447684160866e-11 9.422518352617e-11 1.012257399449e-10 1.067831962803e-10 1.115457329318e-10 1.159303048355e-10 1.203799042410e-10 1.264718314846e-10 
4.221143417220e-11 8.447684160866e-11 2.647011524473e-09 1.248889992444e-10 1.368210020688e-10 1.462598463456e-10 1.543366621804e-10 1.617727809950e-10 1.693196755601e-10 1.796526559888e-10 
4.543383445073e-11 9.422518352617e-11 1.248889992444e-10 2.686125285325e-09 1.651022316967e-10 1.790085757605e-10 1.908505594348e-10 2.017348508071e-10 2.127816438567e-10 2.279081280791e-10 
4.774693288082e-11 1.012257399449e-10 1.368210020688e-10 1.651022316967e-10 2.726824200840e-09 2.075181170114e-10 2.238646585767e-10 2.388041873523e-10 2.539459422624e-10 2.746851910009e-10 
4.958587817549e-11 1.067831962803e-10 1.462598463456e-10 1.790085757605e-10 2.075181170114e-10 2.770793809098e-09 2.539837692120e-10 2.737308349540e-10 2.936098166128e-10 3.208279163941e-10 
5.116172970227e-11 1.115457329318e-10 1.543366621804e-10 1.908505594348e-10 2.238646585767e-10 2.539837692120e-10 2.820059683303e-09 3.072753765422e-10 3.328424741249e-10 3.675820492523e-10 
5.261241206654e-11 1.159303048355e-10 1.617727809950e-10 2.017348508071e-10 2.388041873523e-10 2.737308349540e-10 3.072753765422e-10 2.878777455121e-09 3.736452799604e-10 4.174774922090e-10 
5.408459558615e-11 1.203799042410e-10 1.693196755601e-10 2.127816438567e-10 2.539459422624e-10 2.936098166128e-10 3.328424741249e-10 3.736452799604e-10 2.957205262608e-09 4.765631632267e-10 
5.609996275042e-11 1.264718314846e-10 1.796526559888e-10 2.279081280791e-10 2.746851910009e-10 3.208279163941e-10 3.675820492523e-10 4.174774922090e-10 4.765631632267e-10 3.109074911331e-09 
