2.585519264659e-09 7.347187260945e-11 8.324646675647e-11 8.913877632689e-11 9.336853131087e-11 9.673127450689e-11 9.961291048835e-11 1.022656588339e-10 1.049577283395e-10 1.086441263903e-10 
7.347187260945e-11 2.669882743853e-09 1.584189630113e-10 1.753487968473e-10 1.875057672074e-10 1.971573966124e-10 2.054284318370e-10 2.130430323119e-10 2.207705708978e-10 2.313525630255e-10 
8.324646675647e-11 1.584189630113e-10 2.738044612433e-09 2.273552802133e-10 2.476113710492e-10 2.636365163450e-10 2.773492327990e-10 2.899740526655e-10 3.027869568643e-10 3.203331360208e-10 
8.913877632689e-11 1.753487968473e-10 2.273552802133e-10 2.804092308697e-09 2.949013228420e-10 3.182307123982e-10 3.380957118629e-10 3.563530897542e-10 3.748829976395e-10 4.002602258866e-10 
9.336853131087e-11 1.875057672074e-10 2.476113710492e-10 2.949013228420e-10 2.872149037724e-09 3.656445126379e-10 3.929035413672e-10 4.178087581552e-10 4.430481996436e-10 4.776233444461e-10 
9.673127450689e-11 1.971573966124e-10 2.636365163450e-10 3.182307123982e-10 3.656445126379e-10 2.945390464343e-09 4.430004431859e-10 4.758720728456e-10 5.089378915242e-10 5.542142179989e-10 
9.961291048835e-11 2.054284318370e-10 2.773492327990e-10 3.380957118629e-10 3.929035413672e-10 4.430004431859e-10 3.027517099954e-09 5.319352303853e-10 5.745270839418e-10 6.323380586281e-10 
1.022656588339e-10 2.130430323119e-10 2.899740526655e-10 3.563530897542e-10 4.178087581552e-10 4.758720728456e-10 5.319352303853e-10 3.125879883832e-09 6.433662776420e-10 7.164671776334e-10 
1.049577283395e-10 2.207705708978e-10 3.027869568643e-10 3.748829976395e-10 4.430481996436e-10 5.089378915242e-10 5.745270839418e-10 6.433662776420e-10 3.258689520543e-09 8.177197965045e-10 
1.086441263903e-10 2.313525630255e-10 3.203331360208e-10 4.002602258866e-10 4.776233444461e-10 5.542142179989e-10 6.323380586281e-10 7.164671776334e-10 8.177197965045e-10 3.520984019332e-09 
