2.552554063387e-09 2.319906048302e-11 2.672663684383e-11 2.885734573769e-11 3.038673691799e-11 3.160261092015e-11 3.264453576169e-11 3.360370157818e-11 3.457708365572e-11 3.590962540049e-11 
2.319906048302e-11 2.583085349280e-09 5.520650524437e-11 6.189685815415e-11 6.670127711081e-11 7.051484598838e-11 7.378295778484e-11 7.679172425339e-11 7.984511594694e-11 8.402553885073e-11 
2.672663684383e-11 5.520650524437e-11 2.610399375590e-09 8.336660163200e-11 9.172420431294e-11 9.833369912344e-11 1.039890101446e-10 1.091957584463e-10 1.144800934583e-10 1.217153031147e-10 
2.885734573769e-11 6.189685815415e-11 8.336660163200e-11 2.637948613954e-09 1.118612787758e-10 1.217342423170e-10 1.301394538157e-10 1.378646319872e-10 1.457052011675e-10 1.564414572343e-10 
3.038673691799e-11 6.670127711081e-11 9.172420431294e-11 1.118612787758e-10 2.666980023121e-09 1.422438267549e-10 1.539593080517e-10 1.646653487171e-10 1.755162589471e-10 1.903785733888e-10 
3.160261092015e-11 7.051484598838e-11 9.833369912344e-11 1.217342423170e-10 1.422438267549e-10 2.698602981547e-09 1.757561316202e-10 1.900009598499e-10 2.043411912981e-10 2.239761427582e-10 
3.264453576169e-11 7.378295778484e-11 1.039890101446e-10 1.301394538157e-10 1.539593080517e-10 1.757561316202e-10 2.734222145019e-09 2.143500210406e-10 2.328686846613e-10 2.580376768457e-10 
3.360370157818e-11 7.679172425339e-11 1.091957584463e-10 1.378646319872e-10 1.646653487171e-10 1.900009598499e-10 2.143500210406e-10 2.776780032770e-09 2.624922295149e-10 2.943388588011e-10 
3.457708365572e-11 7.984511594694e-11 1.144800934583e-10 1.457052011675e-10 1.755162589471e-10 2.043411912981e-10 2.328686846613e-10 2.624922295149e-10 2.833632084848e-09 3.371772290756e-10 
3.590962540049e-11 8.402553885073e-11 1.217153031147e-10 1.564414572343e-10 1.903785733888e-10 2.239761427582e-10 2.580376768457e-10 2.943388588011e-10 3.371772290756e-10 2.943355142395e-09 
