2.565922808723e-09 4.399197324504e-11 5.023363758378e-11 5.399910668138e-11 5.670206336132e-11 5.885095761514e-11 6.069241310161e-11 6.238760275825e-11 6.410791989545e-11 6.646365368691e-11 
4.399197324504e-11 2.619863688527e-09 9.926412743884e-11 1.104970117063e-10 1.185634836280e-10 1.249673348451e-10 1.304551956843e-10 1.355075202530e-10 1.406347803015e-10 1.476560028573e-10 
5.023363758378e-11 9.926412743884e-11 2.665340211698e-09 1.455821329037e-10 1.592347373635e-10 1.700354860487e-10 1.792777798314e-10 1.877868907210e-10 1.964227662972e-10 2.082488808249e-10 
5.399910668138e-11 1.104970117063e-10 1.455821329037e-10 2.710014987787e-09 1.914278142218e-10 2.072741975190e-10 2.207683619319e-10 2.331712690303e-10 2.457593706955e-10 2.629990773187e-10 
5.670206336132e-11 1.185634836280e-10 1.592347373635e-10 1.914278142218e-10 2.756332193276e-09 2.396443259338e-10 2.582232590523e-10 2.752034696684e-10 2.924134267399e-10 3.159886442233e-10 
5.885095761514e-11 1.249673348451e-10 1.700354860487e-10 2.072741975190e-10 2.396443259338e-10 2.806266893791e-09 2.923857313081e-10 3.148029824693e-10 3.373680120743e-10 3.682670229326e-10 
6.069241310161e-11 1.304551956843e-10 1.792777798314e-10 2.207683619319e-10 2.582232590523e-10 2.923857313081e-10 2.862181637497e-09 3.528628389694e-10 3.818686520712e-10 4.212771706030e-10 
6.238760275825e-11 1.355075202530e-10 1.877868907210e-10 2.331712690303e-10 2.752034696684e-10 3.148029824693e-10 3.528628389694e-10 2.928821581723e-09 4.281793412212e-10 4.778609131728e-10 
6.410791989545e-11 1.406347803015e-10 1.964227662972e-10 2.457593706955e-10 2.924134267399e-10 3.373680120743e-10 3.818686520712e-10 4.281793412212e-10 3.017904990610e-09 5.450347558925e-10 
6.646365368691e-11 1.476560028573e-10 2.082488808249e-10 2.629990773187e-10 3.159886442233e-10 3.682670229326e-10 4.212771706030e-10 4.778609131728e-10 5.450347558925e-10 3.190946644597e-09 
