3.405746436218e-07 1.155326086976e-07 2.134227248625e-08 2.685975933311e-09 2.413115447577e-10 1.432078633900e-11 4.820547598758e-13 6.941488453458e-15 2.339716233262e-17 2.957039457017e-21 
1.155326086976e-07 2.919582359079e-07 1.476341898819e-07 4.387849500441e-08 8.211594048285e-09 9.772131529709e-10 6.667207976185e-11 2.028075987493e-12 1.552871617016e-14 5.194314435540e-18 
2.134227248625e-08 1.476341898819e-07 2.415285002880e-07 1.378261498956e-07 5.013758139973e-08 1.084854009734e-08 1.314922353350e-09 7.262955533573e-11 1.086053571300e-12 8.450310607104e-16 
2.685975933311e-09 4.387849500441e-08 1.378261498956e-07 2.078715090043e-07 1.234929588335e-07 4.805912195663e-08 1.018426103007e-08 9.857355803192e-10 2.727145597075e-11 4.675524878256e-14 
2.413115447577e-10 8.211594048285e-09 5.013758139973e-08 1.234929588335e-07 1.843342866948e-07 1.093388847760e-07 4.119229241204e-08 7.115392312440e-09 3.666339699945e-10 1.378259015365e-12 
1.432078633900e-11 9.772131529709e-10 1.084854009734e-08 4.805912195663e-08 1.093388847760e-07 1.665315020660e-07 9.505823365498e-08 3.061962400691e-08 3.091869446927e-09 2.677532757951e-11 
4.820547598758e-13 6.667207976185e-11 1.314922353350e-09 1.018426103007e-08 4.119229241204e-08 9.505823365498e-08 1.515540904141e-07 7.887508098353e-08 1.701693070677e-08 3.792799876310e-10 
6.941488453458e-15 2.028075987493e-12 7.262955533573e-11 9.857355803192e-10 7.115392312440e-09 3.061962400691e-08 7.887508098353e-08 1.373571796235e-07 5.766288191481e-08 4.008494765703e-09 
2.339716233262e-17 1.552871617016e-14 1.086053571300e-12 2.727145597075e-11 3.666339699945e-10 3.091869446927e-09 1.701693070677e-08 5.766288191481e-08 1.223693853853e-07 2.913740788776e-08 
2.957039457017e-21 5.194314435540e-18 8.450310607104e-16 4.675524878256e-14 1.378259015365e-12 2.677532757951e-11 3.792799876310e-10 4.008494765703e-09 2.913740788776e-08 9.034472627357e-08 
