1.404047599758e-07 4.674404456632e-08 8.867913913179e-09 1.123089679057e-09 1.006010798057e-10 5.909232038040e-12 1.946768501777e-13 2.719610167883e-15 8.772033684481e-18 1.031802197984e-21 
4.674404456632e-08 1.374579024153e-07 6.169570253610e-08 1.832075479789e-08 3.404459068443e-09 3.987201650272e-10 2.653828530057e-11 7.826748706821e-13 5.727060654808e-15 1.792112655261e-18 
8.867913913179e-09 6.169570253610e-08 1.173238885856e-07 5.729431150641e-08 2.060714755324e-08 4.372203446926e-09 5.166668312750e-10 2.763265448182e-11 3.946573587204e-13 2.884183988026e-16 
1.123089679057e-09 1.832075479789e-08 5.729431150641e-08 1.022203368851e-07 5.009251149175e-08 1.909439729369e-08 3.946424626082e-09 3.694204207530e-10 9.770992633635e-12 1.578050992265e-14 
1.006010798057e-10 3.404459068443e-09 2.060714755324e-08 5.009251149175e-08 9.046089532776e-08 4.273013009638e-08 1.569740135954e-08 2.621225195466e-09 1.294738952068e-10 4.594987324492e-13 
5.909232038040e-12 3.987201650272e-10 4.372203446926e-09 1.909439729369e-08 4.273013009638e-08 8.118635960928e-08 3.547000887262e-08 1.105703738334e-08 1.074451207372e-09 8.798473157270e-12 
1.946768501777e-13 2.653828530057e-11 5.166668312750e-10 3.946424626082e-09 1.569740135954e-08 3.547000887262e-08 7.305910771531e-08 2.784030085888e-08 5.798752222348e-09 1.223355952596e-10 
2.719610167883e-15 7.826748706821e-13 2.763265448182e-11 3.694204207530e-10 2.621225195466e-09 1.105703738334e-08 2.784030085888e-08 6.572040888705e-08 1.913073987325e-08 1.259595905350e-09 
8.772033684481e-18 5.727060654808e-15 3.946573587204e-13 9.770992633635e-12 1.294738952068e-10 1.074451207372e-09 5.798752222348e-09 1.913073987325e-08 5.820639037484e-08 8.829267676326e-09 
1.031802197984e-21 1.792112655261e-18 2.884183988026e-16 1.578050992265e-14 4.594987324492e-13 8.798473157270e-12 1.223355952596e-10 1.259595905350e-09 8.829267676326e-09 4.614594068006e-08 
