6.445897253215e-08 1.716278464204e-08 3.478163454954e-09 4.618775465626e-10 4.283906873049e-11 2.581362451317e-12 8.689684121082e-14 1.228238765108e-15 3.992055502792e-18 4.642934503196e-22 
1.716278464204e-08 7.060102576017e-08 2.507784222825e-08 7.720467906962e-09 1.473668877221e-09 1.764432467966e-10 1.193086706676e-11 3.544555893324e-13 2.609838382124e-15 8.025020036002e-19 
3.478163454954e-09 2.507784222825e-08 6.558484184151e-08 2.463813083897e-08 9.045967900431e-09 1.953225857364e-09 2.331567944147e-10 1.254579473453e-11 1.797216319534e-13 1.285965864293e-16 
4.618775465626e-10 7.720467906962e-09 2.463813083897e-08 6.060042770172e-08 2.227992234324e-08 8.589511790830e-09 1.785937007341e-09 1.680941347517e-10 4.437738309009e-12 7.008804093572e-15 
4.283906873049e-11 1.473668877221e-09 9.045967900431e-09 2.227992234324e-08 5.617382308349e-08 1.930631397094e-08 7.124849675613e-09 1.194106816334e-09 5.853710583544e-11 2.033264092598e-13 
2.581362451317e-12 1.764432467966e-10 1.953225857364e-09 8.589511790830e-09 1.930631397094e-08 5.223165107740e-08 1.614823589133e-08 5.029436318924e-09 4.826719519337e-10 3.877097030373e-12 
8.689684121082e-14 1.193086706676e-11 2.331567944147e-10 1.785937007341e-09 7.124849675613e-09 1.614823589133e-08 4.862897924076e-08 1.258406511243e-08 2.584680317580e-09 5.358409166552e-11 
1.228238765108e-15 3.544555893324e-13 1.254579473453e-11 1.680941347517e-10 1.194106816334e-09 5.029436318924e-09 1.258406511243e-08 4.498110649553e-08 8.453880685287e-09 5.452046384255e-10 
3.992055502792e-18 2.609838382124e-15 1.797216319534e-13 4.437738309009e-12 5.853710583544e-11 4.826719519337e-10 2.584680317580e-09 8.453880685287e-09 4.127356924639e-08 3.715877932450e-09 
4.642934503196e-22 8.025020036002e-19 1.285965864293e-16 7.008804093572e-15 2.033264092598e-13 3.877097030373e-12 5.358409166552e-11 5.452046384255e-10 3.715877932450e-09 3.539083660686e-08 
