2.713858938915e-07 9.187339907027e-08 1.695770777962e-08 2.124498813444e-09 1.900308048318e-10 1.122575672060e-11 3.741126249069e-13 5.294499651030e-15 1.751339627293e-17 2.163353332876e-21 
9.187339907027e-08 2.378880779563e-07 1.169282134597e-07 3.460143777396e-08 6.449188566333e-09 7.622528766452e-10 5.131768666569e-11 1.535231360552e-12 1.156285448402e-14 3.787002588607e-18 
1.695770777962e-08 1.169282134597e-07 1.965277433048e-07 1.083719170904e-07 3.923554657855e-08 8.409064409046e-09 1.004643346074e-09 5.465605628900e-11 8.049949941759e-13 6.142639251156e-16 
2.124498813444e-09 3.460143777396e-08 1.083719170904e-07 1.689406696734e-07 9.605204915714e-08 3.695262348934e-08 7.725100499869e-09 7.378146220734e-10 2.012375577987e-11 3.389560501751e-14 
1.900308048318e-10 6.449188566333e-09 3.923554657855e-08 9.605204915714e-08 1.485041048912e-07 8.329153430965e-08 3.101849631981e-08 5.296371504040e-09 2.692792093915e-10 9.965165690604e-13 
1.122575672060e-11 7.622528766452e-10 8.409064409046e-09 3.695262348934e-08 8.329153430965e-08 1.325782492521e-07 7.104653537490e-08 2.265036630111e-08 2.259339322970e-09 1.930036134800e-11 
3.741126249069e-13 5.131768666569e-11 1.004643346074e-09 7.725100499869e-09 3.101849631981e-08 7.104653537490e-08 1.196508775309e-07 5.792062513023e-08 1.236665316531e-08 2.722607827912e-10 
5.294499651030e-15 1.535231360552e-12 5.465605628900e-11 7.378146220734e-10 5.296371504040e-09 2.265036630111e-08 5.792062513023e-08 1.077087336458e-07 4.164926496101e-08 2.858355540260e-09 
1.751339627293e-17 1.156285448402e-14 8.049949941759e-13 2.012375577987e-11 2.692792093915e-10 2.259339322970e-09 1.236665316531e-08 4.164926496101e-08 9.558462115748e-08 2.057046310438e-08 
2.163353332876e-21 3.787002588607e-18 6.142639251156e-16 3.389560501751e-14 9.965165690604e-13 1.930036134800e-11 2.722607827912e-10 2.858355540260e-09 2.057046310438e-08 7.171733046787e-08 
