6.543324808867e-07 2.334037292554e-07 4.476708849362e-08 5.860826252266e-09 5.482077646799e-10 3.380140250768e-11 1.183310277975e-12 1.768076560753e-14 6.117353169286e-17 8.182286256688e-21 
2.334037292554e-07 5.774775225683e-07 3.186798397184e-07 9.835902538630e-08 1.910921203738e-08 2.358466457379e-09 1.669342031872e-10 5.222447212109e-12 4.098762976688e-14 1.452694487042e-17 
4.476708849362e-08 3.186798397184e-07 5.036716298291e-07 3.175595158023e-07 1.193216111573e-07 2.670382488263e-08 3.338661877888e-09 1.884856194804e-10 2.896797128687e-12 2.384856906798e-15 
5.860826252266e-09 9.835902538630e-08 3.175595158023e-07 4.536966686028e-07 3.009999716520e-07 1.205805902839e-07 2.614990896097e-08 2.578426514917e-09 7.360330404529e-11 1.329701975394e-13 
5.482077646799e-10 1.910921203738e-08 1.193216111573e-07 3.009999716520e-07 4.182236460124e-07 2.789924641207e-07 1.068133546074e-07 1.880206265417e-08 1.002841359122e-09 3.943647671419e-12 
3.380140250768e-11 2.358466457379e-09 2.670382488263e-08 1.205805902839e-07 2.789924641207e-07 3.859263633352e-07 2.492261258829e-07 8.210115282753e-08 8.587228279130e-09 7.692528529796e-11 
1.183310277975e-12 1.669342031872e-10 3.338661877888e-09 2.614990896097e-08 1.068133546074e-07 2.492261258829e-07 3.571017516830e-07 2.158605598258e-07 4.804805994794e-08 1.090658333997e-09 
1.768076560753e-14 5.222447212109e-12 1.884856194804e-10 2.578426514917e-09 1.880206265417e-08 8.210115282753e-08 2.158605598258e-07 3.343850412563e-07 1.651173343943e-07 1.146965340829e-08 
6.117353169286e-17 4.098762976688e-14 2.896797128687e-12 7.360330404529e-11 1.002841359122e-09 8.587228279130e-09 4.804805994794e-08 1.651173343943e-07 2.982822468018e-07 8.230056953970e-08 
8.182286256688e-21 1.452694487042e-17 2.384856906798e-15 1.329701975394e-13 3.943647671419e-12 7.692528529796e-11 1.090658333997e-09 1.146965340829e-08 8.230056953970e-08 2.044444076654e-07 
