9.075280602043e-08 2.803092045599e-08 5.500772142312e-09 7.125323531765e-10 6.484989248809e-11 3.848533728106e-12 1.276715429301e-13 1.790428786041e-15 5.751225746198e-18 6.696882936152e-22 
2.803092045599e-08 9.561332464602e-08 3.893300780621e-08 1.175294170045e-08 2.209829878993e-09 2.607374878812e-10 1.745178995483e-11 5.147194958468e-13 3.750253449405e-15 1.158347164799e-18 
5.500772142312e-09 3.893300780621e-08 8.525312043440e-08 3.709135782138e-08 1.344176452184e-08 2.868368082562e-09 3.400655028974e-10 1.814425442613e-11 2.581503788474e-13 1.855941113879e-16 
7.125323531765e-10 1.175294170045e-08 3.709135782138e-08 7.643921870340e-08 3.281162986101e-08 1.255858436437e-08 2.596165687594e-09 2.422161211445e-10 6.380627095311e-12 1.010729551238e-14 
6.484989248809e-11 2.209829878993e-09 1.344176452184e-08 3.281162986101e-08 6.913301260159e-08 2.812495073593e-08 1.030924411431e-08 1.716322858966e-09 8.430571561231e-11 2.928961524813e-13 
3.848533728106e-12 2.607374878812e-10 2.868368082562e-09 1.255858436437e-08 2.812495073593e-08 6.301959036124e-08 2.324757355537e-08 7.227330119537e-09 6.962428543675e-10 5.580720593780e-12 
1.276715429301e-13 1.745178995483e-11 3.400655028974e-10 2.596165687594e-09 1.030924411431e-08 2.324757355537e-08 5.754549977028e-08 1.812546290111e-08 3.729138971577e-09 7.718763414925e-11 
1.790428786041e-15 5.147194958468e-13 1.814425442613e-11 2.422161211445e-10 1.716322858966e-09 7.227330119537e-09 1.812546290111e-08 5.241316668358e-08 1.217650582828e-08 7.895125999954e-10 
5.751225746198e-18 3.750253449405e-15 2.581503788474e-13 6.380627095311e-12 8.430571561231e-11 6.962428543675e-10 3.729138971577e-09 1.217650582828e-08 4.707893226789e-08 5.458557558465e-09 
6.696882936152e-22 1.158347164799e-18 1.855941113879e-16 1.010729551238e-14 2.928961524813e-13 5.580720593780e-12 7.718763414925e-11 7.895125999954e-10 5.458557558465e-09 3.893830274163e-08 
