2.535398744930e-07 8.582552806105e-08 1.585586134600e-08 1.985080322046e-09 1.773981363644e-10 1.044806076262e-11 3.480964370111e-13 4.924983208165e-15 1.617732924642e-17 1.982316228435e-21 
8.582552806105e-08 2.242594994142e-07 1.092781301014e-07 3.231420621320e-08 6.009959656223e-09 7.089904616006e-10 4.777587259518e-11 1.424718378976e-12 1.065834948879e-14 3.466038905132e-18 
1.585586134600e-08 1.092781301014e-07 1.854226454445e-07 1.010754206378e-07 3.650518936481e-08 7.824986428474e-09 9.346581257737e-10 5.060049923487e-11 7.407739121508e-13 5.615768277376e-16 
1.985080322046e-09 3.231420621320e-08 1.010754206378e-07 1.591775343797e-07 8.935015351988e-08 3.439958657800e-08 7.173794119207e-09 6.815314636491e-10 1.849023616736e-11 3.095424765958e-14 
1.773981363644e-10 6.009959656223e-09 3.650518936481e-08 8.935015351988e-08 1.401959217160e-07 7.744549566416e-08 2.872477052428e-08 4.881550425042e-09 2.470488374062e-10 9.090661309230e-13 
1.044806076262e-11 7.089904616006e-10 7.824986428474e-09 3.439958657800e-08 7.744549566416e-08 1.249408964090e-07 6.558721588699e-08 2.082925836270e-08 2.069389891265e-09 1.758819150262e-11 
3.480964370111e-13 4.777587259518e-11 9.346581257737e-10 7.173794119207e-09 2.872477052428e-08 6.558721588699e-08 1.123625346100e-07 5.313631173976e-08 1.130445309945e-08 2.478347518888e-10 
4.924983208165e-15 1.424718378976e-12 5.060049923487e-11 6.815314636491e-10 4.881550425042e-09 2.082925836270e-08 5.313631173976e-08 1.009416944266e-07 3.798265161962e-08 2.597820862860e-09 
1.617732924642e-17 1.065834948879e-14 7.407739121508e-13 1.849023616736e-11 2.470488374062e-10 2.069389891265e-09 1.130445309945e-08 3.798265161962e-08 8.949540452688e-08 1.862965387710e-08 
1.982316228435e-21 3.466038905132e-18 5.615768277376e-16 3.095424765958e-14 9.090661309230e-13 1.758819150262e-11 2.478347518888e-10 2.597820862860e-09 1.862965387710e-08 6.746270979074e-08 
