4.495236153516e-07 1.540852854852e-07 2.864057292044e-08 3.646046392975e-09 3.332041893649e-10 2.014239729603e-11 6.898176619731e-13 1.010007734459e-14 3.474129463040e-17 4.478059022814e-21 
1.540852854852e-07 3.816461297594e-07 1.996747700848e-07 6.022030871423e-08 1.147075202505e-08 1.388295870493e-09 9.621211261418e-11 2.972480088107e-12 2.320648369400e-14 7.883846690934e-18 
2.864057292044e-08 1.996747700848e-07 3.202427869076e-07 1.915999392866e-07 7.078464799412e-08 1.554206998134e-08 1.910409213161e-09 1.071520220406e-10 1.630752596277e-12 1.286221515726e-15 
3.646046392975e-09 6.022030871423e-08 1.915999392866e-07 2.812893960232e-07 1.761903761998e-07 6.942084825418e-08 1.489761039959e-08 1.463780735229e-09 4.109445538798e-11 7.143601132882e-14 
3.332041893649e-10 1.147075202505e-08 7.078464799412e-08 1.761903761998e-07 2.532898763109e-07 1.592859682804e-07 6.072705977097e-08 1.063586347355e-08 5.540690302488e-10 2.116130243062e-12 
2.014239729603e-11 1.388295870493e-09 1.554206998134e-08 6.942084825418e-08 1.592859682804e-07 2.316593343781e-07 1.414120971855e-07 4.604972410764e-08 4.686886860464e-09 4.136079581470e-11 
6.898176619731e-13 9.621211261418e-11 1.910409213161e-09 1.489761039959e-08 6.072705977097e-08 1.414120971855e-07 2.133656052836e-07 1.192046719110e-07 2.592452688268e-08 5.901294703534e-10 
1.010007734459e-14 2.972480088107e-12 1.071520220406e-10 1.463780735229e-09 1.063586347355e-08 4.604972410764e-08 1.192046719110e-07 1.940793273308e-07 8.872501114793e-08 6.281622734081e-09 
3.474129463040e-17 2.320648369400e-14 1.630752596277e-12 4.109445538798e-11 5.540690302488e-10 4.686886860464e-09 2.592452688268e-08 8.872501114793e-08 1.752134834904e-07 4.575731025849e-08 
4.478059022814e-21 7.883846690934e-18 1.286221515726e-15 7.143601132882e-14 2.116130243062e-12 4.136079581470e-11 5.901294703534e-10 6.281622734081e-09 4.575731025849e-08 1.256017063206e-07 
