5.4225388576262443e-08 2.5550201181456608e-08 1.8814087300011298e-08 1.4788629933860045e-08 1.1898165606114577e-08 9.6017648768931447e-09 7.6387889673933711e-09 5.8423072078117785e-09 4.0439355655308800e-09 1.6526237191893591e-09 
2.5550201181456608e-08 1.5307876994300194e-08 9.4748666147320050e-09 7.5060603563716049e-09 6.0927045804424531e-09 4.9698791654192789e-09 4.0099000851000374e-09 3.1311111893641472e-09 2.2512926665258080e-09 1.0838324493655607e-09 
1.8814087300011298e-08 9.4748666147320050e-09 9.6056823467892759e-09 5.6283742243912891e-09 4.5956160372468241e-09 3.7751769403465599e-09 3.0736446203992235e-09 2.4313258950607247e-09 1.7881978156906187e-09 9.3609037399247885e-10 
1.4788629933860045e-08 7.5060603563716049e-09 5.6283742243912891e-09 7.0447701221472703e-09 3.7010022574632725e-09 3.0612514653132886e-09 2.5141463762707638e-09 2.0131331131042509e-09 1.5114468414573818e-09 8.4778736650431405e-10 
1.1898165606114577e-08 6.0927045804424531e-09 4.5956160372468241e-09 3.7010022574632725e-09 5.5976170041586623e-09 2.5492089817273448e-09 2.1130098437004566e-09 1.7134638818126444e-09 1.3133554610437997e-09 7.8504244720469280e-10 
9.6017648768931447e-09 4.9698791654192789e-09 3.7751769403465599e-09 3.0612514653132886e-09 2.5492089817273448e-09 4.6809571503922700e-09 1.7944485527599546e-09 1.4755049426605386e-09 1.1560666707690989e-09 7.3527383177339198e-10 
7.6387889673933711e-09 4.0099000851000374e-09 3.0736446203992235e-09 2.5141463762707638e-09 2.1130098437004566e-09 1.7944485527599546e-09 4.0603292169364357e-09 1.2718840464312374e-09 1.0213381082458828e-09 6.9236017730875769e-10 
5.8423072078117785e-09 3.1311111893641472e-09 2.4313258950607247e-09 2.0131331131042509e-09 1.7134638818126444e-09 1.4755049426605386e-09 1.2718840464312374e-09 3.6237135501754384e-09 8.9790471698087049e-10 6.5265306578590784e-10 
4.0439355655308800e-09 2.2512926665258080e-09 1.7881978156906187e-09 1.5114468414573818e-09 1.3133554610437997e-09 1.1560666707690989e-09 1.0213381082458828e-09 8.9790471698087049e-10 3.3130914290165746e-09 6.1321681915673143e-10 
1.6526237191893591e-09 1.0838324493655607e-09 9.3609037399247885e-10 8.4778736650431405e-10 7.8504244720469280e-10 7.3527383177339198e-10 6.9236017730875769e-10 6.5265306578590784e-10 6.1321681915673143e-10 3.1050546418934476e-09 
