2.543005920874e-09 7.706157504920e-12 8.977234430294e-12 9.746603502316e-12 1.029874201090e-11 1.073767059026e-11 1.111380079280e-11 1.146004993132e-11 1.181142470205e-11 1.229257462212e-11 
7.706157504920e-12 2.554029711244e-09 1.964635659788e-11 2.225413900741e-11 2.412627878149e-11 2.561158907640e-11 2.688445164043e-11 2.805631257130e-11 2.924553602474e-11 3.087401544923e-11 
8.977234430294e-12 1.964635659788e-11 2.564823052589e-09 3.102279946922e-11 3.444766043624e-11 3.715279807274e-11 3.946655615069e-11 4.159681970224e-11 4.375882832754e-11 4.671946639461e-11 
9.746603502316e-12 2.225413900741e-11 3.102279946922e-11 2.576284600692e-09 4.308076322382e-11 4.728473218540e-11 5.085937566576e-11 5.414374168233e-11 5.747718752621e-11 6.204240625751e-11 
1.029874201090e-11 2.412627878149e-11 3.444766043624e-11 4.308076322382e-11 2.588834001366e-09 5.639754892432e-11 6.154487740525e-11 6.624324213128e-11 7.100422676653e-11 7.752633686171e-11 
1.073767059026e-11 2.561158907640e-11 3.715279807274e-11 4.728473218540e-11 5.639754892432e-11 2.602917707134e-09 7.148864267895e-11 7.790457015226e-11 8.435738307091e-11 9.319377765872e-11 
1.111380079280e-11 2.688445164043e-11 3.946655615069e-11 5.085937566576e-11 6.154487740525e-11 7.148864267895e-11 2.619155910933e-09 8.924209965551e-11 9.775222618406e-11 1.093138439958e-10 
1.146004993132e-11 2.805631257130e-11 4.159681970224e-11 5.414374168233e-11 6.624324213128e-11 7.790457015226e-11 8.924209965551e-11 2.638936293656e-09 1.117830060368e-10 1.266716519808e-10 
1.181142470205e-11 2.924553602474e-11 4.375882832754e-11 5.747718752621e-11 7.100422676653e-11 8.435738307091e-11 9.775222618406e-11 1.117830060368e-10 2.665776891854e-09 1.472691025675e-10 
1.229257462212e-11 3.087401544923e-11 4.671946639461e-11 6.204240625751e-11 7.752633686171e-11 9.319377765872e-11 1.093138439958e-10 1.266716519808e-10 1.472691025675e-10 2.718226599626e-09 
