1.0152944506487568e-07 4.9188786384480387e-08 3.6352074599180496e-08 2.8680348198665570e-08 2.3171897191900956e-08 1.8795341536903384e-08 1.5053350938207598e-08 1.1627240752651098e-08 8.1957795504099386e-09 3.6419563341563511e-09 
4.9188786384480387e-08 2.7210439137550813e-08 1.8351741849738464e-08 1.4574479090463791e-08 1.1862818641986188e-08 9.7083993360873803e-09 7.8660123268523537e-09 6.1786703438966754e-09 4.4883004840489808e-09 2.2489843539527057e-09 
3.6352074599180496e-08 1.8351741849738464e-08 1.6249471387368909e-08 1.0937425089434737e-08 8.9465069287378334e-09 7.3647368593584069e-09 6.0119001313317131e-09 4.7726655851708040e-09 3.5309998842953043e-09 1.8881551537598605e-09 
2.8680348198665570e-08 1.4574479090463791e-08 1.0937425089434737e-08 1.1302235131313271e-08 7.2036197064498936e-09 5.9640611613705299e-09 4.9037680859280797e-09 3.9323267291580215e-09 2.9588181640541499e-09 1.6724381722047523e-09 
2.3171897191900956e-08 1.1862818641986188e-08 8.9465069287378334e-09 7.2036197064498936e-09 8.4914090988258794e-09 4.9592050088639714e-09 4.1089925066201720e-09 3.3298343461670171e-09 2.5488897821839199e-09 1.5185042200096065e-09 
1.8795341536903384e-08 9.7083993360873803e-09 7.3647368593584069e-09 5.9640611613705299e-09 4.9592050088639714e-09 6.6993657934607883e-09 3.4776742385010080e-09 2.8512686073033466e-09 2.2232665620803691e-09 1.3962529959401797e-09 
1.5053350938207598e-08 7.8660123268523537e-09 6.0119001313317131e-09 4.9037680859280797e-09 4.1089925066201720e-09 3.4776742385010080e-09 5.4758263755430434e-09 2.4416701356961041e-09 1.9443265821899682e-09 1.2910362791565811e-09 
1.1627240752651098e-08 6.1786703438966754e-09 4.7726655851708040e-09 3.9323267291580215e-09 3.3298343461670171e-09 2.8512686073033466e-09 2.4416701356961041e-09 4.6044744315102411e-09 1.6885566189993098e-09 1.1938033949690391e-09 
8.1957795504099386e-09 4.4883004840489808e-09 3.5309998842953043e-09 2.9588181640541499e-09 2.5488897821839199e-09 2.2232665620803691e-09 1.9443265821899682e-09 1.6885566189993098e-09 3.9709754841946201e-09 1.0965741175831605e-09 
3.6419563341563511e-09 2.2489843539527057e-09 1.8881551537598605e-09 1.6724381722047523e-09 1.5185042200096065e-09 1.3962529959401797e-09 1.2910362791565811e-09 1.1938033949690391e-09 1.0965741175831605e-09 3.5156620901765657e-09 
