1.2038063281541213e-06 5.9877068203431007e-07 4.4345666465960134e-07 3.5063336434310444e-07 2.8399745354259419e-07 2.3105719948415960e-07 1.8578120131650625e-07 1.4430953230465231e-07 1.0278058949369946e-07 4.7931100104780834e-08 
5.9877068203431007e-07 3.0294687630905145e-07 2.2348703821589652e-07 1.7751326516627468e-07 1.4451232328234467e-07 1.1829381552819155e-07 9.5867930325504458e-08 7.5321027018156133e-08 5.4738651086989618e-08 2.7593686032563296e-08 
4.4345666465960134e-07 2.2348703821589652e-07 1.6931076957419888e-07 1.3287446224132457e-07 1.0854281232471853e-07 8.9211697480791721e-08 7.2675462663381026e-08 5.7522007013893163e-08 4.2338681470629876e-08 2.2334548614306287e-08 
3.5063336434310444e-07 1.7751326516627468e-07 1.3287446224132457e-07 1.0873252910700585e-07 8.7043776982448994e-08 7.1828552128438468e-08 5.8811861583102970e-08 4.6881564050566678e-08 3.4924816892885188e-08 1.9188149709286822e-08 
2.8399745354259419e-07 1.4451232328234467e-07 1.0854281232471853e-07 8.7043776982448994e-08 7.4152637873525156e-08 5.9354575579704496e-08 4.8864592915835161e-08 3.9247976600836727e-08 2.9607562417545972e-08 1.6934622196402947e-08 
2.3105719948415960e-07 1.1829381552819155e-07 8.9211697480791721e-08 7.1828552128438468e-08 5.9354575579704496e-08 5.1982485090601735e-08 4.0962261027527446e-08 3.3183529258870070e-08 2.5382745840958677e-08 1.5143539888540634e-08 
1.8578120131650625e-07 9.5867930325504458e-08 7.2675462663381026e-08 5.8811861583102970e-08 4.8864592915835161e-08 4.0962261027527446e-08 3.6737633915312180e-08 2.7993620912853085e-08 2.1765008397107034e-08 1.3605472551384878e-08 
1.4430953230465231e-07 7.5321027018156133e-08 5.7522007013893163e-08 4.6881564050566678e-08 3.9247976600836727e-08 3.3183529258870070e-08 2.7993620912853085e-08 2.5771015363403354e-08 1.8447100915250167e-08 1.2186626702645825e-08 
1.0278058949369946e-07 5.4738651086989618e-08 4.2338681470629876e-08 3.4924816892885188e-08 2.9607562417545972e-08 2.5382745840958677e-08 2.1765008397107034e-08 1.8447100915250167e-08 1.7659869073412255e-08 1.0762806398253669e-08 
4.7931100104780834e-08 2.7593686032563296e-08 2.2334548614306287e-08 1.9188149709286822e-08 1.6934622196402947e-08 1.5143539888540634e-08 1.3605472551384878e-08 1.2186626702645825e-08 1.0762806398253669e-08 1.1522396907277980e-08 
