4.1673354395008265e-07 2.0690173237703855e-07 1.5346429113880292e-07 1.2152609828747945e-07 9.8596107139959803e-08 8.0378043315972926e-08 6.4798473421379745e-08 5.0529409561407902e-08 3.6245048849060010e-08 1.7297626187351039e-08 
2.0690173237703855e-07 1.0659536127406141e-07 7.7542072688538806e-08 6.1694374409754243e-08 5.0317676048815584e-08 4.1278667542442962e-08 3.3547411605749145e-08 2.6464396009975740e-08 1.9370952083018132e-08 9.9753878069047375e-09 
1.5346429113880292e-07 7.7542072688538806e-08 6.0505459822948818e-08 4.6266830508927404e-08 3.7867993802413905e-08 3.1194875557128581e-08 2.5486565023470474e-08 2.0255811299308673e-08 1.5015878120932506e-08 8.0823436975657774e-09 
1.2152609828747945e-07 6.1694374409754243e-08 4.6266830508927404e-08 3.9584138521317958e-08 3.0426685936271621e-08 2.5167492792588807e-08 2.0668125582449521e-08 1.6544355556361835e-08 1.2412174748133254e-08 6.9500665895741592e-09 
9.8596107139959803e-08 5.0317676048815584e-08 3.7867993802413905e-08 3.0426685936271621e-08 2.7624416032392998e-08 2.0842198804438230e-08 1.7210850232363755e-08 1.3881812164529745e-08 1.0544975795086785e-08 6.1393744978218240e-09 
8.0378043315972926e-08 4.1278667542442962e-08 3.1194875557128581e-08 2.5167492792588807e-08 2.0842198804438230e-08 1.9943990748401539e-08 1.4464076150917573e-08 1.1766373387161096e-08 9.0612400630043616e-09 5.4949398261546316e-09 
6.4798473421379745e-08 3.3547411605749145e-08 2.5486565023470474e-08 2.0668125582449521e-08 1.7210850232363755e-08 1.4464076150917573e-08 1.4651444228818782e-08 9.9555816556957223e-09 7.7902705901403190e-09 4.9411125219791340e-09 
5.0529409561407902e-08 2.6464396009975740e-08 2.0255811299308673e-08 1.6544355556361835e-08 1.3881812164529745e-08 1.1766373387161096e-08 9.9555816556957223e-09 1.0832651856669899e-08 6.6242954288519532e-09 4.4299611289686019e-09 
3.6245048849060010e-08 1.9370952083018132e-08 1.5015878120932506e-08 1.2412174748133254e-08 1.0544975795086785e-08 9.0612400630043616e-09 7.7902705901403190e-09 6.6242954288519532e-09 7.9937700880903295e-09 3.9164647271480282e-09 
1.7297626187351039e-08 9.9753878069047375e-09 8.0823436975657774e-09 6.9500665895741592e-09 6.1393744978218240e-09 5.4949398261546316e-09 4.9411125219791340e-09 4.4299611289686019e-09 3.9164647271480282e-09 5.8082559936834962e-09 
