2.541051286076e-09 4.434183731011e-12 5.187224820682e-12 5.643423680413e-12 5.970782729737e-12 6.231014550823e-12 6.454015753734e-12 6.659301249461e-12 6.867625664147e-12 7.152891945148e-12 
4.434183731011e-12 2.547587136200e-09 1.159695475731e-11 1.318763343070e-11 1.432930258563e-11 1.523481196988e-11 1.601081067381e-11 1.672524467999e-11 1.745026533536e-11 1.844308339300e-11 
5.187224820682e-12 1.159695475731e-11 2.554206316584e-09 1.863942287870e-11 2.077339774641e-11 2.245763603382e-11 2.389786914522e-11 2.522389990719e-11 2.656970888860e-11 2.841265453637e-11 
5.643423680413e-12 1.318763343070e-11 1.863942287870e-11 2.561398587804e-09 2.626753532868e-11 2.893602747648e-11 3.120319593116e-11 3.328576749142e-11 3.539949490809e-11 3.829432510951e-11 
5.970782729737e-12 1.432930258563e-11 2.077339774641e-11 2.626753532868e-11 2.569427306231e-09 3.485061883657e-11 3.817293087445e-11 4.120291237650e-11 4.427278821584e-11 4.847841068803e-11 
6.231014550823e-12 1.523481196988e-11 2.245763603382e-11 2.893602747648e-11 3.485061883657e-11 2.578588688290e-09 4.473010548911e-11 4.893114301446e-11 5.315259036796e-11 5.893332682837e-11 
6.454015753734e-12 1.601081067381e-11 2.389786914522e-11 3.120319593116e-11 3.817293087445e-11 4.473010548911e-11 2.589304282653e-09 5.651419110238e-11 6.215565195185e-11 6.981459987265e-11 
6.659301249461e-12 1.672524467999e-11 2.522389990719e-11 3.328576749142e-11 4.120291237650e-11 4.893114301446e-11 5.651419110238e-11 2.602533034388e-09 7.166463817985e-11 8.164051709520e-11 
6.867625664147e-12 1.745026533536e-11 2.656970888860e-11 3.539949490809e-11 4.427278821584e-11 5.315259036796e-11 6.215565195185e-11 7.166463817985e-11 2.620716446296e-09 9.580597401875e-11 
7.152891945148e-12 1.844308339300e-11 2.841265453637e-11 3.829432510951e-11 4.847841068803e-11 5.893332682837e-11 6.981459987265e-11 8.164051709520e-11 9.580597401875e-11 2.656744116860e-09 
