1.6476030981554959e-08 6.8047325816338826e-09 4.9666211147805428e-09 3.8683724224150659e-09 3.0798233895239499e-09 2.4534994108003154e-09 1.9185082210955740e-09 1.4296399802239978e-09 9.4142248742010387e-10 2.8941569457860635e-10 
6.8047325816338826e-09 5.9024858562296096e-09 2.4771291099626942e-09 1.9472173965717738e-09 1.5668569297915487e-09 1.2647736911331645e-09 1.0066938089346650e-09 7.7081482351288656e-10 5.3528846328018398e-10 2.2165274426234109e-10 
4.9666211147805428e-09 2.4771291099626942e-09 4.3738174561167373e-09 1.4518588784592175e-09 1.1766545998516444e-09 9.5810037081653276e-10 7.7136105526644134e-10 6.0066100768646270e-10 4.3023613125415965e-10 2.0377396286002101e-10 
3.8683724224150659e-09 1.9472173965717738e-09 1.4518588784592175e-09 3.6943602878945804e-09 9.4351559095829853e-10 7.7486235631357449e-10 6.3074047472805009e-10 4.9898055845457730e-10 3.6745121873458123e-10 1.9307147762051489e-10 
3.0798233895239499e-09 1.5668569297915487e-09 1.1766545998516444e-09 9.4351559095829853e-10 3.3147793189653305e-09 6.4350529581726035e-10 5.2998983669394640e-10 4.2618983166323059e-10 3.2259313790589193e-10 1.8562005529161566e-10 
2.4534994108003154e-09 1.2647736911331645e-09 9.5810037081653276e-10 7.7486235631357449e-10 6.4350529581726035e-10 3.0776921475915629e-09 4.5003005613535836e-10 3.6843419582800403e-10 2.8701253617006222e-10 1.7974801558204463e-10 
1.9185082210955740e-09 1.0066938089346650e-09 7.7136105526644134e-10 6.3074047472805009e-10 5.2998983669394640e-10 4.5003005613535836e-10 2.9201344918309815e-09 3.1905647630494550e-10 2.5655293123421823e-10 1.7463226865190948e-10 
1.4296399802239978e-09 7.7081482351288656e-10 6.0066100768646270e-10 4.9898055845457730e-10 4.2618983166323059e-10 3.6843419582800403e-10 3.1905647630494550e-10 2.8123665571901128e-09 2.2873346637080461e-10 1.6986675126209406e-10 
9.4142248742010387e-10 5.3528846328018398e-10 4.3023613125415965e-10 3.6745121873458123e-10 3.2259313790589193e-10 2.8701253617006222e-10 2.5655293123421823e-10 2.2873346637080461e-10 2.7396541128869845e-09 1.6535335546761195e-10 
2.8941569457860635e-10 2.2165274426234109e-10 2.0377396286002101e-10 1.9307147762051489e-10 1.8562005529161566e-10 1.7974801558204463e-10 1.7463226865190948e-10 1.6986675126209406e-10 1.6535335546761195e-10 2.6998721174087579e-09 
