2.543947785926e-09 9.266975207913e-12 1.077816560311e-11 1.169255480027e-11 1.234879724053e-11 1.287049757775e-11 1.331756451808e-11 1.372912222494e-11 1.414678042976e-11 1.471870912160e-11 
9.266975207913e-12 2.557051786383e-09 2.339327138356e-11 2.645805488632e-11 2.865837464170e-11 3.040422391457e-11 3.190038797552e-11 3.327785093842e-11 3.467574894509e-11 3.659002875850e-11 
1.077816560311e-11 2.339327138356e-11 2.569711431157e-09 3.669025075353e-11 4.068328265442e-11 4.383785899983e-11 4.653629163575e-11 4.902075913365e-11 5.154229024968e-11 5.499534296370e-11 
1.169255480027e-11 2.645805488632e-11 3.669025075353e-11 2.583042358878e-09 5.067399814051e-11 5.554350244058e-11 5.968501962429e-11 6.349051531720e-11 6.735294852215e-11 7.264274497724e-11 
1.234879724053e-11 2.865837464170e-11 4.068328265442e-11 5.067399814051e-11 2.597541153847e-09 6.602215905283e-11 7.195122192739e-11 7.736442625355e-11 8.285019171257e-11 9.036529020012e-11 
1.287049757775e-11 3.040422391457e-11 4.383785899983e-11 5.554350244058e-11 6.602215905283e-11 2.613724731224e-09 8.332612993672e-11 9.068213496849e-11 9.808233046475e-11 1.082162338101e-10 
1.331756451808e-11 3.190038797552e-11 4.653629163575e-11 5.968501962429e-11 7.195122192739e-11 8.332612993672e-11 2.632297874415e-09 1.035978453772e-10 1.133175817195e-10 1.265246991900e-10 
1.372912222494e-11 3.327785093842e-11 4.902075913365e-11 6.349051531720e-11 7.736442625355e-11 9.068213496849e-11 1.035978453772e-10 2.654834696160e-09 1.292357682228e-10 1.461804456434e-10 
1.414678042976e-11 3.467574894509e-11 5.154229024968e-11 6.735294852215e-11 8.285019171257e-11 9.808233046475e-11 1.133175817195e-10 1.292357682228e-10 2.685291534596e-09 1.694653686047e-10 
1.471870912160e-11 3.659002875850e-11 5.499534296370e-11 7.264274497724e-11 9.036529020012e-11 1.082162338101e-10 1.265246991900e-10 1.461804456434e-10 1.694653686047e-10 2.744611130420e-09 
