2.7935368582190449e-07 1.3808496693867288e-07 1.0232028488204436e-07 8.0943998875325138e-08 6.5596153997185088e-08 5.3401754263717982e-08 4.2973743795849584e-08 3.3424023183459157e-08 2.3860720059091805e-08 1.1188312754956746e-08 
1.3808496693867288e-07 7.1926819557877563e-08 5.1676363307363017e-08 4.1089772428963702e-08 3.3489633918343377e-08 2.7451012699060159e-08 2.2286180709635736e-08 1.7554926585350992e-08 1.2815299245520850e-08 6.5444850855947428e-09 
1.0232028488204436e-07 5.1676363307363017e-08 4.1156450844134969e-08 3.0812707833132172e-08 2.5209627714435017e-08 2.0757720121805859e-08 1.6949562909270667e-08 1.3460364948741905e-08 9.9641324133912848e-09 5.3434288378709891e-09 
8.0943998875325138e-08 4.1089772428963702e-08 3.0812707833132172e-08 2.7208381084611544e-08 2.0260508572279001e-08 1.6756897445644080e-08 1.3759534779333118e-08 1.1012662684984383e-08 8.2595720075520598e-09 4.6250871342174342e-09 
6.5596153997185088e-08 3.3489633918343377e-08 2.5209627714435017e-08 2.0260508572279001e-08 1.9246916428309668e-08 1.3885927827947881e-08 1.1470749869982668e-08 9.2568440623514995e-09 7.0373482493595171e-09 4.1110300453609023e-09 
5.3401754263717982e-08 2.7451012699060159e-08 2.0757720121805859e-08 1.6756897445644080e-08 1.3885927827947881e-08 1.4143244486767545e-08 9.6523426666905528e-09 7.8618418187077934e-09 6.0661684379563639e-09 3.7024478293042152e-09 
4.2973743795849584e-08 2.2286180709635736e-08 1.6949562909270667e-08 1.3759534779333118e-08 1.1470749869982668e-08 9.6523426666905528e-09 1.0634352739130131e-08 6.6677376339346301e-09 5.2342255531578884e-09 3.3511935851099609e-09 
3.3424023183459157e-08 1.7554926585350992e-08 1.3460364948741905e-08 1.1012662684984383e-08 9.2568440623514995e-09 7.8618418187077934e-09 6.6677376339346301e-09 8.1106850202142819e-09 4.4710459719505955e-09 3.0268475590943361e-09 
2.3860720059091805e-08 1.2815299245520850e-08 9.9641324133912848e-09 8.2595720075520598e-09 7.0373482493595171e-09 6.0661684379563639e-09 5.2342255531578884e-09 4.4710459719505955e-09 6.2445147578547506e-09 2.7012957458298741e-09 
1.1188312754956746e-08 6.5444850855947428e-09 5.3434288378709891e-09 4.6250871342174342e-09 4.1110300453609023e-09 3.7024478293042152e-09 3.3511935851099609e-09 3.0268475590943361e-09 2.7012957458298741e-09 4.8326836154003645e-09 
