1.9003276709048107e-08 8.0491220704454958e-09 5.8803992036899024e-09 4.5845822964878997e-09 3.6541518655892783e-09 2.9151004629616279e-09 2.2837549963960262e-09 1.7067088926245637e-09 1.1301994289309764e-09 3.6054208106243764e-10 
8.0491220704454958e-09 6.5231264347554514e-09 2.9369861045985690e-09 2.3109935905313380e-09 1.8616554803326113e-09 1.5047724499592391e-09 1.1998433414189465e-09 9.2108056927566352e-10 6.4261406017608164e-10 2.7188905275890918e-10 
5.8803992036899024e-09 2.9369861045985690e-09 4.7166513349008509e-09 1.7247623630542241e-09 1.3993634045438235e-09 1.1409338080879825e-09 9.2010043684476614e-10 7.1818704018318134e-10 5.1650724916176325e-10 2.4855951133903812e-10 
4.5845822964878997e-09 2.3109935905313380e-09 1.7247623630542241e-09 3.9129629373529285e-09 1.1231497465159026e-09 9.2353897868576614e-10 7.5294437425154386e-10 5.9694488158769691e-10 4.4114351848644896e-10 2.3460267878111891e-10 
3.6541518655892783e-09 1.8616554803326113e-09 1.3993634045438235e-09 1.1231497465159026e-09 3.4635126130521314e-09 7.6769009088322608e-10 6.3317641322961060e-10 5.1014535057952998e-10 3.8729243612045471e-10 2.2485662543402921e-10 
2.9151004629616279e-09 1.5047724499592391e-09 1.1409338080879825e-09 9.2353897868576614e-10 7.6769009088322608e-10 3.1824240692107307e-09 5.3811669612560666e-10 4.4126863061263815e-10 3.4457432938063382e-10 2.1716875893281393e-10 
2.2837549963960262e-09 1.1998433414189465e-09 9.2010043684476614e-10 7.5294437425154386e-10 6.3317641322961060e-10 5.3811669612560666e-10 2.9953001903331582e-09 3.8237519011532506e-10 3.0800055661860558e-10 2.1048276018225231e-10 
1.7067088926245637e-09 9.2108056927566352e-10 7.1818704018318134e-10 5.9694488158769691e-10 5.1014535057952998e-10 4.4126863061263815e-10 3.8237519011532506e-10 2.8669648185471054e-09 2.7458238847638645e-10 2.0426162063416358e-10 
1.1301994289309764e-09 6.4261406017608164e-10 5.1650724916176325e-10 4.4114351848644896e-10 3.8729243612045471e-10 3.4457432938063382e-10 3.0800055661860558e-10 2.7458238847638645e-10 2.7799184659594796e-09 1.9831489812188629e-10 
3.6054208106243764e-10 2.7188905275890918e-10 2.4855951133903812e-10 2.3460267878111891e-10 2.2485662543402921e-10 2.1716875893281393e-10 2.1048276018225231e-10 2.0426162063416358e-10 1.9831489812188629e-10 2.7312249669985996e-09 
