6.1721560477438810e-08 2.9296353930759828e-08 2.1592989421213881e-08 1.6989243459955023e-08 1.3683464775075574e-08 1.1056997685624233e-08 8.8116775430062975e-09 6.7564787339190198e-09 4.6987011016838339e-09 1.9634114259624838e-09 
2.9296353930759828e-08 1.7195156869423753e-08 1.0882633847007049e-08 8.6271399394378971e-09 7.0079188006838190e-09 5.7214842702753599e-09 4.6215274162970635e-09 3.6144382869141967e-09 2.6059367260019792e-09 1.2680709732270058e-09 
2.1592989421213881e-08 1.0882633847007049e-08 1.0659730509900696e-08 6.4709415576232470e-09 5.2863336913544702e-09 4.3452136862122058e-09 3.5404200146166173e-09 2.8034360135061157e-09 2.0653386828449249e-09 1.0875899179459515e-09 
1.6989243459955023e-08 8.6271399394378971e-09 6.4709415576232470e-09 7.7208235603768014e-09 4.2575025669090567e-09 3.5227348178864090e-09 2.8943182006296414e-09 2.3187481830483010e-09 1.7422487404397206e-09 9.7971052567830763e-10 
1.3683464775075574e-08 7.0079188006838190e-09 5.2863336913544702e-09 4.2575025669090567e-09 6.0577668554561277e-09 2.9327800065434667e-09 2.4310348105394960e-09 1.9713736356380037e-09 1.5109288742285001e-09 9.0295997127931766e-10 
1.1056997685624233e-08 5.7214842702753599e-09 4.3452136862122058e-09 3.5227348178864090e-09 2.9327800065434667e-09 5.0026079138331326e-09 2.0630876744801846e-09 1.6955047786861590e-09 1.3272321004769929e-09 8.4205903465989055e-10 
8.8116775430062975e-09 4.6215274162970635e-09 3.5404200146166173e-09 2.8943182006296414e-09 2.4310348105394960e-09 2.0630876744801846e-09 4.2866846635672867e-09 1.4594241606522650e-09 1.1698759657760660e-09 7.8957456386172789e-10 
6.7564787339190198e-09 3.6144382869141967e-09 2.8034360135061157e-09 2.3187481830483010e-09 1.9713736356380037e-09 1.6955047786861590e-09 1.4594241606522650e-09 3.7814589009908846e-09 1.0256740671905561e-09 7.4102972577775594e-10 
4.6987011016838339e-09 2.6059367260019792e-09 2.0653386828449249e-09 1.7422487404397206e-09 1.5109288742285001e-09 1.3272321004769929e-09 1.1698759657760660e-09 1.0256740671905561e-09 3.4200161962287893e-09 6.9271255339635496e-10 
1.9634114259624838e-09 1.2680709732270058e-09 1.0875899179459515e-09 9.7971052567830763e-10 9.0295997127931766e-10 8.4205903465989055e-10 7.8957456386172789e-10 7.4102972577775594e-10 6.9271255339635496e-10 3.1733620381814454e-09 
