2.591664087591e-09 8.259812512280e-11 9.343029777333e-11 9.995914009400e-11 1.046458123472e-10 1.083718149141e-10 1.115647389134e-10 1.145040498050e-10 1.174869295222e-10 1.215715470318e-10 
8.259812512280e-11 2.685143928828e-09 1.764002477730e-10 1.950271479820e-10 2.084017982705e-10 2.190200142710e-10 2.281193799705e-10 2.364965788910e-10 2.449980280888e-10 2.566397984336e-10 
9.343029777333e-11 1.764002477730e-10 2.760074586230e-09 2.521012712231e-10 2.743324212110e-10 2.919184969786e-10 3.069665848532e-10 3.208208635204e-10 3.348815680833e-10 3.541365023135e-10 
9.995914009400e-11 1.950271479820e-10 2.521012712231e-10 2.832541302823e-09 3.261827505386e-10 3.517659413293e-10 3.735474533998e-10 3.935655172003e-10 4.138824487368e-10 4.417071267608e-10 
1.046458123472e-10 2.084017982705e-10 2.743324212110e-10 3.261827505386e-10 2.907188700187e-09 4.037946996181e-10 4.337015509760e-10 4.610207149040e-10 4.887053717897e-10 5.266306324772e-10 
1.083718149141e-10 2.190200142710e-10 2.919184969786e-10 3.517659413293e-10 4.037946996181e-10 2.987606207365e-09 4.887837753391e-10 5.248935980346e-10 5.612071574599e-10 6.109303849773e-10 
1.115647389134e-10 2.281193799705e-10 3.069665848532e-10 3.735474533998e-10 4.337015509760e-10 4.887837753391e-10 3.077944518064e-09 5.866996079167e-10 6.335671182014e-10 6.971600108973e-10 
1.145040498050e-10 2.364965788910e-10 3.208208635204e-10 3.935655172003e-10 4.610207149040e-10 5.248935980346e-10 5.866996079167e-10 3.186429167146e-09 7.097364471700e-10 7.902900703401e-10 
1.174869295222e-10 2.449980280888e-10 3.348815680833e-10 4.138824487368e-10 4.887053717897e-10 5.612071574599e-10 6.335671182014e-10 7.097364471700e-10 3.333430771835e-09 9.027966991882e-10 
1.215715470318e-10 2.566397984336e-10 3.541365023135e-10 4.417071267608e-10 5.266306324772e-10 6.109303849773e-10 6.971600108973e-10 7.902900703401e-10 9.027966991882e-10 3.625357119680e-09 
