2.0591539548799620e-08 8.8326528852096920e-09 6.4565305736703370e-09 5.0367709440430295e-09 4.0173327529081336e-09 3.2075611810915764e-09 2.5157614129624099e-09 1.8833820780726451e-09 1.2514537067091344e-09 4.0801018885783567e-10 
8.8326528852096920e-09 6.9144914434741383e-09 3.2272600526900702e-09 2.5408557108079428e-09 2.0481465078696337e-09 1.6568057603754285e-09 1.3224153183405631e-09 1.0166802511699892e-09 7.1119803712629973e-10 3.0458089495194071e-10 
6.4565305736703370e-09 3.2272600526900702e-09 4.9332285600661390e-09 1.8972986281454561e-09 1.5402870616862565e-09 1.2567428780055221e-09 1.0144340399777838e-09 7.9285617066283615e-10 5.7147934091918112e-10 2.7740343279542221e-10 
5.0367709440430295e-09 2.5408557108079428e-09 1.8972986281454561e-09 4.0512430142681069e-09 1.2368451893283755e-09 1.0177028733739796e-09 8.3040462391753364e-10 6.5910766780177297e-10 4.8798291954013916e-10 2.6114885545339981e-10 
4.0173327529081336e-09 2.0481465078696337e-09 1.5402870616862565e-09 1.2368451893283755e-09 3.5576738204060570e-09 8.4633196882156717e-10 6.9854225146734411e-10 5.6335005787726355e-10 4.2831529713125355e-10 2.4977779316870163e-10 
3.2075611810915764e-09 1.6568057603754285e-09 1.2567428780055221e-09 1.0177028733739796e-09 8.4633196882156717e-10 3.2487365550252403e-09 5.9387847244119469e-10 4.8736090249590918e-10 3.8097988681116144e-10 2.4080275695528871e-10 
2.5157614129624099e-09 1.3224153183405631e-09 1.0144340399777838e-09 8.3040462391753364e-10 6.9854225146734411e-10 5.9387847244119469e-10 3.0428431156346028e-09 4.2238108042814413e-10 3.4045061223462111e-10 2.3300506854147897e-10 
1.8833820780726451e-09 1.0166802511699892e-09 7.9285617066283615e-10 6.5910766780177297e-10 5.6335005787726355e-10 4.8736090249590918e-10 4.2238108042814413e-10 2.9013916133682712e-09 3.0340899366835984e-10 2.2575414387392812e-10 
1.2514537067091344e-09 7.1119803712629973e-10 5.7147934091918112e-10 4.8798291954013916e-10 4.2831529713125355e-10 3.8097988681116144e-10 3.4045061223462111e-10 3.0340899366835984e-10 2.8051269916978861e-09 2.1878861645525754e-10 
4.0801018885783567e-10 3.0458089495194071e-10 2.7740343279542221e-10 2.6114885545339981e-10 2.4977779316870163e-10 2.4080275695528871e-10 2.3300506854147897e-10 2.2575414387392812e-10 2.1878861645525754e-10 2.7505238189103622e-09 
