2.2472483256615821e-08 9.7618788745209059e-09 7.1404682274014746e-09 5.5741199092035731e-09 4.4494116996234620e-09 3.5559975118711983e-09 2.7926924035604490e-09 2.0948564386422829e-09 1.3973611903082912e-09 4.6666677678224377e-10 
9.7618788745209059e-09 7.3791261759210221e-09 3.5721318221941317e-09 2.8141556422532807e-09 2.2700628544916370e-09 1.8378975765983182e-09 1.4686000062996885e-09 1.1309025891262667e-09 7.9340131724431795e-10 3.4426387461003713e-10 
7.1404682274014746e-09 3.5721318221941317e-09 5.1906848104015526e-09 2.1025143358859712e-09 1.7080038169277010e-09 1.3946677603212342e-09 1.1268823091266274e-09 8.8197295609717540e-10 6.3722167864565577e-10 3.1215141990420186e-10 
5.5741199092035731e-09 2.8141556422532807e-09 2.1025143358859712e-09 4.2157725728368460e-09 1.3721746935616441e-09 1.1298333083648526e-09 9.2269365345388734e-10 7.3322297647543564e-10 5.4388994255604373e-10 2.9294959777287957e-10 
4.4494116996234620e-09 2.2700628544916370e-09 1.7080038169277010e-09 1.3721746935616441e-09 3.6697667598874384e-09 9.3996353934451146e-10 7.7638012409180077e-10 6.2671841422651184e-10 4.7718609398352692e-10 2.7949025241185199e-10 
3.5559975118711983e-09 1.8378975765983182e-09 1.3946677603212342e-09 1.1298333083648526e-09 9.3996353934451146e-10 3.3276734341821500e-09 6.6023998052914351e-10 5.4219571894141324e-10 4.2426442732260927e-10 2.6886011137643714e-10 
2.7926924035604490e-09 1.4686000062996885e-09 1.1268823091266274e-09 9.2269365345388734e-10 7.7638012409180077e-10 6.6023998052914351e-10 3.0993829853924489e-09 4.6991291389828098e-10 3.7894941879567752e-10 2.5963403961182044e-10 
2.0948564386422829e-09 1.1309025891262667e-09 8.8197295609717540e-10 7.3322297647543564e-10 6.2671841422651184e-10 5.4219571894141324e-10 4.6991291389828098e-10 2.9422279407626155e-09 3.3752260833849404e-10 2.5106063162917365e-10 
1.3973611903082912e-09 7.9340131724431795e-10 6.3722167864565577e-10 5.4388994255604373e-10 4.7718609398352692e-10 4.2426442732260927e-10 3.7894941879567752e-10 3.3752260833849404e-10 2.8348590374542062e-09 2.4278313524902667e-10 
4.6666677678224377e-10 3.4426387461003713e-10 3.1215141990420186e-10 2.9294959777287957e-10 2.7949025241185199e-10 2.6886011137643714e-10 2.5963403961182044e-10 2.5106063162917365e-10 2.4278313524902667e-10 2.7729803728273863e-09 
