2.4083415090310800e-07 1.1892199393130226e-07 8.8147622012627880e-08 6.9753983768983700e-08 5.6547456988403318e-08 4.6054238224131674e-08 3.7080881690661452e-08 2.8862495356333132e-08 2.0628599882987464e-08 9.7166611566632035e-09 
1.1892199393130226e-07 6.2332998087504233e-08 4.4549810726396851e-08 3.5437933373603579e-08 2.8896443328165199e-08 2.3698890746646339e-08 1.9253368192381549e-08 1.5180646274166266e-08 1.1098947340072782e-08 5.6975233798771047e-09 
8.8147622012627880e-08 4.4549810726396851e-08 3.5846754293671336e-08 2.6588997358451287e-08 2.1765480161085851e-08 1.7932926666900756e-08 1.4654521766507817e-08 1.1650419422621204e-08 8.6390203999953532e-09 4.6580063661056737e-09 
6.9753983768983700e-08 3.5437933373603579e-08 2.6588997358451287e-08 2.3838312893367395e-08 1.7503192661395194e-08 1.4486430446931728e-08 1.1905536081317522e-08 9.5401057675271262e-09 7.1683970687071959e-09 4.0363202098905879e-09 
5.6547456988403318e-08 2.8896443328165199e-08 2.1765480161085851e-08 1.7503192661395194e-08 1.6982563599905639e-08 1.2013267051821173e-08 9.9332238880650350e-09 8.0263482410234240e-09 6.1139625092628188e-09 3.5914877771186231e-09 
4.6054238224131674e-08 2.3698890746646339e-08 1.7932926666900756e-08 1.4486430446931728e-08 1.2013267051821173e-08 1.2586653502608813e-08 8.3662460709490837e-09 6.8236680778463840e-09 5.2761196936039042e-09 3.2379486334501847e-09 
3.7080881690661452e-08 1.9253368192381549e-08 1.4654521766507817e-08 1.1905536081317522e-08 9.9332238880650350e-09 8.3662460709490837e-09 9.5634460130666786e-09 5.7941722129584683e-09 4.5583838020464946e-09 2.9340131794782744e-09 
2.8862495356333132e-08 1.5180646274166266e-08 1.1650419422621204e-08 9.5401057675271262e-09 8.0263482410234240e-09 6.8236680778463840e-09 5.7941722129584683e-09 7.3880549805220537e-09 3.8998986937701671e-09 2.6533560764053290e-09 
2.0628599882987464e-08 1.1098947340072782e-08 8.6390203999953532e-09 7.1683970687071959e-09 6.1139625092628188e-09 5.2761196936039042e-09 4.5583838020464946e-09 3.8998986937701671e-09 5.7781693480196799e-09 2.3717571811005584e-09 
9.7166611566632035e-09 5.6975233798771047e-09 4.6580063661056737e-09 4.0363202098905879e-09 3.5914877771186231e-09 3.2379486334501847e-09 2.9340131794782744e-09 2.6533560764053290e-09 2.3717571811005584e-09 4.5570248712985305e-09 
