2.543948553690e-09 9.268054222576e-12 1.077965656678e-11 1.169435268687e-11 1.235082343078e-11 1.287270529766e-11 1.331992759904e-11 1.373162830106e-11 1.414943161944e-11 1.472155903248e-11 
9.268054222576e-12 2.557052531311e-09 2.339434693760e-11 2.645976497230e-11 2.866070704214e-11 3.040707009049e-11 3.190366960856e-11 3.328153199439e-11 3.467983520159e-11 3.659466990664e-11 
1.077965656678e-11 2.339434693760e-11 2.569712282182e-09 3.669152954160e-11 4.068547290808e-11 4.384097709748e-11 4.654021005157e-11 4.902540438183e-11 5.154767074253e-11 5.500173007056e-11 
1.169435268687e-11 2.645976497230e-11 3.669152954160e-11 2.583043346015e-09 5.067547233773e-11 5.554599210578e-11 5.968857120597e-11 6.349504879302e-11 6.735846568405e-11 7.264960569097e-11 
1.235082343078e-11 2.866070704214e-11 4.068547290808e-11 5.067547233773e-11 2.597542165549e-09 6.602357310896e-11 7.195362060798e-11 7.736793638915e-11 8.285481935179e-11 9.037142466162e-11 
1.287270529766e-11 3.040707009049e-11 4.384097709748e-11 5.554599210578e-11 6.602357310896e-11 2.613725578218e-09 8.332735320075e-11 9.068440985173e-11 9.808584779789e-11 1.082213781875e-10 
1.331992759904e-11 3.190366960856e-11 4.654021005157e-11 5.968857120597e-11 7.195362060798e-11 8.332735320075e-11 2.632298511412e-09 1.035989386746e-10 1.133199471315e-10 1.265287971811e-10 
1.373162830106e-11 3.328153199439e-11 4.902540438183e-11 6.349504879302e-11 7.736793638915e-11 9.068440985173e-11 1.035989386746e-10 2.654835126345e-09 1.292368885766e-10 1.461830940437e-10 
1.414943161944e-11 3.467983520159e-11 5.154767074253e-11 6.735846568405e-11 8.285481935179e-11 9.808584779789e-11 1.133199471315e-10 1.292368885766e-10 2.685292314305e-09 1.694663496392e-10 
1.472155903248e-11 3.659466990664e-11 5.500173007056e-11 7.264960569097e-11 9.037142466162e-11 1.082213781875e-10 1.265287971811e-10 1.461830940437e-10 1.694663496392e-10 2.744613480962e-09 
