4.1767360937122576e-07 2.0737218167410403e-07 1.5381370384885257e-07 1.2180310803301575e-07 9.8821072292577374e-08 8.0561601600555517e-08 6.4946579514575547e-08 5.0645050132615022e-08 3.6328381373209260e-08 1.7339268261225778e-08 
2.0737218167410403e-07 1.0683267099206158e-07 7.7719288422723818e-08 6.1835641264118789e-08 5.0433104751066324e-08 4.1373538596133777e-08 3.3624676930190964e-08 2.6525530801442495e-08 1.9416021344945740e-08 9.9997667241273698e-09 
1.5381370384885257e-07 7.7719288422723818e-08 6.0638287202684766e-08 4.6373103676698987e-08 3.7955182427439808e-08 3.1266879525724302e-08 2.5545562463164539e-08 2.0302887891702732e-08 1.5051075002648428e-08 8.1022619625636115e-09 
1.2180310803301575e-07 6.1835641264118789e-08 4.6373103676698987e-08 3.9669477154000952e-08 3.0496979880397643e-08 2.5225815980475508e-08 2.0716193272480769e-08 1.6583020463388426e-08 1.2441463749375467e-08 6.9673140911760091e-09 
9.8821072292577374e-08 5.0433104751066324e-08 3.7955182427439808e-08 3.0496979880397643e-08 2.7682569693682816e-08 2.0890692347999396e-08 1.7251065958725098e-08 1.3914435212184929e-08 1.0570022842433636e-08 6.1547072458323833e-09 
8.0561601600555517e-08 4.1373538596133777e-08 3.1266879525724302e-08 2.5225815980475508e-08 2.0890692347999396e-08 1.9984662739993250e-08 1.4498044032217549e-08 1.1794188606126178e-08 9.0829109257550433e-09 5.5087476641860248e-09 
6.4946579514575547e-08 3.3624676930190964e-08 2.5545562463164539e-08 2.0716193272480769e-08 1.7251065958725098e-08 1.4498044032217549e-08 1.4680055721736767e-08 9.9792740792375723e-09 7.8090435788731633e-09 4.9536057532045251e-09 
5.0645050132615022e-08 2.6525530801442495e-08 2.0302887891702732e-08 1.6583020463388426e-08 1.3914435212184929e-08 1.1794188606126178e-08 9.9792740792375723e-09 1.0852557386085000e-08 6.6404060736731347e-09 4.4412352644922924e-09 
3.6328381373209260e-08 1.9416021344945740e-08 1.5051075002648428e-08 1.2441463749375467e-08 1.0570022842433636e-08 9.0829109257550433e-09 7.8090435788731633e-09 6.6404060736731347e-09 8.0072218462689908e-09 3.9265150775787487e-09 
1.7339268261225778e-08 9.9997667241273698e-09 8.1022619625636115e-09 6.9673140911760091e-09 6.1547072458323833e-09 5.5087476641860248e-09 4.9536057532045251e-09 4.4412352644922924e-09 3.9265150775787487e-09 5.8168519840023320e-09 
