3.3495811440064660e-07 1.6585456139254188e-07 1.2291693952575584e-07 9.7254345142171594e-08 7.8829709414228415e-08 6.4191084280053864e-08 5.1673638143233814e-08 4.0211370307665515e-08 2.8727862777298412e-08 1.3542580682359638e-08 
1.6585456139254188e-07 8.5881875278134290e-08 6.2071105908398179e-08 4.9356907037183122e-08 4.0229650197243928e-08 3.2977853060384458e-08 2.6775734041534177e-08 2.1094649442695273e-08 1.5401297725818567e-08 7.8835865048141599e-09 
1.2291693952575584e-07 6.2071105908398179e-08 4.8921766940136841e-08 3.7006658547756737e-08 3.0275752566605233e-08 2.4927862643050948e-08 2.0353522303159462e-08 1.6162556351002686e-08 1.1961631436341077e-08 6.4202269871803103e-09 
9.7254345142171594e-08 4.9356907037183122e-08 3.7006658547756737e-08 3.2163365573693075e-08 2.4326276486606202e-08 2.0116211908445530e-08 1.6514651615325517e-08 1.3214235045889188e-08 9.9052579132136357e-09 5.5449839048801994e-09 
7.8829709414228415e-08 4.0229650197243928e-08 3.0275752566605233e-08 2.4326276486606202e-08 2.2594789909132295e-08 1.6663433754530243e-08 1.3760339080872564e-08 1.1099280955252969e-08 8.4307165678347743e-09 4.9185291108775488e-09 
6.4191084280053864e-08 3.2977853060384458e-08 2.4927862643050948e-08 2.0116211908445530e-08 1.6663433754530243e-08 1.6458523086657643e-08 1.1572112965410671e-08 9.4189689766252158e-09 7.2590560464036019e-09 4.4206033984262530e-09 
5.1673638143233814e-08 2.6775734041534177e-08 2.0353522303159462e-08 1.6514651615325517e-08 1.3760339080872564e-08 1.1572112965410671e-08 1.2237655689926946e-08 7.9806999128848327e-09 6.2554038895589294e-09 3.9925513463937182e-09 
4.0211370307665515e-08 2.1094649442695273e-08 1.6162556351002686e-08 1.3214235045889188e-08 1.1099280955252969e-08 9.4189689766252158e-09 7.9806999128848327e-09 9.1996391702629137e-09 5.3346572150321334e-09 3.5972212114223502e-09 
2.8727862777298412e-08 1.5401297725818567e-08 1.1961631436341077e-08 9.9052579132136357e-09 8.4307165678347743e-09 7.2590560464036019e-09 6.2554038895589294e-09 5.3346572150321334e-09 6.9501496554127563e-09 3.2007224570920555e-09 
1.3542580682359638e-08 7.8835865048141599e-09 6.4202269871803103e-09 5.5449839048801994e-09 4.9185291108775488e-09 4.4206033984262530e-09 3.9925513463937182e-09 3.5972212114223502e-09 3.2007224570920555e-09 5.2431123759913661e-09 
