2.543449646187e-09 8.441419751980e-12 9.825928689610e-12 1.066386012448e-11 1.126522777070e-11 1.174330217552e-11 1.215298438302e-11 1.253012676675e-11 1.291285951520e-11 1.343696257733e-11 
8.441419751980e-12 2.555453546735e-09 2.141272889244e-11 2.423686062887e-11 2.626450871974e-11 2.787330116692e-11 2.925200488091e-11 3.052132807042e-11 3.180948229163e-11 3.357347977032e-11 
9.825928689610e-12 2.141272889244e-11 2.567129038894e-09 3.369787325029e-11 3.739242710493e-11 4.031103066383e-11 4.280751880514e-11 4.510605366967e-11 4.743888055683e-11 5.063351816774e-11 
1.066386012448e-11 2.423686062887e-11 3.369787325029e-11 2.579476342643e-09 4.666895484534e-11 5.118915319792e-11 5.503334360560e-11 5.856553564056e-11 6.215056798453e-11 6.706045753870e-11 
1.126522777070e-11 2.626450871974e-11 3.739242710493e-11 4.666895484534e-11 2.592950271973e-09 6.094964472201e-11 6.646884722985e-11 7.150736881384e-11 7.661328633898e-11 8.360805271099e-11 
1.174330217552e-11 2.787330116692e-11 4.031103066383e-11 5.118915319792e-11 6.094964472201e-11 2.608031521359e-09 7.709238301916e-11 8.395561427102e-11 9.085948744847e-11 1.003137133061e-10 
1.215298438302e-11 2.925200488091e-11 4.280751880514e-11 5.503334360560e-11 6.646884722985e-11 7.709238301916e-11 2.625379090525e-09 9.604267895628e-11 1.051292397711e-10 1.174749452486e-10 
1.253012676675e-11 3.052132807042e-11 4.510605366967e-11 5.856553564056e-11 7.150736881384e-11 8.395561427102e-11 9.604267895628e-11 2.646471337438e-09 1.200588869719e-10 1.359266706633e-10 
1.291285951520e-11 3.180948229163e-11 4.743888055683e-11 6.215056798453e-11 7.661328633898e-11 9.085948744847e-11 1.051292397711e-10 1.200588869719e-10 2.675032503338e-09 1.577995498918e-10 
1.343696257733e-11 3.357347977032e-11 5.063351816774e-11 6.706045753870e-11 8.360805271099e-11 1.003137133061e-10 1.174749452486e-10 1.359266706633e-10 1.577995498918e-10 2.730757015690e-09 
