1.8656917981272015e-08 7.8767966836585090e-09 5.7530869911226827e-09 4.4842180328287618e-09 3.5731661415409715e-09 2.8495312053700075e-09 2.2313852144202994e-09 1.6664538668722986e-09 1.1021473360767271e-09 3.4887007035057993e-10 
7.8767966836585090e-09 6.4363687828896977e-09 2.8723628161367377e-09 2.2596204702280152e-09 1.8198076481393462e-09 1.4705016722759641e-09 1.1720607875241661e-09 8.9925389713290336e-10 6.2678672517275973e-10 2.6410425370040334e-10 
5.7530869911226827e-09 2.8723628161367377e-09 4.6682453230947417e-09 1.6860639956295698e-09 1.3676423960446669e-09 1.1147626936473274e-09 8.9868202590858818e-10 7.0113182428432302e-10 5.0384716813080289e-10 2.4178600243489983e-10 
4.4842180328287618e-09 2.2596204702280152e-09 1.6860639956295698e-09 3.8818509657530436e-09 1.0974894511325382e-09 9.0221502475511264e-10 7.3533420103172633e-10 5.8274441346183265e-10 4.3037777685569474e-10 2.2843277802806404e-10 
3.5731661415409715e-09 1.8198076481393462e-09 1.3676423960446669e-09 1.0974894511325382e-09 3.4422061082190579e-09 7.4984662561077570e-10 6.1829944965424404e-10 4.9799236209929312e-10 3.7788338463108693e-10 2.1911497091084998e-10 
2.8495312053700075e-09 1.4705016722759641e-09 1.1147626936473274e-09 9.0221502475511264e-10 7.4984662561077570e-10 3.1673484615292704e-09 5.2541269979588923e-10 4.3074313628049648e-10 3.3624337400427778e-10 2.1176659577553408e-10 
2.2313852144202994e-09 1.1720607875241661e-09 8.9868202590858818e-10 7.3533420103172633e-10 6.1829944965424404e-10 5.2541269979588923e-10 2.9844580800507872e-09 3.7324413058129837e-10 3.0059398786273930e-10 2.0537301445177540e-10 
1.6664538668722986e-09 8.9925389713290336e-10 7.0113182428432302e-10 5.8274441346183265e-10 4.9799236209929312e-10 4.3074313628049648e-10 3.7324413058129837e-10 2.8591148782031498e-09 2.6802481271307946e-10 1.9942200648339567e-10 
1.1021473360767271e-09 6.2678672517275973e-10 5.0384716813080289e-10 4.3037777685569474e-10 3.7788338463108693e-10 3.3624337400427778e-10 3.0059398786273930e-10 2.6802481271307946e-10 2.7742152394323298e-09 1.9374632867373864e-10 
3.4887007035057993e-10 2.6410425370040334e-10 2.4178600243489983e-10 2.2843277802806404e-10 2.1911497091084998e-10 2.1176659577553408e-10 2.0537301445177540e-10 1.9942200648339567e-10 1.9374632867373864e-10 2.7269977936032609e-09 
