5.1087580058332200e-08 2.3984002678484818e-08 1.7653012240760175e-08 1.3869684309630966e-08 1.1153067842653089e-08 8.9947970811127935e-09 7.1499502059351700e-09 5.4616859705129976e-09 3.7718124073751973e-09 1.5243445925889346e-09 
2.3984002678484818e-08 1.4519477373836553e-08 8.8869883363867983e-09 7.0380283095759687e-09 5.7107091924799908e-09 4.6562436832636112e-09 3.7547363780661305e-09 2.9295283805108685e-09 2.1034455939613789e-09 1.0071284430493729e-09 
1.7653012240760175e-08 8.8869883363867983e-09 9.1655884908197960e-09 5.2766079505421199e-09 4.3072544988702915e-09 3.5371932586670666e-09 2.8787565702558717e-09 2.2759364501205053e-09 1.6724294538507872e-09 8.7272712760338095e-10 
1.3869684309630966e-08 7.0380283095759687e-09 5.2766079505421199e-09 6.7624922687622341e-09 3.4686017004021201e-09 2.8684821235035929e-09 2.3552836233126765e-09 1.8853527533366170e-09 1.4148518115192329e-09 7.9239858892190159e-10 
1.1153067842653089e-08 5.7107091924799908e-09 4.3072544988702915e-09 3.4686017004021201e-09 5.4053774720664580e-09 2.3888815231608568e-09 1.9799905704851503e-09 1.6054841763112407e-09 1.2305037122938422e-09 7.3535506119856987e-10 
8.9947970811127935e-09 4.6562436832636112e-09 3.5371932586670666e-09 2.8684821235035929e-09 2.3888815231608568e-09 4.5464062674763224e-09 1.6819608823120216e-09 1.3832561249040758e-09 1.0841344258985028e-09 6.9011693333796914e-10 
7.1499502059351700e-09 3.7547363780661305e-09 2.8787565702558717e-09 2.3552836233126765e-09 1.9799905704851503e-09 1.6819608823120216e-09 3.9654166309996273e-09 1.1931014982627625e-09 9.5876039769696832e-10 6.5109835621864701e-10 
5.4616859705129976e-09 2.9295283805108685e-09 2.2759364501205053e-09 1.8853527533366170e-09 1.6054841763112407e-09 1.3832561249040758e-09 1.1931014982627625e-09 3.5572887607661455e-09 8.4391070928265170e-10 6.1498783811641137e-10 
3.7718124073751973e-09 2.1034455939613789e-09 1.6724294538507872e-09 1.4148518115192329e-09 1.2305037122938422e-09 1.0841344258985028e-09 9.5876039769696832e-10 8.4391070928265170e-10 3.2677095474417780e-09 5.7916276559719794e-10 
1.5243445925889346e-09 1.0071284430493729e-09 8.7272712760338095e-10 7.9239858892190159e-10 7.3535506119856987e-10 6.9011693333796914e-10 6.5109835621864701e-10 6.1498783811641137e-10 5.7916276559719794e-10 3.0755385887324078e-09 
