4.3053721005555712e-08 1.9979539146842885e-08 1.4687191105148284e-08 1.1524633705180721e-08 9.2537545114365967e-09 7.4496553697390861e-09 5.9076880209653679e-09 4.4968478006929085e-09 3.0850187694480193e-09 1.2060750777965478e-09 
1.9979539146842885e-08 1.2505354324745707e-08 7.3859729744436722e-09 5.8436866917230996e-09 4.7365354702396228e-09 3.8570083914787828e-09 3.1051316352220934e-09 2.4170178916761615e-09 1.7283748220536672e-09 8.1394442613328071e-10 
1.4687191105148284e-08 7.3859729744436722e-09 8.0422286114970100e-09 4.3789667197159773e-09 3.5716471715058870e-09 2.9303323530290457e-09 2.3820295181309389e-09 1.8801361503499124e-09 1.3778306099340632e-09 7.1191351248291795e-10 
1.1524633705180721e-08 5.8436866917230996e-09 4.3789667197159773e-09 6.0421808713620032e-09 2.8755761086746965e-09 2.3765968899083011e-09 1.9499281435273257e-09 1.5593084649473160e-09 1.1683505979086839e-09 6.5093408310710775e-10 
9.2537545114365967e-09 4.7365354702396228e-09 3.5716471715058870e-09 2.8755761086746965e-09 4.9146771835846596e-09 1.9794908168865708e-09 1.6401788453391403e-09 1.3294625856147593e-09 1.0184720105713419e-09 6.0771415460463276e-10 
7.4496553697390861e-09 3.8570083914787828e-09 2.9303323530290457e-09 2.3765968899083011e-09 1.9794908168865708e-09 4.2025618526088464e-09 1.3942206945354891e-09 1.1469749061469964e-09 8.9948878705659871e-10 5.7345894285483773e-10 
5.9076880209653679e-09 3.1051316352220934e-09 2.3820295181309389e-09 1.9499281435273257e-09 1.6401788453391403e-09 1.3942206945354891e-09 3.7222503711576759e-09 9.9084018590543599e-10 7.9757747068372749e-10 5.4388746742291753e-10 
4.4968478006929085e-09 2.4170178916761615e-09 1.8801361503499124e-09 1.5593084649473160e-09 1.3294625856147593e-09 1.1469749061469964e-09 9.9084018590543599e-10 3.3862431134510067e-09 7.0425360491427674e-10 5.1650380775864426e-10 
3.0850187694480193e-09 1.7283748220536672e-09 1.3778306099340632e-09 1.1683505979086839e-09 1.0184720105713419e-09 8.9948878705659871e-10 7.9757747068372749e-10 7.0425360491427674e-10 3.1496347823471107e-09 4.8943100595733838e-10 
1.2060750777965478e-09 8.1394442613328071e-10 7.1191351248291795e-10 6.5093408310710775e-10 6.0771415460463276e-10 5.7345894285483773e-10 5.4388746742291753e-10 5.1650380775864426e-10 4.8943100595733838e-10 2.9967086333639247e-09 
