7.7888700119818528e-08 3.7365789757778267e-08 2.7575577925106402e-08 2.1724718600309879e-08 1.7523598356595328e-08 1.4185782927158182e-08 1.1332164275761252e-08 8.7198652238383391e-09 6.1040087317244427e-09 2.6301748435788295e-09 
3.7365789757778267e-08 2.1255216470450804e-08 1.3909324434847341e-08 1.1036271313591991e-08 8.9737411266836637e-09 7.3350959066175094e-09 5.9338968581460562e-09 4.6508351661630919e-09 3.3657821978090759e-09 1.6624706268299714e-09 
2.7575577925106402e-08 1.3909324434847341e-08 1.2924518249929375e-08 8.2803959638562745e-09 6.7689535411478772e-09 5.5681609011309575e-09 4.5412457027101734e-09 3.6007294577071636e-09 2.6586238190137175e-09 1.4115665179021818e-09 
2.1724718600309879e-08 1.1036271313591991e-08 8.2803959638562745e-09 9.1718974368087115e-09 5.4513518286447046e-09 4.5122090914019412e-09 3.7089497188455025e-09 2.9731361975689414e-09 2.2359795359627097e-09 1.2615831947634842e-09 
1.7523598356595328e-08 8.9737411266836637e-09 6.7689535411478772e-09 5.4513518286447046e-09 7.0443833343839830e-09 3.7547357727735475e-09 3.1120938868609078e-09 2.5232673373053114e-09 1.9332906939264109e-09 1.1547141751782598e-09 
1.4185782927158182e-08 7.3350959066175094e-09 5.5681609011309575e-09 4.5122090914019412e-09 3.7547357727735475e-09 5.6914667982003621e-09 2.6380307630214756e-09 2.1659710497307908e-09 1.6928879070156479e-09 1.0698771053412714e-09 
1.1332164275761252e-08 5.9338968581460562e-09 4.5412457027101734e-09 3.7089497188455025e-09 3.1120938868609078e-09 2.6380307630214756e-09 4.7707971601778247e-09 1.8601882601799654e-09 1.4869543755662263e-09 9.9681401546653337e-10 
8.7198652238383391e-09 4.6508351661630919e-09 3.6007294577071636e-09 2.9731361975689414e-09 2.5232673373053114e-09 2.1659710497307908e-09 1.8601882601799654e-09 4.1182676559097102e-09 1.2981828674576183e-09 9.2926342856340475e-10 
6.1040087317244427e-09 3.3657821978090759e-09 2.6586238190137175e-09 2.2359795359627097e-09 1.9332906939264109e-09 1.6928879070156479e-09 1.4869543755662263e-09 1.2981828674576183e-09 3.6478350022678051e-09 8.6186736054120294e-10 
2.6301748435788295e-09 1.6624706268299714e-09 1.4115665179021818e-09 1.2615831947634842e-09 1.1547141751782598e-09 1.0698771053412714e-09 9.9681401546653337e-10 9.2926342856340475e-10 8.6186736054120294e-10 3.3186389304496025e-09 
