1.6235915245372562e-06 8.0403459870628125e-07 5.9343373080802006e-07 4.6756899248579202e-07 3.7720658026876129e-07 3.0543084765108400e-07 2.4409485055485494e-07 1.8800363804763491e-07 1.3195502062395826e-07 5.7550337865549340e-08 
8.0403459870628125e-07 4.0431309446833532e-07 2.9807138683291457e-07 2.3609204618123064e-07 1.9160091085842063e-07 1.5626004944564705e-07 1.2605244372604190e-07 9.8418329552808659e-08 7.0798332583794797e-08 3.4209066353194415e-08 
5.9343373080802006e-07 2.9807138683291457e-07 2.2445855251003107e-07 1.7640650784197794e-07 1.4373743068550385e-07 1.1778660605572842e-07 9.5601693031730327e-08 7.5301884881917613e-08 5.5008817203591328e-08 2.8165601183420919e-08 
4.6756899248579202e-07 2.3609204618123064e-07 1.7640650784197794e-07 1.4327269489079939e-07 1.1513096690741592e-07 9.4791620102738629e-08 7.7400924996658930e-08 6.1484167569276822e-08 4.5569846036841500e-08 2.4551069429477241e-08 
3.7720658026876129e-07 1.9160091085842063e-07 1.4373743068550385e-07 1.1513096690741592e-07 9.7140835396349804e-08 7.8293284601265103e-08 6.4344835335850293e-08 5.1574717958540258e-08 3.8804230111749760e-08 2.1967515594161613e-08 
3.0543084765108400e-07 1.5626004944564705e-07 1.1778660605572842e-07 9.4791620102738629e-08 7.8293284601265103e-08 6.7725198086416905e-08 5.3973720131411002e-08 4.3702563611412344e-08 3.3428186024700612e-08 1.9912738755015983e-08 
2.4409485055485494e-07 1.2605244372604190e-07 9.5601693031730327e-08 7.7400924996658930e-08 6.4344835335850293e-08 5.3973720131411002e-08 4.7638396681219955e-08 3.6966309225017119e-08 2.8822927438762765e-08 1.8142522316690298e-08 
1.8800363804763491e-07 9.8418329552808659e-08 7.5301884881917613e-08 6.1484167569276822e-08 5.1574717958540258e-08 4.3702563611412344e-08 3.6966309225017119e-08 3.3331560928926550e-08 2.4603465822016046e-08 1.6505595415204277e-08 
1.3195502062395826e-07 7.0798332583794797e-08 5.5008817203591328e-08 4.5569846036841500e-08 3.8804230111749760e-08 3.3428186024700612e-08 2.8822927438762765e-08 2.4603465822016046e-08 2.2928950127572066e-08 1.4873617800625332e-08 
5.7550337865549340e-08 3.4209066353194415e-08 2.8165601183420919e-08 2.4551069429477241e-08 2.1967515594161613e-08 1.9912738755015983e-08 1.8142522316690298e-08 1.6505595415204277e-08 1.4873617800625332e-08 1.5429320510414508e-08 
