2.8701641279167801e-08 1.2843932750648036e-08 9.4116320812992169e-09 7.3607406480707193e-09 5.8881132974611553e-09 4.7182832619555844e-09 3.7186799833185578e-09 2.8045430841915045e-09 1.8904410019078940e-09 6.7201523967562227e-10 
1.2843932750648036e-08 8.9217420384134629e-09 4.7180212518789190e-09 3.7229840436983800e-09 3.0087163331243876e-09 2.4413562605028987e-09 1.9564631670342592e-09 1.5129244234634214e-09 1.0694171492667486e-09 4.7974891836522090e-10 
9.4116320812992169e-09 4.7180212518789190e-09 6.0465479621272463e-09 2.7850739506730485e-09 2.2661752415054381e-09 1.8540226262965125e-09 1.5017358846911215e-09 1.1794412289429206e-09 8.5717620132764924e-10 4.2949515493673567e-10 
7.3607406480707193e-09 3.7229840436983800e-09 2.7850739506730485e-09 4.7631314659631986e-09 1.8225085038492704e-09 1.5030865373079266e-09 1.2300237656298188e-09 9.8017085196885178e-10 7.3034934875620374e-10 3.9945684030767274e-10 
5.8881132974611553e-09 3.0087163331243876e-09 2.2661752415054381e-09 1.8225085038492704e-09 4.0427346041601874e-09 1.2514676865044781e-09 1.0353035919616241e-09 8.3746913871630895e-10 6.3967528759597224e-10 3.7830115597126359e-10 
4.7182832619555844e-09 2.4413562605028987e-09 1.8540226262965125e-09 1.5030865373079266e-09 1.2514676865044781e-09 3.5901282655427739e-09 8.8072119154041002e-10 7.2420321766492591e-10 5.6772098476801371e-10 3.6156671389638718e-10 
3.7186799833185578e-09 1.9564631670342592e-09 1.5017358846911215e-09 1.2300237656298188e-09 1.0353035919616241e-09 8.8072119154041002e-10 3.2869656001249164e-09 6.2732209852020315e-10 5.0610137806748015e-10 3.4707706102303856e-10 
2.8045430841915045e-09 1.5129244234634214e-09 1.1794412289429206e-09 9.8017085196885178e-10 8.3746913871630895e-10 7.2420321766492591e-10 6.2732209852020315e-10 3.0770835935438138e-09 4.4973218847175688e-10 3.3363290566840364e-10 
1.8904410019078940e-09 1.0694171492667486e-09 8.5717620132764924e-10 7.3034934875620374e-10 6.3967528759597224e-10 5.6772098476801371e-10 5.0610137806748015e-10 4.4973218847175688e-10 2.9321325465052155e-09 3.2050994642903467e-10 
6.7201523967562227e-10 4.7974891836522090e-10 4.2949515493673567e-10 3.9945684030767274e-10 3.7830115597126359e-10 3.6156671389638718e-10 3.4707706102303856e-10 3.3363290566840364e-10 3.2050994642903467e-10 2.8449490766278310e-09 
