5.4369322746189663e-08 2.5621059366314304e-08 1.8866115374255746e-08 1.4829398518961092e-08 1.1930842153160690e-08 9.6280066426542456e-09 7.6595277069486484e-09 5.8580161115411204e-09 4.0546435077155613e-09 1.6568094696663837e-09 
2.5621059366314304e-08 1.5343190988491226e-08 9.5010198791699278e-09 7.5267356854769686e-09 6.1094439159530222e-09 4.9834886691423293e-09 4.0208322347845978e-09 3.1395952026114592e-09 2.2573420261505224e-09 1.0867179384958304e-09 
1.8866115374255746e-08 9.5010198791699278e-09 9.6251660546756146e-09 5.6438695301096461e-09 4.6082460394907279e-09 3.7855285328444240e-09 3.0820468272266974e-09 2.4379450837128637e-09 1.7930434937275741e-09 9.3863733219173939e-10 
1.4829398518961092e-08 7.5267356854769686e-09 5.6438695301096461e-09 7.0571676955920236e-09 3.7111747495954727e-09 3.0696546067332265e-09 2.5210353705432298e-09 2.0186367643676311e-09 1.5155722868340959e-09 8.5013136985041766e-10 
1.1930842153160690e-08 6.1094439159530222e-09 4.6082460394907279e-09 3.7111747495954727e-09 5.6060247260770312e-09 2.5562133735745123e-09 2.1188129522326425e-09 1.7181674770316903e-09 1.3169649992419857e-09 7.8724239910662499e-10 
9.6280066426542456e-09 4.9834886691423293e-09 3.7855285328444240e-09 3.0696546067332265e-09 2.5562133735745123e-09 4.6868493835492040e-09 1.7993884057256156e-09 1.4795725524952466e-09 1.1592660941678577e-09 7.3735932764176560e-10 
7.6595277069486484e-09 4.0208322347845978e-09 3.0820468272266974e-09 2.5210353705432298e-09 2.1188129522326425e-09 1.7993884057256156e-09 4.0645296905182463e-09 1.2754068404973010e-09 1.0241856820293323e-09 6.9434630590612370e-10 
5.8580161115411204e-09 3.1395952026114592e-09 2.4379450837128637e-09 2.0186367643676311e-09 1.7181674770316903e-09 1.4795725524952466e-09 1.2754068404973010e-09 3.6267371245686660e-09 9.0043005686485284e-10 6.5454645581064424e-10 
4.0546435077155613e-09 2.2573420261505224e-09 1.7930434937275741e-09 1.5155722868340959e-09 1.3169649992419857e-09 1.1592660941678577e-09 1.0241856820293323e-09 9.0043005686485284e-10 3.3152977712657217e-09 6.1501939706523156e-10 
1.6568094696663837e-09 1.0867179384958304e-09 9.3863733219173939e-10 8.5013136985041766e-10 7.8724239910662499e-10 7.3735932764176560e-10 6.9434630590612370e-10 6.5454645581064424e-10 6.1501939706523156e-10 3.1067674311797559e-09 
