4.483176638812e-09 2.969083938551e-09 3.348898793400e-09 3.577886708009e-09 3.742258365894e-09 3.872936407932e-09 3.984918583689e-09 4.088006083200e-09 4.192621629933e-09 4.335877105498e-09 
2.969083938551e-09 7.760692711892e-09 6.278034617454e-09 6.940545721633e-09 7.416229227618e-09 7.793842131685e-09 8.117443399453e-09 8.415363755785e-09 8.717702960373e-09 9.131722187063e-09 
3.348898793400e-09 6.278034617454e-09 1.043257099880e-08 8.990260162858e-09 9.789851961479e-09 1.042224725161e-08 1.096336043917e-08 1.146155386162e-08 1.196717112790e-08 1.265957075880e-08 
3.577886708009e-09 6.940545721633e-09 8.990260162858e-09 1.304904625953e-08 1.167837386873e-08 1.260881348500e-08 1.340093842695e-08 1.412897366686e-08 1.486788727662e-08 1.587984773421e-08 
3.742258365894e-09 7.416229227618e-09 9.789851961479e-09 1.167837386873e-08 1.577519610008e-08 1.452398677412e-08 1.562138957562e-08 1.662417976461e-08 1.764055512496e-08 1.903285504850e-08 
3.872936407932e-09 7.793842131685e-09 1.042224725161e-08 1.260881348500e-08 1.452398677412e-08 1.873378434260e-08 1.765685301534e-08 1.898868957821e-08 2.032951336043e-08 2.216565677493e-08 
3.984918583689e-09 8.117443399453e-09 1.096336043917e-08 1.340093842695e-08 1.562138957562e-08 1.765685301534e-08 2.206365196649e-08 2.126478109791e-08 2.299653821916e-08 2.535102696583e-08 
4.088006083200e-09 8.415363755785e-09 1.146155386162e-08 1.412897366686e-08 1.662417976461e-08 1.898868957821e-08 2.126478109791e-08 2.604274966526e-08 2.576616753224e-08 2.874946374359e-08 
4.192621629933e-09 8.717702960373e-09 1.196717112790e-08 1.486788727662e-08 1.764055512496e-08 2.032951336043e-08 2.299653821916e-08 2.576616753224e-08 3.135085886362e-08 3.275020326570e-08 
4.335877105498e-09 9.131722187063e-09 1.265957075880e-08 1.587984773421e-08 1.903285504850e-08 2.216565677493e-08 2.535102696583e-08 2.874946374359e-08 3.275020326570e-08 4.155144966665e-08 
