2.550723183782e-09 2.026680431159e-11 2.338286648824e-11 2.526550450750e-11 2.661680992588e-11 2.769110053941e-11 2.861169869526e-11 2.945917508889e-11 3.031921350993e-11 3.149692096951e-11 
2.026680431159e-11 2.577700802956e-09 4.867454358733e-11 5.464705934281e-11 5.893587706385e-11 6.234000057948e-11 6.525724058768e-11 6.794298733338e-11 7.066857188431e-11 7.440097444897e-11 
2.338286648824e-11 4.867454358733e-11 2.602128522719e-09 7.392906857273e-11 8.143666320927e-11 8.737311945080e-11 9.245242529180e-11 9.712887364126e-11 1.018750196331e-10 1.083744943920e-10 
2.526550450750e-11 5.464705934281e-11 7.392906857273e-11 2.626921615135e-09 9.962313964657e-11 1.085314749743e-10 1.161145700511e-10 1.230839228586e-10 1.301574147465e-10 1.398447840589e-10 
2.661680992588e-11 5.893587706385e-11 8.143666320927e-11 9.962313964657e-11 2.653161101435e-09 1.271265453013e-10 1.377336402855e-10 1.474257727799e-10 1.572490573288e-10 1.707056951279e-10 
2.769110053941e-11 6.234000057948e-11 8.737311945080e-11 1.085314749743e-10 1.271265453013e-10 2.681834033096e-09 1.575446250739e-10 1.704741386414e-10 1.834898136573e-10 2.013131982794e-10 
2.861169869526e-11 6.525724058768e-11 9.245242529180e-11 1.161145700511e-10 1.377336402855e-10 1.575446250739e-10 2.714199957417e-09 1.926454757701e-10 2.094875194041e-10 2.323796532166e-10 
2.945917508889e-11 6.794298733338e-11 9.712887364126e-11 1.230839228586e-10 1.474257727799e-10 1.704741386414e-10 1.926454757701e-10 2.752939075922e-09 2.364861059611e-10 2.654907056547e-10 
3.031921350993e-11 7.066857188431e-11 1.018750196331e-10 1.301574147465e-10 1.572490573288e-10 1.834898136573e-10 2.094875194041e-10 2.364861059611e-10 2.804717222952e-09 3.045691480861e-10 
3.149692096951e-11 7.440097444897e-11 1.083744943920e-10 1.398447840589e-10 1.707056951279e-10 2.013131982794e-10 2.323796532166e-10 2.654907056547e-10 3.045691480861e-10 2.904706330637e-09 
