4.0679901526330970e-08 1.8799843374681334e-08 1.3815110253890958e-08 1.0836356279457853e-08 8.6974384697748875e-09 6.9981781029344809e-09 5.5458433088423591e-09 4.2170619119179692e-09 2.8873880112199772e-09 1.1172456997784545e-09 
1.8799843374681334e-08 1.1913189663842023e-08 6.9451836849823144e-09 5.4933466899740867e-09 4.4511208083873766e-09 3.6231737136127446e-09 2.9154042415124583e-09 2.2676829111843867e-09 1.6194900015346754e-09 7.5853194797148137e-10 
1.3815110253890958e-08 6.9451836849823144e-09 7.7125709179904585e-09 4.1157126451606465e-09 3.3560530540155404e-09 2.7526012801954786e-09 2.2366801167934280e-09 1.7644472895394713e-09 1.2918501553784399e-09 6.6515487653175447e-10 
1.0836356279457853e-08 5.4933466899740867e-09 4.1157126451606465e-09 5.8309615113936523e-09 2.7016994751922381e-09 2.2323878790588038e-09 1.8310953364901229e-09 1.4637240766834077e-09 1.0960564113836066e-09 6.0934707731864854e-10 
8.6974384697748875e-09 4.4511208083873766e-09 3.3560530540155404e-09 2.7016994751922381e-09 4.7707325635893045e-09 1.8593269686473177e-09 1.5403608849640736e-09 1.2482893587402507e-09 9.5598045971889158e-10 5.6981552548036759e-10 
6.9981781029344809e-09 3.6231737136127446e-09 2.7526012801954786e-09 2.2323878790588038e-09 1.8593269686473177e-09 4.1014996931923121e-09 1.3095058872095580e-09 1.0772478313657507e-09 8.4478336033669387e-10 5.3848936263131603e-10 
5.5458433088423591e-09 2.9154042415124583e-09 2.2366801167934280e-09 1.8310953364901229e-09 1.5403608849640736e-09 1.3095058872095580e-09 3.6504619032079351e-09 9.3090986441223871e-10 7.4954230928769423e-10 5.1143961345423941e-10 
4.2170619119179692e-09 2.2676829111843867e-09 1.7644472895394713e-09 1.4637240766834077e-09 1.2482893587402507e-09 1.0772478313657507e-09 9.3090986441223871e-10 3.3352980888184765e-09 6.6233452248991663e-10 4.8638715698008350e-10 
2.8873880112199772e-09 1.6194900015346754e-09 1.2918501553784399e-09 1.0960564113836066e-09 9.5598045971889158e-10 8.4478336033669387e-10 7.4954230928769423e-10 6.6233452248991663e-10 3.1138363886227731e-09 4.6164468866298442e-10 
1.1172456997784545e-09 7.5853194797148137e-10 6.6515487653175447e-10 6.0934707731864854e-10 5.6981552548036759e-10 5.3848936263131603e-10 5.1143961345423941e-10 4.8638715698008350e-10 4.6164468866298442e-10 2.9717664106658832e-09 
