2.543210369855e-09 8.047081828469e-12 9.371339028964e-12 1.017284601551e-11 1.074806397456e-11 1.120534912497e-11 1.159721642603e-11 1.195795893536e-11 1.232404871743e-11 1.282536153530e-11 
8.047081828469e-12 2.554694445321e-09 2.047217704401e-11 2.318159181662e-11 2.512676062235e-11 2.667007015818e-11 2.799265904583e-11 2.921032135180e-11 3.044604854521e-11 3.213825278071e-11 
9.371339028964e-12 2.047217704401e-11 2.565902643872e-09 3.227576748577e-11 3.582720386746e-11 3.863249525649e-11 4.103200540841e-11 4.324125947354e-11 4.548347705356e-11 4.855403268238e-11 
1.017284601551e-11 2.318159181662e-11 3.227576748577e-11 2.577780413797e-09 4.476274813290e-11 4.911506290734e-11 5.281614242273e-11 5.621678703689e-11 5.966831282722e-11 6.439536471227e-11 
1.074806397456e-11 2.512676062235e-11 3.582720386746e-11 4.476274813290e-11 2.590764110831e-09 5.853230113170e-11 6.385415565399e-11 6.871213180042e-11 7.363501656040e-11 8.037907571196e-11 
1.120534912497e-11 2.667007015818e-11 3.863249525649e-11 4.911506290734e-11 5.853230113170e-11 2.605316602765e-09 7.411774480547e-11 8.074364049734e-11 8.740820500761e-11 9.653479324013e-11 
1.159721642603e-11 2.799265904583e-11 4.103200540841e-11 5.281614242273e-11 6.385415565399e-11 7.411774480547e-11 2.622076268190e-09 9.243371536300e-11 1.012146023964e-10 1.131446323630e-10 
1.195795893536e-11 2.921032135180e-11 4.324125947354e-11 5.621678703689e-11 6.871213180042e-11 8.074364049734e-11 9.243371536300e-11 2.642473697832e-09 1.156691226165e-10 1.310181079470e-10 
1.232404871743e-11 3.044604854521e-11 4.548347705356e-11 5.966831282722e-11 7.363501656040e-11 8.740820500761e-11 1.012146023964e-10 1.156691226165e-10 2.670124562015e-09 1.522160276085e-10 
1.282536153530e-11 3.213825278071e-11 4.855403268238e-11 6.439536471227e-11 8.037907571196e-11 9.653479324013e-11 1.131446323630e-10 1.310181079470e-10 1.522160276085e-10 2.724118269397e-09 
