1.3993820704060359e-07 6.8418035337525919e-08 5.0636317534392183e-08 4.0008802809369026e-08 3.2378137463026671e-08 2.6315310344547781e-08 2.1131061802479969e-08 1.6383674864100560e-08 1.1628033981520556e-08 5.3205634509603864e-09 
6.8418035337525919e-08 3.6900481307475578e-08 2.5582089560948257e-08 2.0334550713819019e-08 1.6567342265837759e-08 1.3574189099178547e-08 1.1014315270327115e-08 8.6694715613204716e-09 6.3199017540083839e-09 3.2086740282988640e-09 
5.0636317534392183e-08 2.5582089560948257e-08 2.1660860190717567e-08 1.5261514212051689e-08 1.2490029855573697e-08 1.0288016427062456e-08 8.4045390781688542e-09 6.6789257394731218e-09 4.9494931781716816e-09 2.6620474970658786e-09 
4.0008802809369026e-08 2.0334550713819019e-08 1.5261514212051689e-08 1.4767949822789980e-08 1.0053139500689720e-08 8.3239277808219308e-09 6.8446683864397019e-09 5.4891285831433040e-09 4.1303207334920592e-09 2.3352053388081086e-09 
3.2378137463026671e-08 1.6567342265837759e-08 1.2490029855573697e-08 1.0053139500689720e-08 1.0842780420878160e-08 6.9147114106274792e-09 5.7257177011645012e-09 4.6358946468054504e-09 3.5432236642242785e-09 2.1016598511222416e-09 
2.6315310344547781e-08 1.3574189099178547e-08 1.0288016427062456e-08 8.3239277808219308e-09 6.9147114106274792e-09 8.3335507237144139e-09 4.8368128326090434e-09 3.9580841605438745e-09 3.0767981543007376e-09 1.9161143569962225e-09 
2.1131061802479969e-08 1.1014315270327115e-08 8.4045390781688542e-09 6.8446683864397019e-09 5.7257177011645012e-09 4.8368128326090434e-09 6.6144575327100855e-09 3.3779121118925893e-09 2.6772366139272299e-09 1.7565160088407042e-09 
1.6383674864100560e-08 8.6694715613204716e-09 6.6789257394731218e-09 5.4891285831433040e-09 4.6358946468054504e-09 3.9580841605438745e-09 3.3779121118925893e-09 5.3841638151937847e-09 2.3107598817815178e-09 1.6090874150189313e-09 
1.1628033981520556e-08 6.3199017540083839e-09 4.9494931781716816e-09 4.1303207334920592e-09 3.5432236642242785e-09 3.0767981543007376e-09 2.6772366139272299e-09 2.3107598817815178e-09 4.4820546980907241e-09 1.4613752139959294e-09 
5.3205634509603864e-09 3.2086740282988640e-09 2.6620474970658786e-09 2.3352053388081086e-09 2.1016598511222416e-09 1.9161143569962225e-09 1.7565160088407042e-09 1.6090874150189313e-09 1.4613752139959294e-09 3.8164642926211056e-09 
