2.5633787630850741e-08 1.1325185988273757e-08 8.2920272828368488e-09 6.4796439505323161e-09 5.1782758927189581e-09 4.1445113727858850e-09 3.2612294274706129e-09 2.4535715195499525e-09 1.6460940666262982e-09 5.6922570578607222e-10 
1.1325185988273757e-08 8.1612568380212793e-09 4.1529439664592038e-09 3.2746728834703252e-09 2.6442274448950107e-09 2.1434612581770434e-09 1.7155097758140662e-09 1.3241088630836898e-09 9.3281868520298529e-10 4.1233611308900388e-10 
8.2920272828368488e-09 4.1529439664592038e-09 5.6243914872717396e-09 2.4483201571786590e-09 1.9907202230092583e-09 1.6272659065943304e-09 1.3166240914213926e-09 1.0324683100786282e-09 7.4840439955697093e-10 3.7126566926895731e-10 
6.4796439505323161e-09 3.2746728834703252e-09 2.4483201571786590e-09 4.4930367101970006e-09 1.6002518737188111e-09 1.3188354757734850e-09 1.0782780634701103e-09 8.5819926252701992e-10 6.3820366569825761e-10 3.4671325538901731e-10 
5.1782758927189581e-09 2.6442274448950107e-09 1.9907202230092583e-09 1.6002518737188111e-09 3.8586451981600205e-09 1.0977012839056228e-09 9.0747866144872307e-10 7.3341174016884519e-10 5.5942898016312157e-10 3.2945576345244668e-10 
4.1445113727858850e-09 2.1434612581770434e-09 1.6272659065943304e-09 1.3188354757734850e-09 1.0977012839056228e-09 3.4605776355030300e-09 7.7189374028646973e-10 6.3437167288808523e-10 4.9692350378182763e-10 3.1581371727844379e-10 
3.2612294274706129e-09 1.7155097758140662e-09 1.3166240914213926e-09 1.0782780634701103e-09 9.0747866144872307e-10 7.7189374028646973e-10 3.1943965930388688e-09 5.4966536380926726e-10 4.4339858667904491e-10 3.0399014010565124e-10 
2.4535715195499525e-09 1.3241088630836898e-09 1.0324683100786282e-09 8.5819926252701992e-10 7.3341174016884519e-10 6.3437167288808523e-10 5.4966536380926726e-10 3.0105901122300598e-09 3.9444819468240105e-10 2.9301295625440584e-10 
1.6460940666262982e-09 9.3281868520298529e-10 7.4840439955697093e-10 6.3820366569825761e-10 5.5942898016312157e-10 4.9692350378182763e-10 4.4339858667904491e-10 3.9444819468240105e-10 2.8842646089153302e-09 2.8234512042363837e-10 
5.6922570578607222e-10 4.1233611308900388e-10 3.7126566926895731e-10 3.4671325538901731e-10 3.2945576345244668e-10 3.1581371727844379e-10 3.0399014010565124e-10 2.9301295625440584e-10 2.8234512042363837e-10 2.8097087602617568e-09 
