1.8566638797113657e-08 7.8332743790795033e-09 5.7215377896632903e-09 4.4598029027509876e-09 3.5538649163039415e-09 2.8342858290893606e-09 2.2195967553554893e-09 1.6578102261547160e-09 1.0966106968107028e-09 3.4740520379243866e-10 
7.8332743790795033e-09 6.4150585783528756e-09 2.8567417524625468e-09 2.2473892580602921e-09 1.8100052819699109e-09 1.4626253627196331e-09 1.1658265141939733e-09 8.9451377674651029e-10 6.2352205945494609e-10 2.6276230456309169e-10 
5.7215377896632903e-09 2.8567417524625468e-09 4.6567045495957015e-09 1.6769544893246544e-09 1.3602744320158801e-09 1.1087756305551552e-09 8.9387242173247743e-10 6.9739383443321557e-10 5.0116702717501044e-10 2.4047859682905973e-10 
4.4598029027509876e-09 2.2473892580602921e-09 1.6769544893246544e-09 3.8746014700424368e-09 1.0915719086776515e-09 8.9735361760670872e-10 7.3137351035905083e-10 5.7960361112163509e-10 4.2804603110790258e-10 2.2714613381833735e-10 
3.5538649163039415e-09 1.8100052819699109e-09 1.3602744320158801e-09 1.0915719086776515e-09 3.4373266253279311e-09 7.4579022742675739e-10 6.1494533128591597e-10 4.9527768790566081e-10 3.7579938744513093e-10 2.1784113582090124e-10 
2.8342858290893606e-09 1.4626253627196331e-09 1.1087756305551552e-09 8.9735361760670872e-10 7.4579022742675739e-10 3.1639301065000769e-09 5.2253904174392183e-10 4.2836584858939692e-10 3.3435541147549779e-10 2.1050251421023644e-10 
2.2195967553554893e-09 1.1658265141939733e-09 8.9387242173247743e-10 7.3137351035905083e-10 6.1494533128591597e-10 5.2253904174392183e-10 2.9819945485269607e-09 3.7115471050324293e-10 2.9887366202213151e-10 2.0411818654902315e-10 
1.6578102261547160e-09 8.9451377674651029e-10 6.9739383443321557e-10 5.7960361112163509e-10 4.9527768790566081e-10 4.2836584858939692e-10 3.7115471050324293e-10 2.8572875369494604e-09 2.6645647155055385e-10 1.9817638748137106e-10 
1.0966106968107028e-09 6.2352205945494609e-10 5.0116702717501044e-10 4.2804603110790258e-10 3.7579938744513093e-10 3.3435541147549779e-10 2.9887366202213151e-10 2.6645647155055385e-10 2.7727937567337273e-09 1.9250637625257913e-10 
3.4740520379243866e-10 2.6276230456309169e-10 2.4047859682905973e-10 2.2714613381833735e-10 2.1784113582090124e-10 2.1050251421023644e-10 2.0411818654902315e-10 1.9817638748137106e-10 1.9250637625257913e-10 2.7257398293060344e-09 
