1.8113704639863886e-08 7.6101445207661357e-09 5.5576302386280885e-09 4.3312852640388481e-09 3.4507616756462219e-09 2.7513746462937482e-09 2.1539450545884189e-09 1.6079539230221291e-09 1.0625705618066241e-09 3.3443459856660665e-10 
7.6101445207661357e-09 6.3037312330734529e-09 2.7742327660345871e-09 2.1821013013519557e-09 1.7570803648988035e-09 1.4195223041824894e-09 1.1311204349531453e-09 8.6749420663237609e-10 6.0419937306536222e-10 2.5367015172531058e-10 
5.5576302386280885e-09 2.7742327660345871e-09 4.5951797789612668e-09 1.6279692707008705e-09 1.3202897758877446e-09 1.0759411287710863e-09 8.6715149831683326e-10 6.7627014351671266e-10 4.8564827924178853e-10 2.3239776637843506e-10 
4.3312852640388481e-09 2.1821013013519557e-09 1.6279692707008705e-09 3.8353578209212076e-09 1.0593191684407888e-09 8.7065461675119551e-10 7.0942374732509484e-10 5.6200262843333197e-10 4.1479989866525151e-10 2.1966912652634058e-10 
3.4507616756462219e-09 1.7570803648988035e-09 1.3202897758877446e-09 1.0593191684407888e-09 3.4106206128023642e-09 7.2349068515292760e-10 5.9641502475605313e-10 4.8019954896988739e-10 3.6417817862978078e-10 2.1079027913664214e-10 
2.7513746462937482e-09 1.4195223041824894e-09 1.0759411287710863e-09 8.7065461675119551e-10 7.2349068515292760e-10 3.1451248951892324e-09 5.0672385544412040e-10 4.1529055045298245e-10 3.2402391220084557e-10 2.0378898200827436e-10 
2.1539450545884189e-09 1.1311204349531453e-09 8.6715149831683326e-10 7.0942374732509484e-10 5.9641502475605313e-10 5.0672385544412040e-10 2.9685027048390271e-09 3.5979317086017764e-10 2.8964696649653889e-10 1.9769624513417686e-10 
1.6079539230221291e-09 8.6749420663237609e-10 6.7627014351671266e-10 5.6200262843333197e-10 4.8019954896988739e-10 4.1529055045298245e-10 3.5979317086017764e-10 2.8474966151145652e-09 2.5824153158606430e-10 1.9202467785303650e-10 
1.0625705618066241e-09 6.0419937306536222e-10 4.8564827924178853e-10 4.1479989866525151e-10 3.6417817862978078e-10 3.2402391220084557e-10 2.8964696649653889e-10 2.5824153158606430e-10 2.7655882989753081e-09 1.8662117386996552e-10 
3.3443459856660665e-10 2.5367015172531058e-10 2.3239776637843506e-10 2.1966912652634058e-10 2.1079027913664214e-10 2.0378898200827436e-10 1.9769624513417686e-10 1.9202467785303650e-10 1.8662117386996552e-10 2.7201561848283155e-09 
