2.608386944029e-09 1.071023654701e-10 1.206890344041e-10 1.288764065373e-10 1.347536209651e-10 1.394261251975e-10 1.434301349286e-10 1.471161074109e-10 1.508567163552e-10 1.559789224407e-10 
1.071023654701e-10 2.725552381005e-09 2.238724388955e-10 2.469125856531e-10 2.634547509153e-10 2.765871609370e-10 2.878410577930e-10 2.982018149667e-10 3.087162464522e-10 3.231145505393e-10 
1.206890344041e-10 2.238724388955e-10 2.818082359922e-09 3.172071891930e-10 3.446120129183e-10 3.662870984022e-10 3.848328082959e-10 4.019072158460e-10 4.192360883260e-10 4.429664946197e-10 
1.288764065373e-10 2.469125856531e-10 3.172071891930e-10 2.907400147842e-09 4.085504211856e-10 4.401161103490e-10 4.669838893079e-10 4.916739073410e-10 5.167325685877e-10 5.510513818597e-10 
1.347536209651e-10 2.634547509153e-10 3.446120129183e-10 4.085504211856e-10 2.999624500502e-09 5.045948286964e-10 5.416262142577e-10 5.754387590456e-10 6.096999088551e-10 6.566354105467e-10 
1.394261251975e-10 2.765871609370e-10 3.662870984022e-10 4.401161103490e-10 5.045948286964e-10 3.099443455203e-09 6.103298160737e-10 6.552542289833e-10 7.004043121913e-10 7.622259061888e-10 
1.434301349286e-10 2.878410577930e-10 3.848328082959e-10 4.669838893079e-10 5.416262142577e-10 6.103298160737e-10 3.212239320270e-09 7.329228936615e-10 7.915441536593e-10 8.710276106089e-10 
1.471161074109e-10 2.982018149667e-10 4.019072158460e-10 4.916739073410e-10 5.754387590456e-10 6.552542289833e-10 7.329228936615e-10 3.348696088310e-09 8.881740287106e-10 9.894267490937e-10 
1.508567163552e-10 3.087162464522e-10 4.192360883260e-10 5.167325685877e-10 6.096999088551e-10 7.004043121913e-10 7.915441536593e-10 8.881740287106e-10 3.535397868721e-09 1.133665025193e-09 
1.559789224407e-10 3.231145505393e-10 4.429664946197e-10 5.510513818597e-10 6.566354105467e-10 7.622259061888e-10 8.710276106089e-10 9.894267490937e-10 1.133665025193e-09 3.910650851630e-09 
