2.565892497679e-09 4.394593217339e-11 5.018190017673e-11 5.394391749870e-11 5.664439115601e-11 5.879131120620e-11 6.063107510936e-11 6.232470757031e-11 6.404344443108e-11 6.639701427202e-11 
4.394593217339e-11 2.619786104653e-09 9.917295020420e-11 1.103972334515e-10 1.184574178607e-10 1.248562578726e-10 1.303398282788e-10 1.353882043396e-10 1.405114574671e-10 1.475271930322e-10 
5.018190017673e-11 9.917295020420e-11 2.665230224172e-09 1.454596834158e-10 1.591028429707e-10 1.698959386864e-10 1.791316730005e-10 1.876347533714e-10 1.962645109731e-10 2.080822478308e-10 
5.394391749870e-11 1.103972334515e-10 1.454596834158e-10 2.709877188523e-09 1.912781455444e-10 2.071145951938e-10 2.206001026501e-10 2.329950363612e-10 2.455750569860e-10 2.628037009973e-10 
5.664439115601e-11 1.184574178607e-10 1.591028429707e-10 1.912781455444e-10 2.756168938927e-09 2.394695148297e-10 2.580380106110e-10 2.750084295706e-10 2.922084528269e-10 3.157700920685e-10 
5.879131120620e-11 1.248562578726e-10 1.698959386864e-10 2.071145951938e-10 2.394695148297e-10 2.806079338494e-09 2.921864212576e-10 3.145921727594e-10 3.371453045990e-10 3.680280965185e-10 
6.063107510936e-11 1.303398282788e-10 1.791316730005e-10 2.206001026501e-10 2.580380106110e-10 2.921864212576e-10 2.861969638556e-09 3.526381233540e-10 3.816298878081e-10 4.210189397645e-10 
6.232470757031e-11 1.353882043396e-10 1.876347533714e-10 2.329950363612e-10 2.750084295706e-10 3.145921727594e-10 3.526381233540e-10 2.928583726035e-09 4.279260804673e-10 4.775834340652e-10 
6.404344443108e-11 1.405114574671e-10 1.962645109731e-10 2.455750569860e-10 2.922084528269e-10 3.371453045990e-10 3.816298878081e-10 4.279260804673e-10 3.017637805083e-09 5.447385683608e-10 
6.639701427202e-11 1.475271930322e-10 2.080822478308e-10 2.628037009973e-10 3.157700920685e-10 3.680280965185e-10 4.210189397645e-10 4.775834340652e-10 5.447385683608e-10 3.190627721208e-09 
