6.543852591517e-07 2.334238568938e-07 4.477130725492e-08 5.861399004890e-09 5.482612096753e-10 3.380334909534e-11 1.183280893064e-12 1.768098093043e-14 6.117862536205e-17 8.182199235046e-21 
2.334238568938e-07 5.775286341847e-07 3.187107648428e-07 9.836868570982e-08 1.911071595087e-08 2.358485078808e-09 1.669298375067e-10 5.222756766042e-12 4.099014978826e-14 1.452686054221e-17 
4.477130725492e-08 3.187107648428e-07 5.037183862357e-07 3.175878043318e-07 1.193263230916e-07 2.670319808841e-08 3.338676914232e-09 1.885008582035e-10 2.896897887070e-12 2.384872303023e-15 
5.861399004890e-09 9.836868570982e-08 3.175878043318e-07 4.537180323165e-07 3.009967280123e-07 1.205778740851e-07 2.615111730490e-08 2.578631525448e-09 7.360415621753e-11 1.329734494325e-13 
5.482612096753e-10 1.911071595087e-08 1.193263230916e-07 3.009967280123e-07 4.182127853601e-07 2.789982360907e-07 1.068217771287e-07 1.880316136331e-08 1.002837388715e-09 3.943832487877e-12 
3.380334909534e-11 2.358485078808e-09 2.670319808841e-08 1.205778740851e-07 2.789982360907e-07 3.859525675920e-07 2.492451457029e-07 8.210314004560e-08 8.587169201873e-09 7.693087710182e-11 
1.183280893064e-12 1.669298375067e-10 3.338676914232e-09 2.615111730490e-08 1.068217771287e-07 2.492451457029e-07 3.571135713845e-07 2.158596106974e-07 4.804858424991e-08 1.090767871779e-09 
1.768098093043e-14 5.222756766042e-12 1.885008582035e-10 2.578631525448e-09 1.880316136331e-08 8.210314004560e-08 2.158596106974e-07 3.343852339200e-07 1.651265102254e-07 1.147106522596e-08 
6.117862536205e-17 4.099014978826e-14 2.896897887070e-12 7.360415621753e-11 1.002837388715e-09 8.587169201873e-09 4.804858424991e-08 1.651265102254e-07 2.983122408435e-07 8.230970034059e-08 
8.182199235046e-21 1.452686054221e-17 2.384872303023e-15 1.329734494325e-13 3.943832487877e-12 7.693087710182e-11 1.090767871779e-09 1.147106522596e-08 8.230970034059e-08 2.044432281237e-07 
