5.985574014440e-08 1.516080927947e-08 3.094779366345e-09 4.133599053213e-10 3.856177501761e-11 2.333312927624e-12 7.875599690616e-14 1.120043980815e-15 3.638462586606e-18 4.265408118631e-22 
1.516080927947e-08 6.587948292468e-08 2.241281992271e-08 6.935077526306e-09 1.330533477721e-09 1.596773531241e-10 1.084812704745e-11 3.234046109506e-13 2.380264644526e-15 7.372542043354e-19 
3.094779366345e-09 2.241281992271e-08 6.175375480610e-08 2.222071381462e-08 8.180234736833e-09 1.771171100826e-09 2.124880611496e-10 1.144038444080e-11 1.642039674489e-13 1.180279231320e-16 
4.133599053213e-10 6.935077526306e-09 2.222071381462e-08 5.749292382643e-08 2.017922716770e-08 7.812545940509e-09 1.629297352979e-09 1.532372583425e-10 4.063512022444e-12 6.422442165779e-15 
3.856177501761e-11 1.330533477721e-09 8.180234736833e-09 2.017922716770e-08 5.362433377505e-08 1.760653919633e-08 6.497688250671e-09 1.089399403023e-09 5.370857867915e-11 1.859728049821e-13 
2.333312927624e-12 1.596773531241e-10 1.771171100826e-09 7.812545940509e-09 1.760653919633e-08 5.012119609983e-08 1.472109571228e-08 4.599703192039e-09 4.433223598144e-10 3.540698290606e-12 
7.875599690616e-14 1.084812704745e-11 2.124880611496e-10 1.629297352979e-09 6.497688250671e-09 1.472109571228e-08 4.686501361110e-08 1.154695852001e-08 2.371342990932e-09 4.891227897415e-11 
1.120043980815e-15 3.234046109506e-13 1.144038444080e-11 1.532372583425e-10 1.089399403023e-09 4.599703192039e-09 1.154695852001e-08 4.360808027239e-08 7.729652235617e-09 4.986558303359e-10 
3.638462586606e-18 2.380264644526e-15 1.642039674489e-13 4.063512022444e-12 5.370857867915e-11 4.433223598144e-10 2.371342990932e-09 7.729652235617e-09 4.014678949463e-08 3.413307354860e-09 
4.265408118631e-22 7.372542043354e-19 1.180279231320e-16 6.422442165779e-15 1.859728049821e-13 3.540698290606e-12 4.891227897415e-11 4.986558303359e-10 3.413307354860e-09 3.476933973776e-08 
