2.104090179763e-07 7.118422799618e-08 1.322063560400e-08 1.656451207168e-09 1.476917140518e-10 8.670142617151e-12 2.871328882648e-13 4.035887308940e-15 1.323795900855e-17 1.590167116418e-21 
7.118422799618e-08 1.915808977820e-07 9.119478295606e-08 2.692929733632e-08 4.993676272039e-09 5.865583954325e-10 3.925751050522e-11 1.166799435005e-12 8.702919718986e-15 2.768213155565e-18 
1.322063560400e-08 9.119478295606e-08 1.592730083571e-07 8.405404810862e-08 3.026141872880e-08 6.451049475768e-09 7.663327560328e-10 4.143201626145e-11 6.028255399749e-13 4.467908651503e-16 
1.656451207168e-09 2.692929733632e-08 8.405404810862e-08 1.368420772600e-07 7.379852972308e-08 2.825683941581e-08 5.875912319101e-09 5.575535275689e-10 1.498137877961e-11 2.453922104144e-14 
1.476917140518e-10 4.993676272039e-09 3.026141872880e-08 7.379852972308e-08 1.202699902317e-07 6.346032780491e-08 2.352022738626e-08 3.984123834150e-09 1.991135565586e-10 7.181172412630e-13 
8.670142617151e-12 5.865583954325e-10 6.451049475768e-09 2.825683941581e-08 6.346032780491e-08 1.074218715351e-07 5.363566030992e-08 1.691776410233e-08 1.657502896730e-09 1.384096270600e-11 
2.871328882648e-13 3.925751050522e-11 7.663327560328e-10 5.875912319101e-09 2.352022738626e-08 5.363566030992e-08 9.669557396211e-08 4.281685772699e-08 8.990519794196e-09 1.941631013097e-10 
4.035887308940e-15 1.166799435005e-12 4.143201626145e-11 5.575535275689e-10 3.984123834150e-09 1.691776410233e-08 4.281685772699e-08 8.622398524374e-08 2.996788553082e-08 2.023735732629e-09 
1.323795900855e-17 8.702919718986e-15 6.028255399749e-13 1.498137877961e-11 1.991135565586e-10 1.657502896730e-09 8.990519794196e-09 2.996788553082e-08 7.609570785539e-08 1.440232485168e-08 
1.590167116418e-21 2.768213155565e-18 4.467908651503e-16 2.453922104144e-14 7.181172412630e-13 1.384096270600e-11 1.941631013097e-10 2.023735732629e-09 1.440232485168e-08 5.819041646961e-08 
