1.537593084137e-07 5.152858572254e-08 9.719199231358e-09 1.226547565585e-09 1.097148585134e-10 6.432059721993e-12 2.121246483517e-13 2.965808875478e-15 9.569088207786e-18 1.134370931598e-21 
5.152858572254e-08 1.480500113922e-07 6.743061234836e-08 1.998770060440e-08 3.708555017321e-09 4.340595113425e-10 2.894788926088e-11 8.526505321642e-13 6.265703707093e-15 1.968085173054e-18 
9.719199231358e-09 6.743061234836e-08 1.254480933263e-07 6.244592229579e-08 2.242942179800e-08 4.764763802438e-09 5.634718745629e-10 3.010605360619e-11 4.329721238143e-13 3.164223467680e-16 
1.226547565585e-09 1.998770060440e-08 6.244592229579e-08 1.087699964111e-07 5.455579863656e-08 2.082801901014e-08 4.300591332913e-09 4.030976753602e-10 1.073934917601e-11 1.730601330022e-14 
1.097148585134e-10 3.708555017321e-09 2.242942179800e-08 5.455579863656e-08 9.610704645651e-08 4.658888170485e-08 1.710195774639e-08 2.868367009413e-09 1.423912549688e-10 5.042786822511e-13 
6.432059721993e-12 4.340595113425e-10 4.764763802438e-09 2.082801901014e-08 4.658888170485e-08 8.591816656313e-08 3.872722490560e-08 1.214061342636e-08 1.180763594190e-09 9.678578683913e-12 
2.121246483517e-13 2.894788926088e-11 5.634718745629e-10 4.300591332913e-09 1.710195774639e-08 3.872722490560e-08 7.740516807699e-08 3.061670767515e-08 6.363308129086e-09 1.351972809965e-10 
2.965808875478e-15 8.526505321642e-13 3.010605360619e-11 4.030976753602e-10 2.868367009413e-09 1.214061342636e-08 3.061670767515e-08 6.939108652621e-08 2.101834243325e-08 1.401690486308e-09 
9.569088207786e-18 6.265703707093e-15 4.329721238143e-13 1.073934917601e-11 1.423912549688e-10 1.180763594190e-09 6.363308129086e-09 2.101834243325e-08 6.147177302702e-08 9.865740186403e-09 
1.134370931598e-21 1.968085173054e-18 3.164223467680e-16 1.730601330022e-14 5.042786822511e-13 9.678578683913e-12 1.351972809965e-10 1.401690486308e-09 9.865740186403e-09 4.818035584527e-08 
