2.916165521834e-07 9.873693438188e-08 1.821480046213e-08 2.283919884273e-09 2.047922149625e-10 1.211111716162e-11 4.034604772383e-13 5.739766920279e-15 1.912028450516e-17 2.379848500319e-21 
9.873693438188e-08 2.534209673318e-07 1.256670096568e-07 3.725132130269e-08 6.957595768781e-09 8.219329892946e-10 5.545703480135e-11 1.669159288560e-12 1.264694472333e-14 4.170367306569e-18 
1.821480046213e-08 1.256670096568e-07 2.093477048177e-07 1.168805765090e-07 4.232143430767e-08 9.072050725369e-09 1.088460108085e-09 5.955507644583e-11 8.818302910921e-13 6.770416911804e-16 
2.283919884273e-09 3.725132130269e-08 1.168805765090e-07 1.800294906611e-07 1.035781271497e-07 3.994680048165e-08 8.392440108855e-09 8.055146370990e-10 2.207702321595e-11 3.739051535599e-14 
2.047922149625e-10 6.957595768781e-09 4.232143430767e-08 1.035781271497e-07 1.581660594647e-07 9.034001184997e-08 3.379072178089e-08 5.793567462541e-09 2.958612598201e-10 1.100265015687e-12 
1.211111716162e-11 8.219329892946e-10 9.072050725369e-09 3.994680048165e-08 9.034001184997e-08 1.418212096576e-07 7.760591659050e-08 2.482864255387e-08 2.486319726425e-09 2.133522061315e-11 
4.034604772383e-13 5.545703480135e-11 1.088460108085e-09 8.392440108855e-09 3.379072178089e-08 7.760591659050e-08 1.283722503396e-07 6.364186784375e-08 1.363187555621e-08 3.014996808918e-10 
5.739766920279e-15 1.669159288560e-12 5.955507644583e-11 8.055146370990e-10 5.793567462541e-09 2.482864255387e-08 6.364186784375e-08 1.157814649092e-07 4.600571997524e-08 3.173560474355e-09 
1.912028450516e-17 1.264694472333e-14 8.818302910921e-13 2.207702321595e-11 2.958612598201e-10 2.486319726425e-09 1.363187555621e-08 4.600571997524e-08 1.029153650380e-07 2.288953981427e-08 
2.379848500319e-21 4.170367306569e-18 6.770416911804e-16 3.739051535599e-14 1.100265015687e-12 2.133522061315e-11 3.014996808918e-10 3.173560474355e-09 2.288953981427e-08 7.674100619640e-08 
