1.880431350465e-07 6.352042825811e-08 1.185198878549e-08 1.487377548639e-09 1.327048790298e-10 7.780773946524e-12 2.568304858255e-13 3.608533461856e-15 1.171911607092e-17 1.409777904853e-21 
6.352042825811e-08 1.745757780511e-07 8.187085214772e-08 2.418962216877e-08 4.485344959893e-09 5.252669589603e-10 3.511412230275e-11 1.040460622812e-12 7.687003024625e-15 2.454321917177e-18 
1.185198878549e-08 8.187085214772e-08 1.459269168224e-07 7.552109305474e-08 2.713596889877e-08 5.770722312989e-09 6.851753479936e-10 3.681087743321e-11 5.324014580171e-13 3.957270557148e-16 
1.487377548639e-09 2.418962216877e-08 7.552109305474e-08 1.256683356881e-07 6.603985936496e-08 2.527285056305e-08 5.243648287466e-09 4.936888234576e-10 1.324623448470e-11 2.169191714744e-14 
1.327048790298e-10 4.485344959893e-09 2.713596889877e-08 6.603985936496e-08 1.105476190645e-07 5.671319942580e-08 2.090630799912e-08 3.520014200138e-09 1.763203321496e-10 6.330375884614e-13 
7.780773946524e-12 5.252669589603e-10 5.770722312989e-09 2.527285056305e-08 5.671319942580e-08 9.870983971778e-08 4.745203474791e-08 1.494886746400e-08 1.469134039704e-09 1.215877514380e-11 
2.568304858255e-13 3.511412230275e-11 6.851753479936e-10 5.243648287466e-09 2.090630799912e-08 4.745203474791e-08 8.870109415938e-08 3.791877417464e-08 7.958343429221e-09 1.698489131676e-10 
3.608533461856e-15 1.040460622812e-12 3.681087743321e-11 4.936888234576e-10 3.520014200138e-09 1.494886746400e-08 3.791877417464e-08 7.961195260608e-08 2.638589071328e-08 1.761366873148e-09 
1.171911607092e-17 7.687003024625e-15 5.324014580171e-13 1.324623448470e-11 1.763203321496e-10 1.469134039704e-09 7.958343429221e-09 2.638589071328e-08 7.000079845282e-08 1.245447391682e-08 
1.409777904853e-21 2.454321917177e-18 3.957270557148e-16 2.169191714744e-14 6.330375884614e-13 1.215877514380e-11 1.698489131676e-10 1.761366873148e-09 1.245447391682e-08 5.391256397262e-08 
