1.223598295935e-05 4.568149951779e-06 8.653712568187e-07 1.112165998287e-07 1.011624447409e-08 6.011566400861e-10 1.998682315957e-11 2.801481086952e-13 9.011735635051e-16 1.043096583626e-19 
4.568149951779e-06 1.067128461581e-05 6.082939766297e-06 1.833358491059e-06 3.449411608963e-07 4.078628725547e-08 2.731822951612e-09 8.055463266685e-11 5.876001860788e-13 1.802253946837e-16 
8.653712568187e-07 6.082939766297e-06 8.927306274679e-06 5.787717353230e-06 2.100768863764e-06 4.490105201076e-07 5.321617278434e-08 2.841375919954e-09 4.040941409432e-11 2.885813256610e-14 
1.112165998287e-07 1.833358491059e-06 5.787717353230e-06 7.564101504780e-06 5.135028447234e-06 1.965804226057e-06 4.062794506449e-07 3.794919502321e-08 9.972454976558e-10 1.571091284369e-12 
1.011624447409e-08 3.449411608963e-07 2.100768863764e-06 5.135028447234e-06 6.435203846791e-06 4.400899520502e-06 1.614283044493e-06 2.688639230213e-07 1.315195715549e-08 4.551852187787e-11 
6.011566400861e-10 4.078628725547e-08 4.490105201076e-07 1.965804226057e-06 4.400899520502e-06 5.478421203614e-06 3.642623361318e-06 1.130555710630e-06 1.084141634152e-07 8.668825597361e-10 
1.998682315957e-11 2.731822951612e-09 5.321617278434e-08 4.062794506449e-07 1.614283044493e-06 3.642623361318e-06 4.620913486913e-06 2.827398683065e-06 5.798823041792e-07 1.197176309412e-08 
2.801481086952e-13 8.055463266685e-11 2.841375919954e-09 3.794919502321e-08 2.688639230213e-07 1.130555710630e-06 2.827398683065e-06 3.794274910721e-06 1.891923825691e-06 1.219021655861e-07 
9.011735635051e-16 5.876001860788e-13 4.040941409432e-11 9.972454976558e-10 1.315195715549e-08 1.084141634152e-07 5.798823041792e-07 1.891923825691e-06 2.949131393747e-06 8.340414726343e-07 
1.043096583626e-19 1.802253946837e-16 2.885813256610e-14 1.571091284369e-12 4.551852187787e-11 8.668825597361e-10 1.197176309412e-08 1.219021655861e-07 8.340414726343e-07 1.642550713764e-06 
