5.676896677198e-07 1.983812799821e-07 3.757601193429e-08 4.869314714401e-09 4.516104260691e-10 2.768487529939e-11 9.598687485545e-13 1.421085307675e-14 4.975253978998e-17 6.463440500601e-21 
1.983812799821e-07 4.902130532454e-07 2.654737225238e-07 8.123650481257e-08 1.568340589831e-08 1.922369520435e-09 1.345767195098e-10 4.209471069242e-12 3.337497755167e-14 1.137450974843e-17 
3.757601193429e-08 2.654737225238e-07 4.213572311668e-07 2.610083882712e-07 9.756595122250e-08 2.164134333596e-08 2.685204015007e-09 1.526388136326e-10 2.350817734018e-12 1.855155863291e-15 
4.869314714401e-09 8.123650481257e-08 2.610083882712e-07 3.764497435504e-07 2.446852134023e-07 9.717067413819e-08 2.106024228732e-08 2.096037161754e-09 5.930657462302e-11 1.030365265822e-13 
4.516104260691e-10 1.568340589831e-08 9.756595122250e-08 2.446852134023e-07 3.428564153963e-07 2.243680326131e-07 8.644867207090e-08 1.529607801817e-08 7.998490834913e-10 3.054074302687e-12 
2.768487529939e-11 1.922369520435e-09 2.164134333596e-08 9.717067413819e-08 2.243680326131e-07 3.172470361806e-07 2.027618818206e-07 6.641784009532e-08 6.763831969252e-09 5.979108719448e-11 
9.598687485545e-13 1.345767195098e-10 2.685204015007e-09 2.106024228732e-08 8.644867207090e-08 2.027618818206e-07 2.950754887797e-07 1.720791217904e-07 3.739704954413e-08 8.562086454302e-10 
1.421085307675e-14 4.209471069242e-12 1.526388136326e-10 2.096037161754e-09 1.529607801817e-08 6.641784009532e-08 1.720791217904e-07 2.675016195923e-07 1.281472264011e-07 9.186930487683e-09 
4.975253978998e-17 3.337497755167e-14 2.350817734018e-12 5.930657462302e-11 7.998490834913e-10 6.763831969252e-09 3.739704954413e-08 1.281472264011e-07 2.423261873466e-07 6.798068466596e-08 
6.463440500601e-21 1.137450974843e-17 1.855155863291e-15 1.030365265822e-13 3.054074302687e-12 5.979108719448e-11 8.562086454302e-10 9.186930487683e-09 6.798068466596e-08 1.737345829454e-07 
