2.714442005999e-07 9.189202592987e-08 1.696100609704e-08 2.124909019954e-09 1.900670170210e-10 1.122760477268e-11 3.741524482819e-13 5.295139415919e-15 1.751720754364e-17 2.163888779394e-21 
9.189202592987e-08 2.379290472835e-07 1.169507915553e-07 3.460808351101e-08 6.450335892571e-09 7.623531400857e-10 5.132271471355e-11 1.535480228935e-12 1.156552390333e-14 3.787948280511e-18 
1.696100609704e-08 1.169507915553e-07 1.965601479792e-07 1.083919235446e-07 3.924154561927e-08 8.409956819136e-09 1.004760237155e-09 5.466666126101e-11 8.051861159770e-13 6.144187630302e-16 
2.124909019954e-09 3.460808351101e-08 1.083919235446e-07 1.689631621275e-07 9.606333580226e-08 3.695631858433e-08 7.726263125856e-09 7.379741826979e-10 2.012861891060e-11 3.390424503917e-14 
1.900670170210e-10 6.450335892571e-09 3.924154561927e-08 9.606333580226e-08 1.485158771857e-07 8.330221300985e-08 3.102440699649e-08 5.297593498749e-09 2.693451963645e-10 9.967739648632e-13 
1.122760477268e-11 7.623531400857e-10 8.409956819136e-09 3.695631858433e-08 8.330221300985e-08 1.325970475755e-07 7.106224998701e-08 2.265578767811e-08 2.259900456105e-09 1.930541934394e-11 
3.741524482819e-13 5.132271471355e-11 1.004760237155e-09 7.726263125856e-09 3.102440699649e-08 7.106224998701e-08 1.196725490648e-07 5.793482347220e-08 1.236977737949e-08 2.723330799286e-10 
5.295139415919e-15 1.535480228935e-12 5.466666126101e-11 7.379741826979e-10 5.297593498749e-09 2.265578767811e-08 5.793482347220e-08 1.077286606302e-07 4.166007343145e-08 2.859118516825e-09 
1.751720754364e-17 1.156552390333e-14 8.051861159770e-13 2.012861891060e-11 2.693451963645e-10 2.259900456105e-09 1.236977737949e-08 4.166007343145e-08 9.560254333669e-08 2.057595690852e-08 
2.163888779394e-21 3.787948280511e-18 6.144187630302e-16 3.390424503917e-14 9.967739648632e-13 1.930541934394e-11 2.723330799286e-10 2.859118516825e-09 2.057595690852e-08 7.172955905995e-08 
