1.239941479798e-07 4.074953839053e-08 7.798881628741e-09 9.929835447531e-10 8.928834475426e-11 5.249536658021e-12 1.733663797270e-13 2.418700684945e-15 7.779177347891e-18 9.106162743044e-22 
4.074953839053e-08 1.241589475885e-07 5.447700398021e-08 1.624342187596e-08 3.023792279380e-09 3.546352205888e-10 2.364086358709e-11 6.945217907269e-13 5.084741460373e-15 1.576214181512e-18 
7.798881628741e-09 5.447700398021e-08 1.071788112503e-07 5.087870302094e-08 1.831369101386e-08 3.893573923461e-09 4.596583865189e-10 2.449998896794e-11 3.505564970616e-13 2.529391056364e-16 
9.929835447531e-10 1.624342187596e-08 5.087870302094e-08 9.396895880497e-08 4.458275690880e-08 1.700719440068e-08 3.504173397242e-09 3.276550898986e-10 8.671270792713e-12 1.381126787225e-14 
8.928834475426e-11 3.023792279380e-09 1.831369101386e-08 4.458275690880e-08 8.366615727355e-08 3.798703140674e-08 1.391874507872e-08 2.327091339215e-09 1.146127427564e-10 4.017922665491e-13 
5.249536658021e-12 3.546352205888e-10 3.893573923461e-09 1.700719440068e-08 3.798703140674e-08 7.519169531265e-08 3.146709338519e-08 9.817740622461e-09 9.471412077961e-10 7.695850662393e-12 
1.733663797270e-13 2.364086358709e-11 4.596583865189e-10 3.504173397242e-09 1.391874507872e-08 3.146709338519e-08 6.804263493750e-08 2.464070963639e-08 5.086039964286e-09 1.071491040909e-10 
2.418700684945e-15 6.945217907269e-13 2.449998896794e-11 3.276550898986e-10 2.327091339215e-09 9.817740622461e-09 2.464070963639e-08 6.117175691707e-08 1.673461353330e-08 1.104031972735e-09 
7.779177347891e-18 5.084741460373e-15 3.505564970616e-13 8.671270792713e-12 1.146127427564e-10 9.471412077961e-10 5.086039964286e-09 1.673461353330e-08 5.449253718263e-08 7.683222047579e-09 
9.106162743044e-22 1.576214181512e-18 2.529391056364e-16 1.381126787225e-14 4.017922665491e-13 7.695850662393e-12 1.071491040909e-10 1.104031972735e-09 7.683222047579e-09 4.357920692877e-08 
