1.2221235504442638e-05 4.5601766449644058e-06 8.6390260837525480e-07 1.1105038866310041e-07 1.0103006991021702e-08 6.0047125258535660e-10 1.9967426175403258e-11 2.7989629727217380e-13 9.0033710860636133e-16 1.0421595068361102e-19 
4.5601766449644058e-06 1.0652900175542107e-05 6.0735032858918337e-06 1.8308507014447219e-06 3.4452567707738114e-07 4.0743823211316162e-08 2.7293185088332233e-09 8.0481144387981962e-11 5.8705580624014070e-13 1.8006370728596269e-16 
8.6390260837525480e-07 6.0735032858918337e-06 8.9149056227623062e-06 5.7804932830657190e-06 2.0984501210210768e-06 4.4857726245924340e-07 5.3168150418852867e-08 2.8387525791233456e-09 4.0372173761809388e-11 2.8832278406366816e-14 
1.1105038866310041e-07 1.8308507014447219e-06 5.7804932830657190e-06 7.5556162279511916e-06 5.1298903524909551e-06 1.9640076570955397e-06 4.0591043198613052e-07 3.7913989710985451e-08 9.9633124561542390e-10 1.5696851982482797e-12 
1.0103006991021702e-08 3.4452567707738114e-07 2.0984501210210768e-06 5.1298903524909551e-06 6.4292977558178628e-06 4.3969289053533249e-06 1.6127946011385541e-06 2.6861500341332408e-07 1.3139955777431308e-08 4.5477819508387423e-11 
6.0047125258535660e-10 4.0743823211316162e-08 4.4857726245924340e-07 1.9640076570955397e-06 4.3969289053533249e-06 5.4734142698978651e-06 3.6392430169208125e-06 1.1295161779730434e-06 1.0831561913284798e-07 8.6610812555351819e-10 
1.9967426175403258e-11 2.7293185088332233e-09 5.3168150418852867e-08 4.0591043198613052e-07 1.6127946011385541e-06 3.6392430169208125e-06 4.6166797600587024e-06 2.8248188950085089e-06 5.7935672709780600e-07 1.1961088878378121e-08 
2.7989629727217380e-13 8.0481144387981962e-11 2.8387525791233456e-09 3.7913989710985451e-08 2.6861500341332408e-07 1.1295161779730434e-06 2.8248188950085089e-06 3.7908578133266749e-06 1.8902128249547798e-06 1.2179400010250013e-07 
9.0033710860636133e-16 5.8705580624014070e-13 4.0372173761809388e-11 9.9633124561542390e-10 1.3139955777431308e-08 1.0831561913284798e-07 5.7935672709780600e-07 1.8902128249547798e-06 2.9465028016774815e-06 8.3330591122597715e-07 
1.0421595068361102e-19 1.8006370728596269e-16 2.8832278406366816e-14 1.5696851982482797e-12 4.5477819508387423e-11 8.6610812555351819e-10 1.1961088878378121e-08 1.2179400010250013e-07 8.3330591122597715e-07 1.6411251437502049e-06 
