6.5221323498915991e-08 1.7523672989269456e-08 3.5496075716456711e-09 4.7109167721521035e-10 4.3680601920797117e-11 2.6312883855978009e-12 8.8445811355666441e-14 1.2513766684213328e-15 4.0580852429358506e-18 4.7278651101327475e-22 
1.7523672989269456e-08 7.1474778426088263e-08 2.5584202151806374e-08 7.8717614505573876e-09 1.5025926591916859e-09 1.7968174474661231e-10 1.2147875426417130e-11 3.6104016932595751e-13 2.6512137781331674e-15 8.1732243213950796e-19 
3.5496075716456711e-09 2.5584202151806374e-08 6.6318092343044322e-08 2.5123144896482948e-08 9.2177035151743339e-09 1.9882440463867223e-09 2.3751008557506160e-10 1.2766962469509264e-11 1.8259550192186093e-13 1.3092156204496487e-16 
4.7109167721521035e-10 7.8717614505573876e-09 2.5123144896482948e-08 6.1222343825123372e-08 2.2681802913729262e-08 8.7462288644361682e-09 1.8192557910438887e-09 1.7088612735389484e-10 4.5117016666792238e-12 7.1295014908556744e-15 
4.3680601920797117e-11 1.5025926591916859e-09 9.2177035151743339e-09 2.2681802913729262e-08 5.6679932255350940e-08 1.9668933851577495e-08 7.2513589706707250e-09 1.2131847562818550e-09 5.9564812634875878e-11 2.0659387435291391e-13 
2.6312883855978009e-12 1.7968174474661231e-10 1.9882440463867223e-09 8.7462288644361682e-09 1.9668933851577495e-08 5.2666805719218116e-08 1.6412224332668071e-08 5.1113642205123799e-09 4.9146351064947357e-10 3.9347539160910974e-12 
8.8445811355666441e-14 1.2147875426417130e-11 2.3751008557506160e-10 1.8192557910438887e-09 7.2513589706707250e-09 1.6412224332668071e-08 4.8956392620706311e-08 1.2805635517088730e-08 2.6307110696080573e-09 5.4335635584397594e-11 
1.2513766684213328e-15 3.6104016932595751e-13 1.2766962469509264e-11 1.7088612735389484e-10 1.2131847562818550e-09 5.1113642205123799e-09 1.2805635517088730e-08 4.5285896973643057e-08 8.5866988055346632e-09 5.5309394249355041e-10 
4.0580852429358506e-18 2.6512137781331674e-15 1.8259550192186093e-13 4.5117016666792238e-12 5.9564812634875878e-11 4.9146351064947357e-10 2.6307110696080573e-09 8.5866988055346632e-09 4.1460195320330319e-08 3.7809897162204825e-09 
4.7278651101327475e-22 8.1732243213950796e-19 1.3092156204496487e-16 7.1295014908556744e-15 2.0659387435291391e-13 3.9347539160910974e-12 5.4335635584397594e-11 5.5309394249355041e-10 3.7809897162204825e-09 3.5514568179246093e-08 
