7.6354740739255940e-08 2.2231200107831341e-08 4.4348839950777657e-09 5.8148646393421758e-10 5.3395714613245229e-11 3.1909379323935832e-12 1.0653036862902687e-13 1.4984049811774125e-15 4.8351248056112538e-18 5.6146010670703847e-22 
2.2231200107831341e-08 8.2406128326883638e-08 3.1675933757370718e-08 9.6517860274881719e-09 1.8274368034754550e-09 2.1702810487126778e-10 1.4587004191544703e-11 4.3140658266431660e-13 3.1552677629357400e-15 9.7052457326299556e-19 
4.4348839950777657e-09 3.1675933757370718e-08 7.4998684431446463e-08 3.0618005550455466e-08 1.1161352551737905e-08 2.3938074180248773e-09 2.8454443628577181e-10 1.5231723278464526e-11 2.1713358658627989e-13 1.5546695508427285e-16 
5.8148646393421758e-10 9.6517860274881719e-09 3.0618005550455466e-08 6.8220696947616900e-08 2.7351069766421579e-08 1.0498820603936433e-08 2.1750580198344299e-09 2.0361081316422392e-10 5.3618037311402390e-12 8.4673533321402230e-15 
5.3395714613245229e-11 1.8274368034754550e-09 1.1161352551737905e-08 2.7351069766421579e-08 6.2409370598761084e-08 2.3543625863222637e-08 8.6527390471654094e-09 1.4437909741379973e-09 7.0755931938267628e-11 2.4542524573276998e-13 
3.1909379323935832e-12 2.1702810487126778e-10 2.3938074180248773e-09 1.0498820603936433e-08 2.3543625863222637e-08 5.7409366040258046e-08 1.9548523071544190e-08 6.0765042549180350e-09 5.8363786550460857e-10 4.6763132452898354e-12 
1.0653036862902687e-13 1.4587004191544703e-11 2.8454443628577181e-10 2.1750580198344299e-09 8.6527390471654094e-09 1.9548523071544190e-08 5.2882675213638236e-08 1.5211382242750900e-08 3.1241039952850676e-09 6.4622258510675115e-11 
1.4984049811774125e-15 4.3140658266431660e-13 1.5231723278464526e-11 2.0361081316422392e-10 1.4437909741379973e-09 6.0765042549180350e-09 1.5211382242750900e-08 4.8488414314517968e-08 1.0202323762988698e-08 6.5870524759915917e-10 
4.8351248056112538e-18 3.1552677629357400e-15 2.1713358658627989e-13 5.3618037311402390e-12 7.0755931938267628e-11 5.8363786550460857e-10 3.1241039952850676e-09 1.0202323762988698e-08 4.3979614683557948e-08 4.5165274976368765e-09 
5.6146010670703847e-22 9.7052457326299556e-19 1.5546695508427285e-16 8.4673533321402230e-15 2.4542524573276998e-13 4.6763132452898354e-12 6.4622258510675115e-11 6.5870524759915917e-10 4.5165274976368765e-09 3.7001746081095591e-08 
