8.115551262660e-08 2.416764245480e-08 4.791617992445e-09 6.254316565535e-10 5.721703711776e-11 3.409796297106e-12 1.136714130751e-13 1.593883682328e-15 5.146595731855e-18 5.959728000648e-22 
2.416764245480e-08 8.682644187153e-08 3.410562093764e-08 1.035575842050e-08 1.954402464287e-09 2.317421228550e-10 1.554039761174e-11 4.587509682204e-13 3.358940064043e-15 1.030277395480e-18 
4.791617992445e-09 3.410562093764e-08 7.843823301529e-08 3.276937753159e-08 1.192347077812e-08 2.553619752007e-09 3.027744629896e-10 1.620405857321e-11 2.310287204357e-13 1.651526514457e-16 
6.254316565535e-10 1.035575842050e-08 3.276937753159e-08 7.096030479479e-08 2.919350837938e-08 1.118312965991e-08 2.313091458670e-09 2.167103580906e-10 5.699906485202e-12 9.005235627908e-15 
5.721703711776e-11 1.954402464287e-09 1.192347077812e-08 2.919350837938e-08 6.465301525181e-08 2.504293863728e-08 9.204474087142e-09 1.536781287360e-09 7.515034490283e-11 2.613842346317e-13 
3.409796297106e-12 2.317421228550e-10 2.553619752007e-09 1.118312965991e-08 2.504293863728e-08 5.926629196935e-08 2.080840088319e-08 6.462818950644e-09 6.196228799544e-10 4.987546331813e-12 
1.136714130751e-13 1.554039761174e-11 3.027744629896e-10 2.313091458670e-09 9.204474087142e-09 2.080840088319e-08 5.446153793217e-08 1.615540195994e-08 3.319687001888e-09 6.899940098517e-11 
1.593883682328e-15 4.587509682204e-13 1.620405857321e-11 2.167103580906e-10 1.536781287360e-09 6.462818950644e-09 1.615540195994e-08 4.974585157760e-08 1.087021087069e-08 7.033296132515e-10 
5.146595731855e-18 3.358940064043e-15 2.310287204357e-13 5.699906485202e-12 7.515034490283e-11 6.196228799544e-10 3.319687001888e-09 1.087021087069e-08 4.504700293793e-08 4.814739332056e-09 
5.959728000648e-22 1.030277395480e-18 1.651526514457e-16 9.005235627908e-15 2.613842346317e-13 4.987546331813e-12 6.899940098517e-11 7.033296132515e-10 4.814739332056e-09 3.762834570558e-08 
