1.345948540287e-07 4.464144958463e-08 8.494012449424e-09 1.077725932952e-09 9.662752734977e-11 5.677974108786e-12 1.872493090904e-13 2.611326510615e-15 8.429678435009e-18 9.866046990298e-22 
4.464144958463e-08 1.328053432237e-07 5.917508714599e-08 1.759452195860e-08 3.270461354353e-09 3.833869570608e-10 2.550926588654e-11 7.512977827156e-13 5.504885222883e-15 1.712176386951e-18 
8.494012449424e-09 5.917508714599e-08 1.137824036398e-07 5.503496251482e-08 1.980576796107e-08 4.204796855902e-09 4.962169870546e-10 2.653708166756e-11 3.791026350926e-13 2.755144363505e-16 
1.077725932952e-09 1.759452195860e-08 5.503496251482e-08 9.933095415031e-08 4.817521103683e-08 1.835208702540e-08 3.788485401112e-09 3.549770100317e-10 9.373166289598e-12 1.508056180271e-14 
9.662752734977e-11 3.270461354353e-09 1.980576796107e-08 4.817521103683e-08 8.805464457433e-08 4.102718521416e-08 1.507394784995e-08 2.519085633391e-09 1.239860483574e-10 4.394474186691e-13 
5.677974108786e-12 3.833869570608e-10 4.204796855902e-09 1.835208702540e-08 4.102718521416e-08 7.907254638811e-08 3.408800724901e-08 1.061487213721e-08 1.027222651963e-09 8.421664899182e-12 
1.872493090904e-13 2.550926588654e-11 4.962169870546e-10 3.788485401112e-09 1.507394784995e-08 3.408800724901e-08 7.128990602171e-08 2.665790286019e-08 5.540556657978e-09 1.171493058973e-10 
2.611326510615e-15 7.512977827156e-13 2.653708166756e-11 3.549770100317e-10 2.519085633391e-09 1.061487213721e-08 2.665790286019e-08 6.405133338615e-08 1.830058352349e-08 1.204461784728e-09 
8.429678435009e-18 5.504885222883e-15 3.791026350926e-13 9.373166289598e-12 1.239860483574e-10 1.027222651963e-09 5.540556657978e-09 1.830058352349e-08 5.691319127769e-08 8.391370735504e-09 
9.866046990298e-22 1.712176386951e-18 2.755144363505e-16 1.508056180271e-14 4.394474186691e-13 8.421664899182e-12 1.171493058973e-10 1.204461784728e-09 8.391370735504e-09 4.521387495064e-08 
