4.068931546861e-07 1.387929392644e-07 2.571804661209e-08 3.250132670072e-09 2.949224685506e-10 1.772143194532e-11 6.032509520754e-13 8.785296114969e-15 2.997144199695e-17 3.852482671323e-21 
1.387929392644e-07 3.458566220371e-07 1.783777985666e-07 5.341928774736e-08 1.011447515632e-08 1.217208727821e-09 8.390058458928e-11 2.579193823359e-12 1.996137131649e-14 6.786511358949e-18 
2.571804661209e-08 1.783777985666e-07 2.875132247255e-07 1.692089924468e-07 6.219672229028e-08 1.358647579862e-08 1.662452353193e-09 9.271814782461e-11 1.400584530786e-12 1.106661646635e-15 
3.250132670072e-09 5.341928774736e-08 1.692089924468e-07 2.507545733041e-07 1.542458229886e-07 6.051874656798e-08 1.293495151579e-08 1.262778055685e-09 3.528780211596e-11 6.134888874568e-14 
2.949224685506e-10 1.011447515632e-08 6.219672229028e-08 1.542458229886e-07 2.245489462214e-07 1.384940541965e-07 5.256387581509e-08 9.149010373090e-09 4.761544094103e-10 1.811129195044e-12 
1.772143194532e-11 1.217208727821e-09 1.358647579862e-08 6.051874656798e-08 1.384940541965e-07 2.044880083910e-07 1.218903264009e-07 3.954654670712e-08 4.032034468068e-09 3.522220583575e-11 
6.032509520754e-13 8.390058458928e-11 1.662452353193e-09 1.293495151579e-08 5.256387581509e-08 1.218903264009e-07 1.872573547816e-07 1.024516699154e-07 2.228732605346e-08 4.993271757011e-10 
8.785296114969e-15 2.579193823359e-12 9.271814782461e-11 1.262778055685e-09 9.149010373090e-09 3.954654670712e-08 1.024516699154e-07 1.709214863261e-07 7.578990432178e-08 5.284265554781e-09 
2.997144199695e-17 1.996137131649e-14 1.400584530786e-12 3.528780211596e-11 4.761544094103e-10 4.032034468068e-09 2.228732605346e-08 7.578990432178e-08 1.522434417129e-07 3.864088037356e-08 
3.852482671323e-21 6.786511358949e-18 1.106661646635e-15 6.134888874568e-14 1.811129195044e-12 3.522220583575e-11 4.993271757011e-10 5.284265554781e-09 3.864088037356e-08 1.117408179140e-07 
