6.209122768837e-08 1.614277864396e-08 3.283685692270e-09 4.373150845502e-10 4.068785352728e-11 2.455823029372e-12 8.282350472275e-14 1.173913334184e-15 3.812867923260e-18 4.453298961974e-22 
1.614277864396e-08 6.820448870590e-08 2.372715875730e-08 7.324770171538e-09 1.401441196772e-09 1.679935257194e-10 1.139134246907e-11 3.386794426690e-13 2.494932281882e-15 7.692800104987e-19 
3.283685692270e-09 2.372715875730e-08 6.365279048942e-08 2.342073259508e-08 8.608239691634e-09 1.862163246308e-09 2.227958908780e-10 1.198284598694e-11 1.720257984077e-13 1.231549332546e-16 
4.373150845502e-10 7.324770171538e-09 2.342073259508e-08 5.902859720168e-08 2.122497627980e-08 8.202115085414e-09 1.706623341191e-09 1.605735821215e-10 4.252621215994e-12 6.705196235105e-15 
4.068785352728e-11 1.401441196772e-09 8.608239691634e-09 2.122497627980e-08 5.490332707488e-08 1.845097736657e-08 6.805481826562e-09 1.141710444045e-09 5.613514626631e-11 1.943591021731e-13 
2.455823029372e-12 1.679935257194e-10 1.862163246308e-09 8.202115085414e-09 1.845097736657e-08 5.115700201357e-08 1.542773500644e-08 4.816580782937e-09 4.628086745093e-10 3.705014105825e-12 
8.282350472275e-14 1.139134246907e-11 2.227958908780e-10 1.706623341191e-09 6.805481826562e-09 1.542773500644e-08 4.775341148144e-08 1.206785270221e-08 2.474997770048e-09 5.123517405832e-11 
1.173913334184e-15 3.386794426690e-13 1.198284598694e-11 1.605735821215e-10 1.141710444045e-09 4.816580782937e-09 1.206785270221e-08 4.427954909226e-08 8.081420098154e-09 5.222239555274e-10 
3.812867923260e-18 2.494932281882e-15 1.720257984077e-13 4.252621215994e-12 5.613514626631e-11 4.628086745093e-10 2.474997770048e-09 8.081420098154e-09 4.071164151793e-08 3.565555763494e-09 
4.453298961974e-22 7.692800104987e-19 1.231549332546e-16 6.705196235105e-15 1.943591021731e-13 3.705014105825e-12 5.123517405832e-11 5.222239555274e-10 3.565555763494e-09 3.506905298072e-08 
