3.3864478368503467e-07 1.1477401127922207e-07 2.1187222156722418e-08 2.6661377073354833e-09 2.4023316405470538e-10 1.4306603114501577e-11 4.8223451585004123e-13 6.9457089192001369e-15 2.3411780385957027e-17 2.9589097066628831e-21 
1.1477401127922207e-07 2.9007745978658302e-07 1.4652362182238437e-07 4.3626439567858955e-08 8.1939721601802812e-09 9.7718540073063147e-10 6.6708588626935096e-11 2.0293306927379550e-12 1.5538406557481516e-14 5.1976445168894109e-18 
2.1187222156722418e-08 1.4652362182238437e-07 2.4020003911905178e-07 1.3740260413102133e-07 5.0108097562465924e-08 1.0852727810826390e-08 1.3157103068578334e-09 7.2674782636205005e-11 1.0867294226325780e-12 8.4557903991663989e-16 
2.6661377073354833e-09 4.3626439567858955e-08 1.3740260413102133e-07 2.0772074616035675e-07 1.2352122641412747e-07 4.8085943165167497e-08 1.0190536728873834e-08 9.8635098593462885e-10 2.7288428858130174e-11 4.6785742560130646e-14 
2.4023316405470538e-10 8.1939721601802812e-09 5.0108097562465924e-08 1.2352122641412747e-07 1.8441779401994177e-07 1.0940549958627260e-07 4.1217927280643408e-08 7.1198304077453362e-09 3.6686361064060818e-10 1.3791551414457935e-12 
1.4306603114501577e-11 9.7718540073063147e-10 1.0852727810826390e-08 4.8085943165167497e-08 1.0940549958627260e-07 1.6661742274062672e-07 9.5117594652513222e-08 3.0638677677238212e-08 3.0938344490884793e-09 2.6792494411380869e-11 
4.8223451585004123e-13 6.6708588626935096e-11 1.3157103068578334e-09 1.0190536728873834e-08 4.1217927280643408e-08 9.5117594652513222e-08 1.5163086552027077e-07 7.8924511920360920e-08 1.7027945066781710e-08 3.7951732444160214e-10 
6.9457089192001369e-15 2.0293306927379550e-12 7.2674782636205005e-11 9.8635098593462885e-10 7.1198304077453362e-09 3.0638677677238212e-08 7.8924511920360920e-08 1.3742740319877718e-07 5.7700110290522013e-08 4.0109641695092529e-09 
2.3411780385957027e-17 1.5538406557481516e-14 1.0867294226325780e-12 2.7288428858130174e-11 3.6686361064060818e-10 3.0938344490884793e-09 1.7027945066781710e-08 5.7700110290522013e-08 1.2242783501532836e-07 2.9156724063815028e-08 
2.9589097066628831e-21 5.1976445168894109e-18 8.4557903991663989e-16 4.6785742560130646e-14 1.3791551414457935e-12 2.6792494411380869e-11 3.7951732444160214e-10 4.0109641695092529e-09 2.9156724063815028e-08 9.0388882542784587e-08 
