9.663594284648e-08 3.034740472024e-08 5.924566150790e-09 7.645254411965e-10 6.939417886009e-11 4.106503953817e-12 1.361950748075e-13 1.904919976734e-15 6.120214965436e-18 7.121313106082e-22 
3.034740472024e-08 1.008686280364e-07 4.180924830573e-08 1.258844608566e-08 2.360178966082e-09 2.781393106801e-10 1.860044548723e-11 5.470422546929e-13 3.996306373297e-15 1.230655432761e-18 
5.924566150790e-09 4.180924830573e-08 8.933163076493e-08 3.964582222772e-08 1.434047868673e-08 3.059348491209e-09 3.619471327619e-10 1.928895015184e-11 2.752309128096e-13 1.971287219474e-16 
7.645254411965e-10 1.258844608566e-08 3.964582222772e-08 7.966985225235e-08 3.500034939777e-08 1.338281412375e-08 2.760025351065e-09 2.577682468126e-10 6.800213370655e-12 1.074127994821e-14 
6.939417886009e-11 2.360178966082e-09 1.434047868673e-08 3.500034939777e-08 7.183408325721e-08 2.991796913995e-08 1.095896383543e-08 1.828789921350e-09 8.975367978020e-11 3.117167341000e-13 
4.106503953817e-12 2.781393106801e-10 3.059348491209e-09 1.338281412375e-08 2.991796913995e-08 6.520706688101e-08 2.474919761831e-08 7.704282964784e-09 7.402203690379e-10 5.953121823480e-12 
1.361950748075e-13 1.860044548723e-11 3.619471327619e-10 2.760025351065e-09 1.095896383543e-08 2.474919761831e-08 5.948392542046e-08 1.929523616090e-08 3.962391206293e-09 8.257991121984e-11 
1.904919976734e-15 5.470422546929e-13 1.928895015184e-11 2.577682468126e-10 1.828789921350e-09 7.704282964784e-09 1.929523616090e-08 5.392634316309e-08 1.297032747657e-08 8.465396780078e-10 
6.120214965436e-18 3.996306373297e-15 2.752309128096e-13 6.800213370655e-12 8.975367978020e-11 7.402203690379e-10 3.962391206293e-09 1.297032747657e-08 4.841705930749e-08 5.843500581701e-09 
7.121313106082e-22 1.230655432761e-18 1.971287219474e-16 1.074127994821e-14 3.117167341000e-13 5.953121823480e-12 8.257991121984e-11 8.465396780078e-10 5.843500581701e-09 3.970724175083e-08 
