1.7621545977580774e-07 5.9405032771191488e-08 1.1114939037916243e-08 1.3966098621990965e-09 1.2460056259299142e-10 7.3047916946953814e-12 2.4118128373148461e-13 3.3796328092662520e-15 1.0968854642495595e-17 1.3076574864596287e-21 
5.9405032771191488e-08 1.6542286510903868e-07 7.6853720817828943e-08 2.2716380424855274e-08 4.2105455579172214e-09 4.9330661171418295e-10 3.2935181187171981e-11 9.7392068235725369e-13 7.1881344190659559e-15 2.2745764787508168e-18 
1.1114939037916243e-08 7.6853720817828943e-08 1.3876154994432907e-07 7.0897102480169745e-08 2.5479469269573926e-08 5.4179150841749706e-09 6.4191410376966365e-10 3.4456624294368118e-11 4.9695801183714994e-13 3.6671137672154841e-16 
1.3966098621990965e-09 2.2716380424855274e-08 7.0897102480169745e-08 1.1971056805508094e-07 6.2019569277414018e-08 2.3700949827779612e-08 4.9089941203621518e-09 4.6201159293234316e-10 1.2336536483929555e-11 2.0112066248094861e-14 
1.2460056259299142e-10 4.2105455579172214e-09 2.5479469269573926e-08 6.2019569277414018e-08 1.0545273394070457e-07 5.3111510897883408e-08 1.9568921494618877e-08 3.2906641989497221e-09 1.6383154688824150e-10 5.8752673220253952e-13 
7.3047916946953814e-12 4.9330661171418295e-10 5.4179150841749706e-09 2.3700949827779612e-08 5.3111510897883408e-08 9.4199707831521239e-08 4.4401551084541176e-08 1.3939667539712428e-08 1.3625138416569836e-09 1.1299660700650759e-11 
2.4118128373148461e-13 3.2935181187171981e-11 6.4191410376966365e-10 4.9089941203621518e-09 1.9568921494618877e-08 4.4401551084541176e-08 8.4675466561677505e-08 3.5229624697878179e-08 7.3768504312926834e-09 1.5806840804458968e-10 
3.3796328092662520e-15 9.7392068235725369e-13 3.4456624294368118e-11 4.6201159293234316e-10 3.2906641989497221e-09 1.3939667539712428e-08 3.5229624697878179e-08 7.5854401940788838e-08 2.4499960003705086e-08 1.6406685087736362e-09 
1.0968854642495595e-17 7.1881344190659559e-15 4.9695801183714994e-13 1.2336536483929555e-11 1.6383154688824150e-10 1.3625138416569836e-09 7.3768504312926834e-09 2.4499960003705086e-08 6.7116315662193359e-08 1.1596560643166970e-08 
1.3076574864596287e-21 2.2745764787508168e-18 3.6671137672154841e-16 2.0112066248094861e-14 5.8752673220253952e-13 1.1299660700650759e-11 1.5806840804458968e-10 1.6406685087736362e-09 1.1596560643166970e-08 5.2079526004702570e-08 
