7.6075448130014365e-08 2.2095366942233155e-08 4.4070250878135665e-09 5.7776004540456388e-10 5.3050863012862058e-11 3.1710786840426002e-12 1.0594589292952858e-13 1.4910947250545088e-15 4.8117089376494130e-18 5.5869436100853078e-22 
2.2095366942233155e-08 8.2067193275247911e-08 3.1473915490362028e-08 9.5895067252613995e-09 1.8158266262501690e-09 2.1576130481946179e-10 1.4512453550065200e-11 4.2932474832484087e-13 3.1399218544875694e-15 9.6573292763216820e-19 
4.4070250878135665e-09 3.1473915490362028e-08 7.4696983382210371e-08 3.0421635976536826e-08 1.1093376035608988e-08 2.3807919554135466e-09 2.8314405295659137e-10 1.5158192014498049e-11 2.1607370084089003e-13 1.5469786759926611e-16 
5.7776004540456388e-10 9.5895067252613995e-09 3.0421635976536826e-08 6.7973893283627638e-08 2.7196807852815949e-08 1.0445478977832134e-08 2.1645351746756564e-09 2.0262462940224534e-10 5.3355450195537021e-12 8.4253891669676317e-15 
5.3050863012862058e-11 1.8158266262501690e-09 1.1093376035608988e-08 2.7196807852815949e-08 6.2233166959889981e-08 2.3428907659568950e-08 8.6109781643002891e-09 1.4367673276280922e-09 7.0408295671208080e-11 2.4420680736090513e-13 
3.1710786840426002e-12 2.1576130481946179e-10 2.3807919554135466e-09 1.0445478977832134e-08 2.3428907659568950e-08 5.7268488750546151e-08 1.9453735087418566e-08 6.0467997714842332e-09 5.8076067329791394e-10 4.6530577159686981e-12 
1.0594589292952858e-13 1.4512453550065200e-11 2.8314405295659137e-10 2.1645351746756564e-09 8.6109781643002891e-09 1.9453735087418566e-08 5.2762240520036576e-08 1.5136637698947122e-08 3.1086467204356693e-09 6.4300338640595693e-11 
1.4910947250545088e-15 4.2932474832484087e-13 1.5158192014498049e-11 2.0262462940224534e-10 1.4367673276280922e-09 6.0467997714842332e-09 1.5136637698947122e-08 4.8388209246547481e-08 1.0151648462189504e-08 6.5541835490233097e-10 
4.8117089376494130e-18 3.1399218544875694e-15 2.1607370084089003e-13 5.3355450195537021e-12 7.0408295671208080e-11 5.8076067329791394e-10 3.1086467204356693e-09 1.0151648462189504e-08 4.3900974327052817e-08 4.4939634062231530e-09 
5.5869436100853078e-22 9.6573292763216820e-19 1.5469786759926611e-16 8.4253891669676317e-15 2.4420680736090513e-13 4.6530577159686981e-12 6.4300338640595693e-11 6.5541835490233097e-10 4.4939634062231530e-09 3.6957891705249288e-08 
