5.6220082274482033e-07 1.9721807648210749e-07 3.7395279699322840e-08 4.8463787118823436e-09 4.4953005249337782e-10 2.7568669040977289e-11 9.5673231092297958e-13 1.4173864128094560e-14 4.9628186266178377e-17 6.4468164742633820e-21 
1.9721807648210749e-07 4.8796373417847988e-07 2.6421869658529204e-07 8.0858768760046570e-08 1.5614449005862574e-08 1.9152710708865761e-09 1.3419383042352064e-10 4.1987709871048113e-12 3.3292101260794660e-14 1.1344809828542897e-17 
3.7395279699322840e-08 2.6421869658529204e-07 4.1952280202902288e-07 2.5983314931005716e-07 9.7173848459596502e-08 2.1571835231267513e-08 2.6780998900560078e-09 1.5225437605231763e-10 2.3449806785393475e-12 1.8502530586395899e-15 
4.8463787118823436e-09 8.0858768760046570e-08 2.5983314931005716e-07 3.7501400119121931e-07 2.4384082292119567e-07 9.6897373305922294e-08 2.1006413937387612e-08 2.0907980331766291e-09 5.9158288753738696e-11 1.0276208149180725e-13 
4.4953005249337782e-10 1.5614449005862574e-08 9.7173848459596502e-08 2.4384082292119567e-07 3.4194734993581998e-07 2.2378573691873305e-07 8.6230758984886946e-08 1.5258062842477263e-08 7.9782162919151187e-10 3.0459218564011673e-12 
2.7568669040977289e-11 1.9152710708865761e-09 2.1571835231267513e-08 9.6897373305922294e-08 2.2378573691873305e-07 3.1651625926688262e-07 2.0225609575650946e-07 6.6252428618443842e-08 6.7463451752216514e-09 5.9632337904418580e-11 
9.5673231092297958e-13 1.3419383042352064e-10 2.6780998900560078e-09 2.1006413937387612e-08 8.6230758984886946e-08 2.0225609575650946e-07 2.9441253201391969e-07 1.7164259488670769e-07 3.7298288506565573e-08 8.5397329830107661e-10 
1.4173864128094560e-14 4.1987709871048113e-12 1.5225437605231763e-10 2.0907980331766291e-09 1.5258062842477263e-08 6.6252428618443842e-08 1.7164259488670769e-07 2.6687448999647236e-07 1.2780635338055029e-07 9.1637894923736008e-09 
4.9628186266178377e-17 3.3292101260794660e-14 2.3449806785393475e-12 5.9158288753738696e-11 7.9782162919151187e-10 6.7463451752216514e-09 3.7298288506565573e-08 1.2780635338055029e-07 2.4177692106700797e-07 6.7818619306829361e-08 
6.4468164742633820e-21 1.1344809828542897e-17 1.8502530586395899e-15 1.0276208149180725e-13 3.0459218564011673e-12 5.9632337904418580e-11 8.5397329830107661e-10 9.1637894923736008e-09 6.7818619306829361e-08 1.7337787041511429e-07 
