1.9638943382844484e-07 6.6363077412200667e-08 1.2352695493781316e-08 1.5484626736173534e-09 1.3805307974185660e-10 8.0980205264736030e-12 2.6779709872062808e-13 3.7631292498498208e-15 1.2267948626884452e-17 1.4747316048935584e-21 
6.6363077412200667e-08 1.8081266044384257e-07 8.5250133287774578e-08 2.5171460067962051e-08 4.6663052825134340e-09 5.4731934023073323e-10 3.6615712197203579e-11 1.0861295159404710e-12 8.0525971793214081e-15 2.5693472406010677e-18 
1.2352695493781316e-08 8.5250133287774578e-08 1.5071833279145374e-07 7.8559160886364228e-08 2.8254237376432773e-08 6.0169088641567827e-09 7.1454876567390607e-10 3.8481665863654221e-11 5.5759612627763443e-13 4.1487900135453337e-16 
1.5484626736173534e-09 2.5171460067962051e-08 7.8559160886364228e-08 1.2965901804144278e-07 6.8840873496477566e-08 2.6354170030296853e-08 5.4722399585122879e-09 5.1675055738313949e-10 1.3864535106663153e-11 2.2789445676273524e-14 
1.3805307974185660e-10 4.6663052825134340e-09 2.8254237376432773e-08 6.8840873496477566e-08 1.1407143322883656e-07 5.9153697896427463e-08 2.1851317354592384e-08 3.6868945766497849e-09 1.8446317393923587e-10 6.6682812464850673e-13 
8.0980205264736030e-12 5.4731934023073323e-10 6.0169088641567827e-09 2.6354170030296853e-08 5.9153697896427463e-08 1.0185948341727330e-07 4.9683545294145162e-08 1.5651911050972995e-08 1.5375002071246604e-09 1.2847929575562960e-11 
2.6779709872062808e-13 3.6615712197203579e-11 7.1454876567390607e-10 5.4722399585122879e-09 2.1851317354592384e-08 4.9683545294145162e-08 9.1561827878286707e-08 3.9668920232876406e-08 8.3474761252324330e-09 1.8011651070781148e-10 
3.7631292498498208e-15 1.0861295159404710e-12 3.8481665863654221e-11 5.1675055738313949e-10 3.6868945766497849e-09 1.5651911050972995e-08 3.9668920232876406e-08 8.2058922008216208e-08 2.7822929665232536e-08 1.8750715699826763e-09 
1.2267948626884452e-17 8.0525971793214081e-15 5.5759612627763443e-13 1.3864535106663153e-11 1.8446317393923587e-10 1.5375002071246604e-09 8.3474761252324330e-09 2.7822929665232536e-08 7.2605056062700726e-08 1.3315550822231967e-08 
1.4747316048935584e-21 2.5693472406010677e-18 4.1487900135453337e-16 2.2789445676273524e-14 6.6682812464850673e-13 1.2847929575562960e-11 1.8011651070781148e-10 1.8750715699826763e-09 1.3315550822231967e-08 5.5823922071066599e-08 
