6.3727425246788653e-08 1.6863557428791787e-08 3.4220216670073817e-09 4.5483000855800635e-10 4.2226085677498385e-11 2.5471054922150166e-12 8.5761681546398434e-14 1.2151841564119492e-15 3.9438757931225169e-18 4.5972081772647933e-22 
1.6863557428791787e-08 6.9906703591261873e-08 2.4691797877678465e-08 7.6065392299897394e-09 1.4537429211596565e-09 1.7409887670918810e-10 1.1788848785810623e-11 3.5072981854500644e-13 2.5770037900803699e-15 7.9476890091212869e-19 
3.4220216670073817e-09 2.4691797877678465e-08 6.5027496933712545e-08 2.4297859406352746e-08 8.9258981902655688e-09 1.9281151181317459e-09 2.3061299431630107e-10 1.2405308601637428e-11 1.7750532173745168e-13 1.2731180267643075e-16 
4.5483000855800635e-10 7.6065392299897394e-09 2.4297859406352746e-08 6.0170539804850123e-08 2.1986513321109632e-08 8.4884144386209034e-09 1.7671266813971626e-09 1.6607627001078661e-10 4.3863593131275743e-12 6.9329632056699046e-15 
4.2226085677498385e-11 1.4537429211596565e-09 8.9258981902655688e-09 2.1986513321109632e-08 5.5835822367945283e-08 1.9101196028600415e-08 7.0457731823462009e-09 1.1792332159869437e-09 5.7915014894758131e-11 2.0089581981365725e-13 
2.5471054922150166e-12 1.7409887670918810e-10 1.9281151181317459e-09 8.4884144386209034e-09 1.9101196028600415e-08 5.1971435096101829e-08 1.5951029617814954e-08 4.9690935184836433e-09 4.7788692367416425e-10 3.8260804087706304e-12 
8.5761681546398434e-14 1.1788848785810623e-11 2.3061299431630107e-10 1.7671266813971626e-09 7.0457731823462009e-09 1.5951029617814954e-08 4.8377790176424387e-08 1.2450988665023907e-08 2.5581609216065594e-09 5.2830861902080757e-11 
1.2151841564119492e-15 3.5072981854500644e-13 1.2405308601637428e-11 1.6607627001078661e-10 1.1792332159869437e-09 4.9690935184836433e-09 1.2450988665023907e-08 4.4814623650296009e-08 8.3497243287086963e-09 5.3769574108387922e-10 
3.9438757931225169e-18 2.5770037900803699e-15 1.7750532173745168e-13 4.3863593131275743e-12 5.7915014894758131e-11 4.7788692367416425e-10 2.5581609216065594e-09 8.3497243287086963e-09 4.1092207521833227e-08 3.6745920555769977e-09 
4.5972081772647933e-22 7.9476890091212869e-19 1.2731180267643075e-16 6.9329632056699046e-15 2.0089581981365725e-13 3.8260804087706304e-12 5.2830861902080757e-11 5.3769574108387922e-10 3.6745920555769977e-09 3.5303099140292906e-08 
