1.468415232800e-07 4.906295372133e-08 9.280381093031e-09 1.173147274810e-09 1.050102859442e-10 6.161788105898e-12 2.030117598352e-13 2.839725985340e-15 9.149001251361e-18 1.082181197425e-21 
4.906295372133e-08 1.425894881232e-07 6.447383448041e-08 1.912621024210e-08 3.551706352652e-09 4.156484222706e-10 2.770035162582e-11 8.167277245385e-13 5.979764213689e-15 1.878832214663e-18 
9.280381093031e-09 6.447383448041e-08 1.212487877502e-07 5.978926859745e-08 2.148469535759e-08 4.560108395472e-09 5.394391772716e-10 2.882060903943e-11 4.127356241754e-13 3.021571919850e-16 
1.173147274810e-09 1.912621024210e-08 5.978926859745e-08 1.053803998493e-07 5.222667194392e-08 1.993140232447e-08 4.118918090389e-09 3.853674752204e-10 1.023406929927e-11 1.652004601058e-14 
1.050102859442e-10 3.551706352652e-09 2.148469535759e-08 5.222667194392e-08 9.317910317768e-08 4.461160973991e-08 1.637320838878e-08 2.737450765981e-09 1.357455960838e-10 4.808112288982e-13 
6.161788105898e-12 4.156484222706e-10 4.560108395472e-09 1.993140232447e-08 4.461160973991e-08 8.347448332971e-08 3.700698222352e-08 1.157140214192e-08 1.126630677729e-09 9.208435874905e-12 
2.030117598352e-13 2.770035162582e-11 5.394391772716e-10 4.118918090389e-09 1.637320838878e-08 3.700698222352e-08 7.511079421012e-08 2.918931146829e-08 6.074550272688e-09 1.282348981862e-10 
2.839725985340e-15 8.167277245385e-13 2.882060903943e-11 3.853674752204e-10 2.737450765981e-09 1.157140214192e-08 2.918931146829e-08 6.752251970794e-08 2.002270014282e-08 1.325516533546e-09 
9.149001251361e-18 5.979764213689e-15 4.127356241754e-13 1.023406929927e-11 1.357455960838e-10 1.126630677729e-09 6.074550272688e-09 2.002270014282e-08 5.971453860039e-08 9.334011073642e-09 
1.082181197425e-21 1.878832214663e-18 3.021571919850e-16 1.652004601058e-14 4.808112288982e-13 9.208435874905e-12 1.282348981862e-10 1.325516533546e-09 9.334011073642e-09 4.714043622412e-08 
