8.564076318405e-08 2.598997529767e-08 5.126634977040e-09 6.667245344009e-10 6.081965959754e-11 3.618867497081e-12 1.202785604057e-13 1.686725519205e-15 5.437100870696e-18 6.305236131412e-22 
2.598997529767e-08 9.097653088431e-08 3.639286680961e-08 1.101629639490e-08 2.075531438033e-09 2.455313698276e-10 1.643648727965e-11 4.855910448195e-13 3.543803361020e-15 1.091294545932e-18 
5.126634977040e-09 3.639286680961e-08 8.166262647905e-08 3.481308549090e-08 1.264696330168e-08 2.702038350569e-09 3.203622588075e-10 1.713965567544e-11 2.436360502878e-13 1.750300209482e-16 
6.667245344009e-10 1.101629639490e-08 3.481308549090e-08 7.357048637907e-08 3.090799233802e-08 1.182835749887e-08 2.448246087170e-09 2.289397613705e-10 6.013966171654e-12 9.542626868129e-15 
6.081965959754e-11 2.075531438033e-09 1.264696330168e-08 3.090799233802e-08 6.675411582291e-08 2.650285376610e-08 9.736965177115e-09 1.621499070785e-09 7.939320904777e-11 2.767804512802e-13 
3.618867497081e-12 2.455313698276e-10 2.702038350569e-09 1.182835749887e-08 2.650285376610e-08 6.107350325818e-08 2.197427796459e-08 6.816953926763e-09 6.557396505947e-10 5.275096971615e-12 
1.202785604057e-13 1.643648727965e-11 3.203622588075e-10 2.448246087170e-09 9.736965177115e-09 2.197427796459e-08 5.589680054412e-08 1.706906371992e-08 3.517285435003e-09 7.288205813318e-11 
1.686725519205e-15 4.855910448195e-13 1.713965567544e-11 2.289397613705e-10 1.621499070785e-09 6.816953926763e-09 1.706906371992e-08 5.102201779291e-08 1.150533584498e-08 7.427564294387e-10 
5.437100870696e-18 3.543803361020e-15 2.436360502878e-13 6.013966171654e-12 7.939320904777e-11 6.557396505947e-10 3.517285435003e-09 1.150533584498e-08 4.599322795969e-08 5.109202613831e-09 
6.305236131412e-22 1.091294545932e-18 1.750300209482e-16 9.542626868129e-15 2.767804512802e-13 5.275096971615e-12 7.288205813318e-11 7.427564294387e-10 5.109202613831e-09 3.825805132820e-08 
