1.8584058934028735e-07 6.2736279452176687e-08 1.1707107043603318e-08 1.4691494155951379e-09 1.3101319341429116e-10 7.6820957930026427e-12 2.5381386053314026e-13 3.5611677549292911e-15 1.1582457579762627e-17 1.3861209280570213e-21 
6.2736279452176687e-08 1.7278717861766747e-07 8.0866500442765262e-08 2.3887573563611496e-08 4.4274999347470834e-09 5.1896768049726709e-10 3.4679675929856154e-11 1.0269926771887173e-12 7.5959979050258312e-15 2.4129386339495537e-18 
1.1707107043603318e-08 8.0866500442765262e-08 1.4446729472058271e-07 7.4546523576284943e-08 2.6798730165965529e-08 5.7021570854779725e-09 6.7630545221626110e-10 3.6359142502879477e-11 5.2553209589269110e-13 3.8931539289888448e-16 
1.4691494155951379e-09 2.3887573563611496e-08 7.4546523576284943e-08 1.2444177090846238e-07 6.5258490085569497e-08 2.4958330857706856e-08 5.1754535810706440e-09 4.8786459812555510e-10 1.3055641510578928e-11 2.1368450291469049e-14 
1.3101319341429116e-10 4.4274999347470834e-09 2.6798730165965529e-08 6.5258490085569497e-08 1.0953850562952949e-07 5.5971309094608771e-08 2.0647816219528859e-08 3.4775846110620506e-09 1.7352939871628084e-10 6.2474257210733263e-13 
7.6820957930026427e-12 5.1896768049726709e-10 5.7021570854779725e-09 2.4958330857706856e-08 5.5971309094608771e-08 9.7821349956877168e-08 4.6895588454284852e-08 1.4746051527426783e-08 1.4446826503072807e-09 1.2026336503894905e-11 
2.5381386053314026e-13 3.4679675929856154e-11 6.7630545221626110e-10 5.1754535810706440e-09 2.0647816219528859e-08 4.6895588454284852e-08 8.7920620580249605e-08 3.7316213793556548e-08 7.8323714158873383e-09 1.6841620955120082e-10 
3.5611677549292911e-15 1.0269926771887173e-12 3.6359142502879477e-11 4.8786459812555510e-10 3.4775846110620506e-09 1.4746051527426783e-08 3.7316213793556548e-08 7.8766683029385209e-08 2.6059476021949553e-08 1.7506040573185828e-09 
1.1582457579762627e-17 7.5959979050258312e-15 5.2553209589269110e-13 1.3055641510578928e-11 1.7352939871628084e-10 1.4446826503072807e-09 7.8323714158873383e-09 2.6059476021949553e-08 6.9691434536888549e-08 1.2401124342475315e-08 
1.3861209280570213e-21 2.4129386339495537e-18 3.8931539289888448e-16 2.1368450291469049e-14 6.2474257210733263e-13 1.2026336503894905e-11 1.6841620955120082e-10 1.7506040573185828e-09 1.2401124342475315e-08 5.3831486167589416e-08 
