7.2485062131755131e-08 2.0597465715297094e-08 4.1272636978654464e-09 5.4302870327788002e-10 5.0002437569092687e-11 2.9956984989114212e-12 1.0027900670677549e-13 1.4135894125253974e-15 4.5676606331759125e-18 5.3069245813607239e-22 
2.0597465715297094e-08 7.8608965993638513e-08 2.9555380583175905e-08 9.0305674057932547e-09 1.7139874207780588e-09 2.0406023541891257e-10 1.3747686237688709e-11 4.0723862574738394e-13 2.9814947149861510e-15 9.1730863752355085e-19 
4.1272636978654464e-09 2.9555380583175905e-08 7.1970302838646857e-08 2.8698416471277049e-08 1.0484347730022906e-08 2.2536940505078566e-09 2.6838899037359720e-10 1.4384353879972370e-11 2.0520721631501628e-13 1.4693378867636611e-16 
5.4302870327788002e-10 9.0305674057932547e-09 2.8698416471277049e-08 6.5780857282642860e-08 2.5733786200262073e-08 9.8959294920381835e-09 2.0528699378905285e-09 1.9234598400609885e-10 5.0677602252648839e-12 8.0019314714974741e-15 
5.0002437569092687e-11 1.7139874207780588e-09 1.0484347730022906e-08 2.5733786200262073e-08 6.0436905556468909e-08 2.2213148456974043e-08 8.1710123197647443e-09 1.3642774981629690e-09 6.6878312524506180e-11 2.3190757766166752e-13 
2.9956984989114212e-12 2.0406023541891257e-10 2.2536940505078566e-09 9.8959294920381835e-09 2.2213148456974043e-08 5.5779709280145828e-08 1.8468491606077460e-08 5.7429826421812034e-09 5.5164464340276313e-10 4.4179729532241033e-12 
1.0027900670677549e-13 1.3747686237688709e-11 2.6838899037359720e-10 2.0528699378905285e-09 8.1710123197647443e-09 1.8468491606077460e-08 5.1526976027279571e-08 1.4377759515796092e-08 2.9525708331715875e-09 6.1034647271941567e-11 
1.4135894125253974e-15 4.0723862574738394e-13 1.4384353879972370e-11 1.9234598400609885e-10 1.3642774981629690e-09 5.7429826421812034e-09 1.4377759515796092e-08 4.7375735720144849e-08 9.6397624850663800e-09 6.2179884544839082e-10 
4.5676606331759125e-18 2.9814947149861510e-15 2.0520721631501628e-13 5.0677602252648839e-12 6.6878312524506180e-11 5.5164464340276313e-10 2.9525708331715875e-09 9.6397624850663800e-09 4.3100100513207596e-08 4.2586839937109537e-09 
5.3069245813607239e-22 9.1730863752355085e-19 1.4693378867636611e-16 8.0019314714974741e-15 2.3190757766166752e-13 4.4179729532241033e-12 6.1034647271941567e-11 6.2179884544839082e-10 4.2586839937109537e-09 3.6479594301724970e-08 
