6.6353777622459894e-08 1.7995985969051941e-08 3.6371964837767572e-09 4.8184848698296257e-10 4.4614688343598180e-11 2.6851016376782951e-12 9.0232356643308372e-14 1.2762889127551534e-15 4.1357861644632922e-18 4.8149035572026976e-22 
1.7995985969051941e-08 7.2559274535451291e-08 2.6180265593072639e-08 8.0436039519807512e-09 1.5337611980795826e-09 1.8332149875599298e-10 1.2392231113714461e-11 3.6812563144143483e-13 2.7014205690472946e-15 8.3231541471270193e-19 
3.6371964837767572e-09 2.6180265593072639e-08 6.7157633436757257e-08 2.5650403845193153e-08 9.4054233085909190e-09 2.0283808320717373e-09 2.4224763453054841e-10 1.3014330729164165e-11 1.8602334319881290e-13 1.3331783555687566e-16 
4.8184848698296257e-10 8.0436039519807512e-09 2.5650403845193153e-08 6.1896550938364060e-08 2.3140281355128983e-08 8.9219680025439362e-09 1.8551018806349981e-09 1.7415832401211986e-10 4.5957626689462227e-12 7.2598505145783078e-15 
4.4614688343598180e-11 1.5337611980795826e-09 9.4054233085909190e-09 2.3140281355128983e-08 5.7253076876162147e-08 2.0059537138997300e-08 7.3920621762434267e-09 1.2361482373474592e-09 6.0667037672022349e-11 2.1037112132984297e-13 
2.6851016376782951e-12 1.8332149875599298e-10 2.0283808320717373e-09 8.9219680025439362e-09 2.0059537138997300e-08 5.3143553419492050e-08 1.6725495304976679e-08 5.2069968390954440e-09 5.0050224644830263e-10 4.0067884550240455e-12 
9.0232356643308372e-14 1.2392231113714461e-11 2.4224763453054841e-10 1.8551018806349981e-09 7.3920621762434267e-09 1.6725495304976679e-08 4.9346129262866764e-08 1.3042542826197635e-08 2.6788758744049516e-09 5.5333546025188706e-11 
1.2762889127551534e-15 3.6812563144143483e-13 1.3014330729164165e-11 1.7415832401211986e-10 1.2361482373474592e-09 5.2069968390954440e-09 1.3042542826197635e-08 4.5599081538779208e-08 8.7438012745397182e-09 5.6332091451283944e-10 
4.1357861644632922e-18 2.7014205690472946e-15 1.8602334319881290e-13 4.5957626689462227e-12 6.0667037672022349e-11 5.0050224644830263e-10 2.6788758744049516e-09 8.7438012745397182e-09 4.1704403209941451e-08 3.8519812025952165e-09 
4.8149035572026976e-22 8.3231541471270193e-19 1.3331783555687566e-16 7.2598505145783078e-15 2.1037112132984297e-13 4.0067884550240455e-12 5.5333546025188706e-11 5.6332091451283944e-10 3.8519812025952165e-09 3.5658161014524050e-08 
