2.4955911648801206e-06 1.2345307806429353e-06 9.1015812912827926e-07 7.1631911175623568e-07 5.7714427659152116e-07 4.6657219285911083e-07 3.7205007842389072e-07 2.8555222706870882e-07 1.9901998603033481e-07 8.4221381209922110e-08 
1.2345307806429353e-06 6.1921355536950021e-07 4.5740162829994001e-07 3.6221911934998952e-07 2.9389241625825793e-07 2.3961043775074077e-07 1.9319927901711535e-07 1.5071572387689151e-07 1.0820646922012558e-07 5.1923939666780517e-08 
9.1015812912827926e-07 4.5740162829994001e-07 3.4321394807197794e-07 2.7091725894439822e-07 2.2084696385217845e-07 1.8106992100967751e-07 1.4705657953697312e-07 1.1591533779536062e-07 8.4750570509482209e-08 4.3547026386996702e-08 
7.1631911175623568e-07 3.6221911934998952e-07 2.7091725894439822e-07 2.1889163276761446e-07 1.7719328139480865e-07 1.4608315801845228e-07 1.1947745979542548e-07 9.5113617698178488e-08 7.0727747482079662e-08 3.8534573109647906e-08 
5.7714427659152116e-07 2.9389241625825793e-07 2.2084696385217845e-07 1.7719328139480865e-07 1.4840931674687588e-07 1.2098678928566168e-07 9.9700491564788434e-08 8.0202806175504596e-08 6.0684722952163793e-08 3.4962175352158843e-08 
4.6657219285911083e-07 2.3961043775074077e-07 1.8106992100967751e-07 1.4608315801845228e-07 1.2098678928566168e-07 1.0359039681564164e-07 8.3994366376926295e-08 6.8362289125231852e-08 5.2710176527101903e-08 3.2128005742021157e-08 
3.7205007842389072e-07 1.9319927901711535e-07 1.4705657953697312e-07 1.1947745979542548e-07 9.9700491564788434e-08 8.3994366376926295e-08 7.3093176932876290e-08 5.8230689867211744e-08 4.5880388107586283e-08 2.9688010125564188e-08 
2.8555222706870882e-07 1.5071572387689151e-07 1.1591533779536062e-07 9.5113617698178488e-08 8.0202806175504596e-08 6.8362289125231852e-08 5.8230689867211744e-08 5.1481226371417603e-08 3.9621724882493016e-08 2.7431921624311101e-08 
1.9901998603033481e-07 1.0820646922012558e-07 8.4750570509482209e-08 7.0727747482079662e-08 6.0684722952163793e-08 5.2710176527101903e-08 4.5880388107586283e-08 3.9621724882493016e-08 3.5905699099671357e-08 2.5182889618304791e-08 
8.4221381209922110e-08 5.1923939666780517e-08 4.3547026386996702e-08 3.8534573109647906e-08 3.4962175352158843e-08 3.2128005742021157e-08 2.9688010125564188e-08 2.7431921624311101e-08 2.5182889618304791e-08 2.5009295665011424e-08 
