2.599314295198e-09 9.381215671415e-11 1.059051195128e-10 1.131931675704e-10 1.184248538340e-10 1.225841665428e-10 1.261484198378e-10 1.294295801918e-10 1.327593955963e-10 1.373191298618e-10 
9.381215671415e-11 2.703628348956e-09 1.981065437822e-10 2.187459380997e-10 2.335652760187e-10 2.453303368571e-10 2.554125201456e-10 2.646945822238e-10 2.741143706037e-10 2.870138196984e-10 
1.059051195128e-10 1.981065437822e-10 2.786573592972e-09 2.818217765154e-10 3.064004233367e-10 3.258425317640e-10 3.424783980713e-10 3.577945349745e-10 3.733389883544e-10 3.946259932375e-10 
1.131931675704e-10 2.187459380997e-10 2.818217765154e-10 2.866666613216e-09 3.636931939475e-10 3.919741784907e-10 4.160501357461e-10 4.381759962492e-10 4.606323286365e-10 4.913873453541e-10 
1.184248538340e-10 2.335652760187e-10 3.064004233367e-10 3.636931939475e-10 2.949215493673e-09 4.495706250753e-10 4.826718941908e-10 5.129039181860e-10 5.435390969312e-10 5.855070249786e-10 
1.225841665428e-10 2.453303368571e-10 3.258425317640e-10 3.919741784907e-10 4.495706250753e-10 3.038306739936e-09 5.438154333839e-10 5.838612284823e-10 6.241212920354e-10 6.792479290866e-10 
1.261484198378e-10 2.554125201456e-10 3.424783980713e-10 4.160501357461e-10 4.826718941908e-10 5.438154333839e-10 3.138643987176e-09 6.527018614408e-10 7.047912078217e-10 7.754474465820e-10 
1.294295801918e-10 2.646945822238e-10 3.577945349745e-10 4.381759962492e-10 5.129039181860e-10 5.838612284823e-10 6.527018614408e-10 3.259524185719e-09 7.899691498903e-10 8.797028170310e-10 
1.327593955963e-10 2.741143706037e-10 3.733389883544e-10 4.606323286365e-10 5.435390969312e-10 6.241212920354e-10 7.047912078217e-10 7.899691498903e-10 3.424038504177e-09 1.006287734096e-09 
1.373191298618e-10 2.870138196984e-10 3.946259932375e-10 4.913873453541e-10 5.855070249786e-10 6.792479290866e-10 7.754474465820e-10 8.797028170310e-10 1.006287734096e-09 3.752633840760e-09 
