9.2554303429714422e-08 4.4703344376900932e-08 3.3024040529209382e-08 2.6044076213013559e-08 2.1032276635258817e-08 1.7050320523442469e-08 1.3645790313950311e-08 1.0528780300295172e-08 7.4069937949432822e-09 3.2629153371272370e-09 
4.4703344376900932e-08 2.4952843356603979e-08 1.6668523551221688e-08 1.3234563705789734e-08 1.0769353509365275e-08 8.8107471055630187e-09 7.1358480952353616e-09 5.6019647504521814e-09 4.0653948238807478e-09 2.0293032193825460e-09 
3.3024040529209382e-08 1.6668523551221688e-08 1.4990341674054039e-08 9.9317758173190549e-09 8.1228167907225264e-09 6.6856211693367550e-09 5.4564599394311393e-09 4.3305650935589021e-09 3.2025203801369752e-09 1.7096673141959944e-09 
2.6044076213013559e-08 1.3234563705789734e-08 9.9317758173190549e-09 1.0496378637551705e-08 6.5411754264127820e-09 5.4155690239046464e-09 4.4527677792544126e-09 3.5706889441453044e-09 2.6867878579195679e-09 1.5185843402561454e-09 
2.1032276635258817e-08 1.0769353509365275e-08 8.1228167907225264e-09 6.5411754264127820e-09 7.9446943482777673e-09 4.5044502328476876e-09 3.7329296618924602e-09 3.0259199901633781e-09 2.3173415583025523e-09 1.3822885790034662e-09 
1.7050320523442469e-08 8.8107471055630187e-09 6.6856211693367550e-09 5.4155690239046464e-09 4.5044502328476876e-09 6.3190924559599297e-09 3.1611506040483830e-09 2.5932182870499851e-09 2.0238879495926292e-09 1.2740592005163203e-09 
1.3645790313950311e-08 7.1358480952353616e-09 5.4564599394311393e-09 4.4527677792544126e-09 3.7329296618924602e-09 3.1611506040483830e-09 5.2102672395816519e-09 2.2228808332578420e-09 1.7725056948872026e-09 1.1808929788003553e-09 
1.0528780300295172e-08 5.6019647504521814e-09 4.3305650935589021e-09 3.5706889441453044e-09 3.0259199901633781e-09 2.5932182870499851e-09 2.2228808332578420e-09 4.4217125403311818e-09 1.5420229691440513e-09 1.0947849366739302e-09 
7.4069937949432822e-09 4.0653948238807478e-09 3.2025203801369752e-09 2.6867878579195679e-09 2.3173415583025523e-09 2.0238879495926292e-09 1.7725056948872026e-09 1.5420229691440513e-09 3.8498089385570622e-09 1.0087337253396210e-09 
3.2629153371272370e-09 2.0293032193825460e-09 1.7096673141959944e-09 1.5185843402561454e-09 1.3822885790034662e-09 1.2740592005163203e-09 1.1808929788003553e-09 1.0947849366739302e-09 1.0087337253396210e-09 3.4418989011986868e-09 
