1.2470303171135149e-07 6.0781636360123162e-08 4.4959496824778895e-08 3.5503380703300375e-08 2.8713795244492880e-08 2.3319301581455069e-08 1.8706713942283987e-08 1.4483116081444713e-08 1.0252566031825165e-08 4.6412829199173213e-09 
6.0781636360123162e-08 3.3049299151840787e-08 2.2707123979960874e-08 1.8043164300744425e-08 1.4694941416370376e-08 1.2034726298604421e-08 9.7596794993653587e-09 7.6758887803125866e-09 5.5881253335180197e-09 2.8236068097775174e-09 
4.4959496824778895e-08 2.2707123979960874e-08 1.9508538021283712e-08 1.3541194674479150e-08 1.1079858331920043e-08 9.1243011788759045e-09 7.4516891541753419e-09 5.9193802850942719e-09 4.3838643184230563e-09 2.3530133144953068e-09 
3.5503380703300375e-08 1.8043164300744425e-08 1.3541194674479150e-08 1.3389020676881754e-08 8.9192953919879519e-09 7.3848460883857351e-09 6.0722427961679528e-09 4.8695107594230872e-09 3.6640376903368022e-09 2.0716503358704284e-09 
2.8713795244492880e-08 1.4694941416370376e-08 1.1079858331920043e-08 8.9192953919879519e-09 9.9072942841955234e-09 6.1368611785562428e-09 5.0827791555750251e-09 4.1166876288717494e-09 3.1482122746755609e-09 1.8706968449017591e-09 
2.3319301581455069e-08 1.2034726298604421e-08 9.1243011788759045e-09 7.3848460883857351e-09 6.1368611785562428e-09 7.6838274151889509e-09 4.2967688118904842e-09 3.5186699663121057e-09 2.7384317013239875e-09 1.7110643615286824e-09 
1.8706713942283987e-08 9.7596794993653587e-09 7.4516891541753419e-09 6.0722427961679528e-09 5.0827791555750251e-09 4.2967688118904842e-09 6.1625002699474529e-09 3.0068118071452817e-09 2.3873971356782443e-09 1.5737260281893014e-09 
1.4483116081444713e-08 7.6758887803125866e-09 5.9193802850942719e-09 4.8695107594230872e-09 4.1166876288717494e-09 3.5186699663121057e-09 3.0068118071452817e-09 5.0757695066116236e-09 2.0654647696887021e-09 1.4468394802944716e-09 
1.0252566031825165e-08 5.5881253335180197e-09 4.3838643184230563e-09 3.6640376903368022e-09 3.1482122746755609e-09 2.7384317013239875e-09 2.3873971356782443e-09 2.0654647696887021e-09 4.2814940766439598e-09 1.3198047401185906e-09 
4.6412829199173213e-09 2.8236068097775174e-09 2.3530133144953068e-09 2.0716503358704284e-09 1.8706968449017591e-09 1.7110643615286824e-09 1.5737260281893014e-09 1.4468394802944716e-09 1.3198047401185906e-09 3.7012365561212483e-09 
