2.559355779464e-09 3.388056118168e-11 3.883601645502e-11 4.182693872644e-11 4.397386291811e-11 4.568069987150e-11 4.714334999035e-11 4.848982901519e-11 4.985627448552e-11 5.172745214448e-11 
3.388056118168e-11 2.602209636141e-09 7.820675781856e-11 8.731714071424e-11 9.385944810459e-11 9.905303860403e-11 1.035037817038e-10 1.076013281922e-10 1.117596739559e-10 1.174541371376e-10 
3.883601645502e-11 7.820675781856e-11 2.639217198736e-09 1.160760434665e-10 1.272663346091e-10 1.361180624710e-10 1.436924083133e-10 1.506659655859e-10 1.577434606477e-10 1.674356081004e-10 
4.182693872644e-11 8.731714071424e-11 1.160760434665e-10 2.675935355675e-09 1.538643999021e-10 1.669355954547e-10 1.780658685665e-10 1.882960739122e-10 1.986790997735e-10 2.128990584193e-10 
4.397386291811e-11 9.385944810459e-11 1.272663346091e-10 1.538643999021e-10 2.714220756780e-09 1.937895557848e-10 2.091765351104e-10 2.232391915944e-10 2.374922468476e-10 2.570171675048e-10 
4.568069987150e-11 9.905303860403e-11 1.361180624710e-10 1.669355954547e-10 1.937895557848e-10 2.755630688676e-09 2.375686983460e-10 2.561743113092e-10 2.749039976516e-10 3.005521162010e-10 
4.714334999035e-11 1.035037817038e-10 1.436924083133e-10 1.780658685665e-10 2.091765351104e-10 2.375686983460e-10 2.802062949805e-09 2.878012792735e-10 3.118980883800e-10 3.446461230960e-10 
4.848982901519e-11 1.076013281922e-10 1.506659655859e-10 1.882960739122e-10 2.232391915944e-10 2.561743113092e-10 2.878012792735e-10 2.857402713086e-09 3.503527741019e-10 3.916832509894e-10 
4.985627448552e-11 1.117596739559e-10 1.577434606477e-10 1.986790997735e-10 2.374922468476e-10 2.749039976516e-10 3.118980883800e-10 3.503527741019e-10 2.931307481650e-09 4.473675541548e-10 
5.172745214448e-11 1.174541371376e-10 1.674356081004e-10 2.128990584193e-10 2.570171675048e-10 3.005521162010e-10 3.446461230960e-10 3.916832509894e-10 4.473675541548e-10 3.074310531157e-09 
