2.1276709601461012e-08 9.1693852659136965e-09 6.7036487379266295e-09 5.2303899839200810e-09 4.1725614680299280e-09 3.3323081272989929e-09 2.6144716787010241e-09 1.9582893987997511e-09 1.3025753507812411e-09 4.2756771775168663e-10 
9.1693852659136965e-09 7.0821074252485099e-09 3.3513716810801931e-09 2.6389953998783026e-09 2.1276546292790314e-09 1.7215214453221269e-09 1.3744930884528017e-09 1.0572011969057080e-09 7.4016999450807364e-10 3.1826597807380692e-10 
6.7036487379266295e-09 3.3513716810801931e-09 5.0256928022545654e-09 1.9708693250728159e-09 1.6003064025625877e-09 1.3060036663604775e-09 1.0545020594649108e-09 8.2451620107991396e-10 5.9473676547427653e-10 2.8955914558334793e-10 
5.2303899839200810e-09 2.6389953998783026e-09 1.9708693250728159e-09 4.1101465007819947e-09 1.2852305871210288e-09 1.0577376769151043e-09 8.6330309731142526e-10 6.8547787152567944e-10 5.0782884443863834e-10 2.7239149558376004e-10 
4.1725614680299280e-09 2.1276546292790314e-09 1.6003064025625877e-09 1.2852305871210288e-09 3.5977192431823563e-09 8.7975597401641456e-10 7.2630593541872930e-10 5.8593440927532088e-10 4.4572350509866211e-10 2.6037608016476621e-10 
3.3323081272989929e-09 1.7215214453221269e-09 1.3060036663604775e-09 1.0577376769151043e-09 8.7975597401641456e-10 3.2769130431602745e-09 6.1756748436083385e-10 5.0694147654970009e-10 3.9645426204949399e-10 2.5089100182439529e-10 
2.6144716787010241e-09 1.3744930884528017e-09 1.0545020594649108e-09 8.6330309731142526e-10 7.2630593541872930e-10 6.1756748436083385e-10 3.0630474881617564e-09 4.3939297148690261e-10 3.5426922181888884e-10 2.4265224576583148e-10 
1.9582893987997511e-09 1.0572011969057080e-09 8.2451620107991396e-10 6.8547787152567944e-10 5.8593440927532088e-10 5.0694147654970009e-10 4.3939297148690261e-10 2.9160514370200945e-09 3.1571278924910122e-10 2.3499226907858962e-10 
1.3025753507812411e-09 7.4016999450807364e-10 5.9473676547427653e-10 5.0782884443863834e-10 4.4572350509866211e-10 3.9645426204949399e-10 3.5426922181888884e-10 3.1571278924910122e-10 2.8159234842518230e-09 2.2762514243565276e-10 
4.2756771775168663e-10 3.1826597807380692e-10 2.8955914558334793e-10 2.7239149558376004e-10 2.6037608016476621e-10 2.5089100182439529e-10 2.4265224576583148e-10 2.3499226907858962e-10 2.2762514243565276e-10 2.7589194169595977e-09 
