3.710038837194e-07 1.261336747357e-07 2.333764033483e-08 2.939909058491e-09 2.650249443841e-10 1.582703636300e-11 5.358493621739e-13 7.757673295115e-15 2.631445023985e-17 3.346644265407e-21 
1.261336747357e-07 3.165224928719e-07 1.615607572115e-07 4.811399938563e-08 9.053350918849e-09 1.083674451757e-09 7.431454807681e-11 2.271635748188e-12 1.750239640851e-14 5.884091373293e-18 
2.333764033483e-08 1.615607572115e-07 2.619868994814e-07 1.517003565353e-07 5.548221528918e-08 1.206365693912e-08 1.468824590193e-09 8.151776134767e-11 1.226009415864e-12 9.585793215833e-16 
2.939909058491e-09 4.811399938563e-08 1.517003565353e-07 2.268700402260e-07 1.371397532019e-07 5.358491555627e-08 1.140047723249e-08 1.108685520913e-09 3.081930648321e-11 5.314179477795e-14 
2.650249443841e-10 9.053350918849e-09 5.548221528918e-08 1.371397532019e-07 2.021757280991e-07 1.222406766512e-07 4.622271192774e-08 8.020304651682e-09 4.146825924450e-10 1.570368422481e-12 
1.582703636300e-11 1.083674451757e-09 1.206365693912e-08 5.358491555627e-08 1.222406766512e-07 1.833117755059e-07 1.069777529915e-07 3.458222127819e-08 3.500832686387e-09 3.059015620133e-11 
5.358493621739e-13 7.431454807681e-11 1.468824590193e-09 1.140047723249e-08 4.622271192774e-08 1.069777529915e-07 1.674352984832e-07 8.921218042099e-08 1.931255318779e-08 4.343429846762e-10 
7.757673295115e-15 2.271635748188e-12 8.151776134767e-11 1.108685520913e-09 8.020304651682e-09 3.458222127819e-08 8.921218042099e-08 1.519322370868e-07 6.575787533833e-08 4.591507977634e-09 
2.631445023985e-17 1.750239640851e-14 1.226009415864e-12 3.081930648321e-11 4.146825924450e-10 3.500832686387e-09 1.931255318779e-08 6.575787533833e-08 1.360409074113e-07 3.322701821522e-08 
3.346644265407e-21 5.884091373293e-18 9.585793215833e-16 5.314179477795e-14 1.570368422481e-12 3.059015620133e-11 4.343429846762e-10 4.591507977634e-09 3.322701821522e-08 9.945061598411e-08 
