1.5245923147627188e-07 5.1111400499117548e-08 9.6458727573870744e-09 1.2176618405476174e-09 1.0887927685093845e-10 6.3850298490621382e-12 2.1044307073465967e-13 2.9393398184837433e-15 9.4928447652859628e-18 1.1210825451649294e-21 
5.1111400499117548e-08 1.4713748885751440e-07 6.6938521497208298e-08 1.9839006745743141e-08 3.6806335311781332e-09 4.3084087647855965e-10 2.8694099803497712e-11 8.4561880867023021e-13 6.2089306446686780e-15 1.9465485864612736e-18 
9.6458727573870744e-09 6.6938521497208298e-08 1.2473135118125053e-07 6.1969902337444116e-08 2.2265481430401676e-08 4.7263748150396175e-09 5.5846526332793394e-10 2.9869687968670066e-11 4.2847945979359469e-13 3.1326951069879138e-16 
1.2176618405476174e-09 1.9839006745743141e-08 6.1969902337444116e-08 1.0817979725092293e-07 5.4137778055123508e-08 2.0644870563061213e-08 4.2642459984644376e-09 3.9982078573344616e-10 1.0616909914416922e-11 1.7148941021308338e-14 
1.0887927685093845e-10 3.6806335311781332e-09 2.2265481430401676e-08 5.4137778055123508e-08 9.5518312523407773e-08 4.6179358438345077e-08 1.6966949860873326e-08 2.8419716158050888e-09 1.4070721763197996e-10 4.9993378161754015e-13 
6.3850298490621382e-12 4.3084087647855965e-10 4.7263748150396175e-09 2.0644870563061213e-08 4.6179358438345077e-08 8.5457416031762037e-08 3.8405461543076660e-08 1.2008994860053104e-08 1.1673407413268641e-09 9.5918812979761827e-12 
2.1044307073465967e-13 2.8694099803497712e-11 5.5846526332793394e-10 4.2642459984644376e-09 1.6966949860873326e-08 3.8405461543076660e-08 7.6897947561731827e-08 3.0254835496477005e-08 6.3000878848209604e-09 1.3376776675068299e-10 
2.9393398184837433e-15 8.4561880867023021e-13 2.9869687968670066e-11 3.9982078573344616e-10 2.8419716158050888e-09 1.2008994860053104e-08 3.0254835496477005e-08 6.8956610435092702e-08 2.0830596257167445e-08 1.3824170435288910e-09 
9.4928447652859628e-18 6.2089306446686780e-15 4.2847945979359469e-13 1.0616909914416922e-11 1.4070721763197996e-10 1.1673407413268641e-09 6.3000878848209604e-09 2.0830596257167445e-08 6.1067544149868638e-08 9.7060783323734383e-09 
1.1210825451649294e-21 1.9465485864612736e-18 3.1326951069879138e-16 1.7148941021308338e-14 4.9993378161754015e-13 9.5918812979761827e-12 1.3376776675068299e-10 1.3824170435288910e-09 9.7060783323734383e-09 4.7978682587662307e-08 
