1.9718343504963353e-07 6.6692639770699054e-08 1.2415084777410422e-08 1.5563569841051195e-09 1.3875410258195787e-10 8.1366843340549879e-12 2.6885670014276725e-13 3.7753924871071425e-15 1.2306262845717714e-17 1.4792541953471153e-21 
6.6692639770699054e-08 1.8158148360561783e-07 8.5683881197326390e-08 2.5299706560988975e-08 4.6893140021169626e-09 5.4969663173795688e-10 3.6745184835051483e-11 1.0895704283423259e-12 8.0776580824651500e-15 2.5771965678614129e-18 
1.2415084777410422e-08 8.5683881197326390e-08 1.5134309747182617e-07 7.8952652309556701e-08 2.8384922245202649e-08 6.0403831587525233e-09 7.1691383533407259e-10 3.8602428121413080e-11 5.5932569474827325e-13 4.1614161562149317e-16 
1.5563569841051195e-09 2.5299706560988975e-08 7.8952652309556701e-08 1.3013709699541229e-07 6.9124887164146084e-08 2.6446425902064440e-08 5.4896992918895875e-09 5.1836452178630752e-10 1.3907387619819391e-11 2.2858523336223146e-14 
1.3875410258195787e-10 4.6893140021169626e-09 2.8384922245202649e-08 6.9124887164146084e-08 1.1437901640428335e-07 5.9345736051177085e-08 2.1919941900198143e-08 3.6983655048562328e-09 1.8503097157251425e-10 6.6884052377213672e-13 
8.1366843340549879e-12 5.4969663173795688e-10 6.0403831587525233e-09 2.6446425902064440e-08 5.9345736051177085e-08 1.0209143004975576e-07 4.9838560187693057e-08 1.5700384371578645e-08 1.5422085900002237e-09 1.2886507366339976e-11 
2.6885670014276725e-13 3.6745184835051483e-11 7.1691383533407259e-10 5.4896992918895875e-09 2.1919941900198143e-08 4.9838560187693057e-08 9.1758374661527041e-08 3.9791006554167902e-08 8.3728656189984247e-09 1.8065390505335337e-10 
3.7753924871071425e-15 1.0895704283423259e-12 3.8602428121413080e-11 5.1836452178630752e-10 3.6983655048562328e-09 1.5700384371578645e-08 3.9791006554167902e-08 8.2223216506155189e-08 2.7906755400476460e-08 1.8806157781565323e-09 
1.2306262845717714e-17 8.0776580824651500e-15 5.5932569474827325e-13 1.3907387619819391e-11 1.8503097157251425e-10 1.5422085900002237e-09 8.3728656189984247e-09 2.7906755400476460e-08 7.2736970928625562e-08 1.3354361008661053e-08 
1.4792541953471153e-21 2.5771965678614129e-18 4.1614161562149317e-16 2.2858523336223146e-14 6.6884052377213672e-13 1.2886507366339976e-11 1.8065390505335337e-10 1.8806157781565323e-09 1.3354361008661053e-08 5.5902468803071471e-08 
