1.4557112076374241e-07 4.8651616314863555e-08 9.2087298463378124e-09 1.1644684294451800e-09 1.0422425310517409e-10 6.1148196803753466e-12 2.0154311460397241e-13 2.8135960745331085e-15 9.0760406808177027e-18 1.0690900385940922e-21 
4.8651616314863555e-08 1.4169764438358637e-07 6.3989500949014634e-08 1.8985720954480842e-08 3.5244084124500134e-09 4.1263298383629922e-10 2.7475413869689841e-11 8.0912935540103626e-13 5.9334571879691451e-15 1.8553027703469775e-18 
9.2087298463378124e-09 6.3989500949014634e-08 1.2056818989644072e-07 5.9332694655775741e-08 2.1323881802831702e-08 4.5263486797616869e-09 5.3460648719318878e-10 2.8569783690986519e-11 4.0927257590827759e-13 2.9843420581595663e-16 
1.1644684294451800e-09 1.8985720954480842e-08 5.9332694655775741e-08 1.0479612499963470e-07 5.1849098239264588e-08 1.9767362558741218e-08 4.0806750485551736e-09 3.8226022166871760e-10 1.0135780201176820e-11 1.6328439784558983e-14 
1.0422425310517409e-10 3.5244084124500134e-09 2.1323881802831702e-08 5.1849098239264588e-08 9.2661200996868757e-08 4.4200922897762434e-08 1.6229276719437427e-08 2.7157660665369394e-09 1.3425188460468901e-10 4.7575384799194441e-13 
6.1148196803753466e-12 4.1263298383629922e-10 4.5263486797616869e-09 1.9767362558741218e-08 4.4200922897762434e-08 8.2975813118881482e-08 3.6714106430126773e-08 1.1468077602006013e-08 1.1129921036072661e-09 9.1222508028029050e-12 
2.0154311460397241e-13 2.7475413869689841e-11 5.3460648719318878e-10 4.0806750485551736e-09 1.6229276719437427e-08 3.6714106430126773e-08 7.4716145906125634e-08 2.8866164930763631e-08 6.0013360029610070e-09 1.2711660485409089e-10 
2.8135960745331085e-15 8.0912935540103626e-13 2.8569783690986519e-11 3.8226022166871760e-10 2.7157660665369394e-09 1.1468077602006013e-08 2.8866164930763631e-08 6.7039473472521529e-08 1.9819036196952434e-08 1.3121100657465132e-09 
9.0760406808177027e-18 5.9334571879691451e-15 4.0927257590827759e-13 1.0135780201176820e-11 1.3425188460468901e-10 1.1129921036072661e-09 6.0013360029610070e-09 1.9819036196952434e-08 5.9416167529341042e-08 9.1934688090941913e-09 
1.0690900385940922e-21 1.8553027703469775e-18 2.9843420581595663e-16 1.6328439784558983e-14 4.7575384799194441e-13 9.1222508028029050e-12 1.2711660485409089e-10 1.3121100657465132e-09 9.1934688090941913e-09 4.6869215679828690e-08 
