2.572109280155e-09 5.339018831014e-11 6.078656323364e-11 6.524718891656e-11 6.844918964516e-11 7.099485158198e-11 7.317632121584e-11 7.518453230164e-11 7.722253047582e-11 8.001333097307e-11 
5.339018831014e-11 2.636000286417e-09 1.184119696786e-10 1.315216112386e-10 1.409355392703e-10 1.484092782555e-10 1.548140226952e-10 1.607105040925e-10 1.666944989803e-10 1.748890684901e-10 
6.078656323364e-11 1.184119696786e-10 2.688955403715e-09 1.721816181358e-10 1.880056873131e-10 2.005242994805e-10 2.112367654685e-10 2.210995085928e-10 2.311092767118e-10 2.448170646720e-10 
6.524718891656e-11 1.315216112386e-10 1.721816181358e-10 2.740653248667e-09 2.251440294191e-10 2.434412756333e-10 2.590228819245e-10 2.733444182382e-10 2.878799059412e-10 3.077869799044e-10 
6.844918964516e-11 1.409355392703e-10 1.880056873131e-10 2.251440294191e-10 2.794080531916e-09 2.807178975220e-10 3.021313645071e-10 3.217005695758e-10 3.415341557158e-10 3.687040289488e-10 
7.099485158198e-11 1.484092782555e-10 2.005242994805e-10 2.434412756333e-10 2.807178975220e-10 2.851611801444e-09 3.414614629641e-10 3.672731009637e-10 3.932501515123e-10 4.288216835472e-10 
7.317632121584e-11 1.548140226952e-10 2.112367654685e-10 2.590228819245e-10 3.021313645071e-10 3.414614629641e-10 2.915998510230e-09 4.110941749371e-10 4.444721303341e-10 4.898076357568e-10 
7.518453230164e-11 1.607105040925e-10 2.210995085928e-10 2.733444182382e-10 3.217005695758e-10 3.672731009637e-10 4.110941749371e-10 2.992773406773e-09 4.978954367478e-10 5.550440308765e-10 
7.722253047582e-11 1.666944989803e-10 2.311092767118e-10 2.878799059412e-10 3.415341557158e-10 3.932501515123e-10 4.444721303341e-10 4.978954367478e-10 3.095656411906e-09 6.328358181633e-10 
8.001333097307e-11 1.748890684901e-10 2.448170646720e-10 3.077869799044e-10 3.687040289488e-10 4.288216835472e-10 4.898076357568e-10 5.550440308765e-10 6.328358181633e-10 3.296483809420e-09 
