2.542629272018e-09 7.078159311023e-12 8.251124405686e-12 8.961217675920e-12 9.470820296009e-12 9.875942575666e-12 1.022311185420e-11 1.054270892766e-11 1.086704611386e-11 1.131107459454e-11 
7.078159311023e-12 2.552803566608e-09 1.812044619082e-11 2.053883880938e-11 2.227495110207e-11 2.365230703185e-11 2.483268873174e-11 2.591943733152e-11 2.702231880173e-11 2.853233510716e-11 
8.251124405686e-12 1.812044619082e-11 2.562822045448e-09 2.869626808224e-11 3.188326881690e-11 3.440027067636e-11 3.655309372518e-11 3.853524022417e-11 4.054698629394e-11 4.330152901489e-11 
8.961217675920e-12 2.053883880938e-11 2.869626808224e-11 2.573500066462e-09 3.994440119892e-11 4.386808214238e-11 4.720397700759e-11 5.026895058080e-11 5.337982846147e-11 5.763983461405e-11 
9.470820296009e-12 2.227495110207e-11 3.188326881690e-11 3.994440119892e-11 2.585227773635e-09 5.240383458485e-11 5.722048307478e-11 6.161658013448e-11 6.607130272814e-11 7.217342122639e-11 
9.875942575666e-12 2.365230703185e-11 3.440027067636e-11 4.386808214238e-11 5.240383458485e-11 2.598422903870e-09 6.655651432069e-11 7.257379355294e-11 7.862493232923e-11 8.691074782895e-11 
1.022311185420e-11 2.483268873174e-11 3.655309372518e-11 4.720397700759e-11 5.722048307478e-11 6.655651432069e-11 2.613670391791e-09 8.324192297379e-11 9.123791788823e-11 1.020995370461e-10 
1.054270892766e-11 2.591943733152e-11 3.853524022417e-11 5.026895058080e-11 6.161658013448e-11 7.257379355294e-11 8.324192297379e-11 2.632280484655e-09 1.044635117193e-10 1.184744694029e-10 
1.086704611386e-11 2.702231880173e-11 4.054698629394e-11 5.337982846147e-11 6.607130272814e-11 7.862493232923e-11 9.123791788823e-11 1.044635117193e-10 2.657580794152e-09 1.379363511294e-10 
1.131107459454e-11 2.853233510716e-11 4.330152901489e-11 5.763983461405e-11 7.217342122639e-11 8.691074782895e-11 1.020995370461e-10 1.184744694029e-10 1.379363511294e-10 2.707110898360e-09 
