2.542298667658e-09 6.521419913852e-12 7.605573926747e-12 8.261988835723e-12 8.733062296765e-12 9.107553524230e-12 9.428473790888e-12 9.723906609822e-12 1.002372115261e-11 1.043417749991e-11 
6.521419913852e-12 2.551703515814e-09 1.674635135643e-11 1.899148390422e-11 2.060316945795e-11 2.188175160097e-11 2.297748673806e-11 2.398630575538e-11 2.501010106340e-11 2.641183691822e-11 
7.605573926747e-12 1.674635135643e-11 2.561011972114e-09 2.658709018251e-11 2.955559014671e-11 3.189974035859e-11 3.390466398356e-11 3.575064022506e-11 3.762418602669e-11 4.018950309940e-11 
8.261988835723e-12 1.899148390422e-11 2.658709018251e-11 2.570968784311e-09 3.708831941624e-11 4.075330498020e-11 4.386890777764e-11 4.673136836636e-11 4.963670859582e-11 5.361526363482e-11 
8.733062296765e-12 2.060316945795e-11 2.955559014671e-11 3.708831941624e-11 2.581936221064e-09 4.875350714402e-11 5.326408065739e-11 5.738028026503e-11 6.155130247410e-11 6.726484062801e-11 
9.107553524230e-12 2.188175160097e-11 3.189974035859e-11 4.075330498020e-11 4.875350714402e-11 2.594307625425e-09 6.203489763749e-11 6.768178516159e-11 7.335983306903e-11 8.113472588326e-11 
9.428473790888e-12 2.297748673806e-11 3.390466398356e-11 4.386890777764e-11 5.326408065739e-11 6.203489763749e-11 2.608632760675e-09 7.772523998339e-11 8.524334237963e-11 9.545455728134e-11 
9.723906609822e-12 2.398630575538e-11 3.575064022506e-11 4.673136836636e-11 5.738028026503e-11 6.768178516159e-11 7.772523998339e-11 2.626153438788e-09 9.771806443819e-11 1.109108829077e-10 
1.002372115261e-11 2.501010106340e-11 3.762418602669e-11 4.963670859582e-11 6.155130247410e-11 7.335983306903e-11 8.524334237963e-11 9.771806443819e-11 2.650012236462e-09 1.293070877096e-10 
1.043417749991e-11 2.641183691822e-11 4.018950309940e-11 5.361526363482e-11 6.726484062801e-11 8.113472588326e-11 9.545455728134e-11 1.109108829077e-10 1.293070877096e-10 2.696821151691e-09 
