2.572109236977e-09 5.339015625404e-11 6.078652589740e-11 6.524714839584e-11 6.844914685070e-11 7.099480695248e-11 7.317627488201e-11 7.518448388586e-11 7.722247701956e-11 8.001243687035e-11 
5.339015625404e-11 2.636000294517e-09 1.184119778788e-10 1.315216194503e-10 1.409355474827e-10 1.484092863943e-10 1.548140304807e-10 1.607105104424e-10 1.666944975190e-10 1.748872337361e-10 
6.078652589740e-11 1.184119778788e-10 2.688955412059e-09 1.721816265089e-10 1.880056956724e-10 2.005243077087e-10 2.112367731750e-10 2.210995142760e-10 2.311092714949e-10 2.448144929262e-10 
6.524714839584e-11 1.315216194503e-10 1.721816265089e-10 2.740653257120e-09 2.251440378953e-10 2.434412839634e-10 2.590228896091e-10 2.733444234014e-10 2.878798974809e-10 3.077837445767e-10 
6.844914685070e-11 1.409355474827e-10 1.880056956724e-10 2.251440378953e-10 2.794080540474e-09 2.807179059581e-10 3.021313722118e-10 3.217005743120e-10 3.415341442556e-10 3.687001517505e-10 
7.099480695248e-11 1.484092863943e-10 2.005243077087e-10 2.434412839634e-10 2.807179059581e-10 2.851611809780e-09 3.414614705006e-10 3.672731051112e-10 3.932501369681e-10 4.288171726961e-10 
7.317627488201e-11 1.548140304807e-10 2.112367731750e-10 2.590228896091e-10 3.021313722118e-10 3.414614705006e-10 2.915998516844e-09 4.110941777087e-10 4.444721118728e-10 4.898024811547e-10 
7.518448388586e-11 1.607105104424e-10 2.210995142760e-10 2.733444234014e-10 3.217005743120e-10 3.672731051112e-10 4.110941777087e-10 2.992773404939e-09 4.978954107009e-10 5.550381837618e-10 
7.722247701956e-11 1.666944975190e-10 2.311092714949e-10 2.878798974809e-10 3.415341442556e-10 3.932501369681e-10 4.444721118728e-10 4.978954107009e-10 3.095656355859e-09 6.328291209992e-10 
8.001243687035e-11 1.748872337361e-10 2.448144929262e-10 3.077837445767e-10 3.687001517505e-10 4.288171726961e-10 4.898024811547e-10 5.550381837618e-10 6.328291209992e-10 3.296467842140e-09 
