2.543699001560e-09 8.854274103922e-12 1.030218758097e-11 1.117839017031e-11 1.180722731159e-11 1.230714266434e-11 1.273554377642e-11 1.312992104893e-11 1.353014752342e-11 1.407806919505e-11 
8.854274103922e-12 2.556253617789e-09 2.240509322504e-11 2.535030551884e-11 2.746482288060e-11 2.914256996646e-11 3.058037843187e-11 3.190412621433e-11 3.324752408617e-11 3.508683998597e-11 
1.030218758097e-11 2.240509322504e-11 2.568424848567e-09 3.520061928122e-11 3.904578414879e-11 4.208342446757e-11 4.468179859479e-11 4.707416063643e-11 4.950223549517e-11 5.282681814832e-11 
1.117839017031e-11 2.535030551884e-11 3.520061928122e-11 2.581269238186e-09 4.868389299997e-11 5.338067831323e-11 5.737516598743e-11 6.104553143761e-11 6.477084510738e-11 6.987222007707e-11 
1.180722731159e-11 2.746482288060e-11 3.904578414879e-11 4.868389299997e-11 2.595262070356e-09 6.350553898008e-11 6.923233622749e-11 7.446059245419e-11 7.975891277732e-11 8.701647547322e-11 
1.230714266434e-11 2.914256996646e-11 4.208342446757e-11 5.338067831323e-11 6.350553898008e-11 2.610902554744e-09 8.023758618832e-11 8.735060582776e-11 9.450609405698e-11 1.043039947043e-10 
1.273554377642e-11 3.058037843187e-11 4.468179859479e-11 5.737516598743e-11 6.923233622749e-11 8.023758618832e-11 2.628872143844e-09 9.985884942197e-11 1.092666977745e-10 1.220483140674e-10 
1.312992104893e-11 3.190412621433e-11 4.707416063643e-11 6.104553143761e-11 7.446059245419e-11 8.735060582776e-11 9.985884942197e-11 2.650698692321e-09 1.246993379481e-10 1.411116093168e-10 
1.353014752342e-11 3.324752408617e-11 4.950223549517e-11 6.477084510738e-11 7.975891277732e-11 9.450609405698e-11 1.092666977745e-10 1.246993379481e-10 2.680222916321e-09 1.637018974649e-10 
1.407806919505e-11 3.508683998597e-11 5.282681814832e-11 6.987222007707e-11 8.701647547322e-11 1.043039947043e-10 1.220483140674e-10 1.411116093168e-10 1.637018974649e-10 2.737771366737e-09 
