2.542629277347e-09 7.078163560836e-12 8.251129473683e-12 8.961223241144e-12 9.470826217172e-12 9.875948783984e-12 1.022311832728e-11 1.054271571674e-11 1.086705363643e-11 1.131120099067e-11 
7.078163560836e-12 2.552803565418e-09 1.812044493595e-11 2.053883752701e-11 2.227494980411e-11 2.365230573475e-11 2.483268748291e-11 2.591943630742e-11 2.702231903861e-11 2.853263444185e-11 
8.251129473683e-12 1.812044493595e-11 2.562822044098e-09 2.869626668675e-11 3.188326739927e-11 3.440026926480e-11 3.655309239163e-11 3.853523923366e-11 4.054698720922e-11 4.330198389208e-11 
8.961223241144e-12 2.053883752701e-11 2.869626668675e-11 2.573500064998e-09 3.994439969510e-11 4.386808064130e-11 4.720397560716e-11 5.026894963127e-11 5.337983003022e-11 5.764044050620e-11 
9.470826217172e-12 2.227494980411e-11 3.188326739927e-11 3.994439969510e-11 2.585227772070e-09 5.240383301003e-11 5.722048161560e-11 6.161657922733e-11 6.607130494516e-11 7.217418019183e-11 
9.875948783984e-12 2.365230573475e-11 3.440026926480e-11 4.386808064130e-11 5.240383301003e-11 2.598422902274e-09 6.655651285170e-11 7.257379273338e-11 7.862493523714e-11 8.691166206810e-11 
1.022311832728e-11 2.483268748291e-11 3.655309239163e-11 4.720397560716e-11 5.722048161560e-11 6.655651285170e-11 2.613670390474e-09 8.324192241257e-11 9.123792167782e-11 1.021006115252e-10 
1.054271571674e-11 2.591943630742e-11 3.853523923366e-11 5.026894963127e-11 6.161657922733e-11 7.257379273338e-11 8.324192241257e-11 2.632280485034e-09 1.044635171842e-10 1.184757174861e-10 
1.086705363643e-11 2.702231903861e-11 4.054698720922e-11 5.337983003022e-11 6.607130494516e-11 7.862493523714e-11 9.123792167782e-11 1.044635171842e-10 2.657580806133e-09 1.379378108953e-10 
1.131120099067e-11 2.853263444185e-11 4.330198389208e-11 5.764044050620e-11 7.217418019183e-11 8.691166206810e-11 1.021006115252e-10 1.184757174861e-10 1.379378108953e-10 2.707114450653e-09 
