2.585604154801e-09 7.360227050638e-11 8.339295803140e-11 8.929491252392e-11 9.353159940804e-11 9.689987054610e-11 9.978626091816e-11 1.024434047650e-10 1.051399570893e-10 1.088314275946e-10 
7.360227050638e-11 2.670109828640e-09 1.586884901129e-10 1.756442437110e-10 1.878196262537e-10 1.974858917023e-10 2.057695275923e-10 2.133957857272e-10 2.211352217855e-10 2.317312861199e-10 
8.339295803140e-11 1.586884901129e-10 2.738377138896e-09 2.277287923898e-10 2.480137452891e-10 2.640614403817e-10 2.777935278773e-10 2.904362928583e-10 3.032675274739e-10 3.208357884937e-10 
8.929491252392e-11 1.756442437110e-10 2.277287923898e-10 2.804521441795e-09 2.953714273365e-10 3.187323222427e-10 3.386238760538e-10 3.569057768237e-10 3.754607679708e-10 4.008686474781e-10 
9.353159940804e-11 1.878196262537e-10 2.480137452891e-10 2.953714273365e-10 2.872673529181e-09 3.662121468687e-10 3.935066815301e-10 4.184440031068e-10 4.437162154507e-10 4.783319762305e-10 
9.689987054610e-11 1.974858917023e-10 2.640614403817e-10 3.187323222427e-10 3.662121468687e-10 2.946014201458e-09 4.436711566790e-10 4.765838948503e-10 5.096907022770e-10 5.550184237504e-10 
9.978626091816e-11 2.057695275923e-10 2.777935278773e-10 3.386238760538e-10 3.935066815301e-10 4.436711566790e-10 3.028248274355e-09 5.327200199788e-10 5.753621224408e-10 6.332350674908e-10 
1.024434047650e-10 2.133957857272e-10 2.904362928583e-10 3.569057768237e-10 4.184440031068e-10 4.765838948503e-10 5.327200199788e-10 3.126735974533e-09 6.442885486545e-10 7.174600605963e-10 
1.051399570893e-10 2.211352217855e-10 3.032675274739e-10 3.754607679708e-10 4.437162154507e-10 5.096907022770e-10 5.753621224408e-10 6.442885486545e-10 3.259711633983e-09 8.188310449082e-10 
1.088314275946e-10 2.317312861199e-10 3.208357884937e-10 4.008686474781e-10 4.783319762305e-10 5.550184237504e-10 6.332350674908e-10 7.174600605963e-10 8.188310449082e-10 3.522287143125e-09 
