2.575900390932e-09 5.911851673149e-11 6.720744279014e-11 7.208496916515e-11 7.558624964718e-11 7.836984844494e-11 8.075521409591e-11 8.295112649329e-11 8.517960684993e-11 8.823032924371e-11 
5.911851673149e-11 2.645756628908e-09 1.299581386545e-10 1.441834836863e-10 1.543983301763e-10 1.625080032114e-10 1.694577255317e-10 1.758559314985e-10 1.823490901130e-10 1.912389188772e-10 
6.720744279014e-11 1.299581386545e-10 2.703153244118e-09 1.881518109172e-10 2.052659156439e-10 2.188054561290e-10 2.303915652127e-10 2.410586195674e-10 2.518846787296e-10 2.667075451803e-10 
7.208496916515e-11 1.441834836863e-10 1.881518109172e-10 2.759025048041e-09 2.453513890830e-10 2.651109722609e-10 2.819374635545e-10 2.974029930982e-10 3.130995404627e-10 3.345932691719e-10 
7.558624964718e-11 1.543983301763e-10 2.052659156439e-10 2.453513890830e-10 2.816700695942e-09 3.053256809698e-10 3.284323693089e-10 3.495477979941e-10 3.709480575083e-10 4.002600448570e-10 
7.836984844494e-11 1.625080032114e-10 2.188054561290e-10 2.651109722609e-10 3.053256809698e-10 2.878772095492e-09 3.708541389756e-10 3.986974618247e-10 4.267154885977e-10 4.650767055610e-10 
8.075521409591e-11 1.694577255317e-10 2.303915652127e-10 2.819374635545e-10 3.284323693089e-10 3.708541389756e-10 2.948243019644e-09 4.460005814437e-10 4.820118292425e-10 5.309092478757e-10 
8.295112649329e-11 1.758559314985e-10 2.410586195674e-10 2.974029930982e-10 3.495477979941e-10 3.986974618247e-10 4.460005814437e-10 3.031158207902e-09 5.397871125382e-10 6.014610041340e-10 
8.517960684993e-11 1.823490901130e-10 2.518846787296e-10 3.130995404627e-10 3.709480575083e-10 4.267154885977e-10 4.820118292425e-10 5.397871125382e-10 3.142489611848e-09 6.858129566978e-10 
8.823032924371e-11 1.912389188772e-10 2.667075451803e-10 3.345932691719e-10 4.002600448570e-10 4.650767055610e-10 5.309092478757e-10 6.014610041340e-10 6.858129566978e-10 3.360501369036e-09 
