2.653663167783e-09 1.724388055330e-10 1.931459213382e-10 2.056233414107e-10 2.145798149160e-10 2.217003738562e-10 2.278022424943e-10 2.334194836587e-10 2.391200345019e-10 2.469236310463e-10 
1.724388055330e-10 2.832078358480e-09 3.490327218723e-10 3.837788136763e-10 4.087204070326e-10 4.285175511990e-10 4.454829262288e-10 4.611021381003e-10 4.769531782537e-10 4.986545222960e-10 
1.931459213382e-10 3.490327218723e-10 2.971643190917e-09 4.902000698122e-10 5.317951203605e-10 5.646728441395e-10 5.927978605292e-10 6.186920029974e-10 6.449726062061e-10 6.809552375565e-10 
2.056233414107e-10 3.837788136763e-10 4.902000698122e-10 3.107739659552e-09 6.301171409604e-10 6.785907971169e-10 7.198162041647e-10 7.576912689474e-10 7.961327433497e-10 8.487726748366e-10 
2.145798149160e-10 4.087204070326e-10 5.317951203605e-10 6.301171409604e-10 3.250268297257e-09 7.794912041504e-10 8.371667835708e-10 8.897783096038e-10 9.430757992333e-10 1.016083932760e-09 
2.217003738562e-10 4.285175511990e-10 5.646728441395e-10 6.785907971169e-10 7.794912041504e-10 3.406943756830e-09 9.465966330135e-10 1.017615531493e-09 1.088890645038e-09 1.186465625558e-09 
2.278022424943e-10 4.454829262288e-10 5.927978605292e-10 7.198162041647e-10 8.371667835708e-10 9.465966330135e-10 3.586906130033e-09 1.143527493377e-09 1.237424974887e-09 1.364525097037e-09 
2.334194836587e-10 4.611021381003e-10 6.186920029974e-10 7.576912689474e-10 8.897783096038e-10 1.017615531493e-09 1.143527493377e-09 3.808191174327e-09 1.396760549208e-09 1.560609719677e-09 
2.391200345019e-10 4.769531782537e-10 6.449726062061e-10 7.961327433497e-10 9.430757992333e-10 1.088890645038e-09 1.237424974887e-09 1.396760549208e-09 4.116482039890e-09 1.804342001216e-09 
2.469236310463e-10 4.986545222960e-10 6.809552375565e-10 8.487726748366e-10 1.016083932760e-09 1.186465625558e-09 1.364525097037e-09 1.560609719677e-09 1.804342001216e-09 4.752284194648e-09 
