2.620140890999e-09 1.241335580052e-10 1.395851013134e-10 1.488953908542e-10 1.555786523978e-10 1.608919992200e-10 1.654451947096e-10 1.696367611637e-10 1.738904930884e-10 1.797135712101e-10 
1.241335580052e-10 2.753344927953e-09 2.564612812101e-10 2.825037849838e-10 3.012004092236e-10 3.160426489020e-10 3.287618754453e-10 3.404717787779e-10 3.523554734707e-10 3.686252726149e-10 
1.395851013134e-10 2.564612812101e-10 2.857878690947e-09 3.618949567677e-10 3.928675924990e-10 4.173607040058e-10 4.383166077066e-10 4.576101590979e-10 4.771914843910e-10 5.040016730809e-10 
1.488953908542e-10 2.825037849838e-10 3.618949567677e-10 2.958886891344e-09 4.652931015905e-10 5.010452304318e-10 5.314695904091e-10 5.594261824538e-10 5.878005924526e-10 6.266547741513e-10 
1.555786523978e-10 3.012004092236e-10 3.928675924990e-10 4.652931015905e-10 3.063493670834e-09 5.743943308336e-10 6.164728078533e-10 6.548836180836e-10 6.938018853665e-10 7.471111559284e-10 
1.608919992200e-10 3.160426489020e-10 4.173607040058e-10 5.010452304318e-10 5.743943308336e-10 3.177141378762e-09 6.949860134134e-10 7.462273171545e-10 7.977035631453e-10 8.681773728431e-10 
1.654451947096e-10 3.287618754453e-10 4.383166077066e-10 5.314695904091e-10 6.164728078533e-10 6.949860134134e-10 3.306122104200e-09 8.354393900580e-10 9.025316992520e-10 9.934490252377e-10 
1.696367611637e-10 3.404717787779e-10 4.576101590979e-10 5.594261824538e-10 6.548836180836e-10 7.462273171545e-10 8.354393900580e-10 3.462880042965e-09 1.014051497192e-09 1.130274433899e-09 
1.738904930884e-10 3.523554734707e-10 4.771914843910e-10 5.878005924526e-10 6.938018853665e-10 7.977035631453e-10 9.025316992520e-10 1.014051497192e-09 3.678471568556e-09 1.298251158061e-09 
1.797135712101e-10 3.686252726149e-10 5.040016730809e-10 6.266547741513e-10 7.471111559284e-10 8.681773728431e-10 9.934490252377e-10 1.130274433899e-09 1.298251158061e-09 4.115524323571e-09 
