9.357566012893e-08 2.915050155017e-08 5.705544220790e-09 7.376098507695e-10 6.705129933334e-11 3.973273185459e-12 1.317927483106e-13 1.846333767594e-15 5.927744835989e-18 6.906425853860e-22 
2.915050155017e-08 9.815282818549e-08 4.032109817737e-08 1.215674092627e-08 2.282693109488e-09 2.691331287357e-10 1.801119793299e-11 5.303845401218e-13 3.868497281321e-15 1.193882391743e-18 
5.705544220790e-09 4.032109817737e-08 8.722265028130e-08 3.832996160272e-08 1.387585938079e-08 2.960825058515e-09 3.507424046151e-10 1.869447765829e-11 2.664368909494e-13 1.912107991531e-16 
7.376098507695e-10 1.215674092627e-08 3.832996160272e-08 7.800087946874e-08 3.386849320327e-08 1.296011661795e-08 2.675758831068e-09 2.496676945236e-10 6.586106015518e-12 1.041231436997e-14 
6.705129933334e-11 2.282693109488e-09 1.387585938079e-08 3.386849320327e-08 7.044716718894e-08 2.899922007198e-08 1.062185947955e-08 1.770450956892e-09 8.699027661058e-11 3.018465422167e-13 
3.973273185459e-12 2.691331287357e-10 2.960825058515e-09 1.296011661795e-08 2.899922007198e-08 6.407484651331e-08 2.396705526581e-08 7.459696945725e-09 7.178987779308e-10 5.756680472785e-12 
1.317927483106e-13 1.801119793299e-11 3.507424046151e-10 2.675758831068e-09 1.062185947955e-08 2.396705526581e-08 5.848561841860e-08 1.870198118136e-08 3.842496221378e-09 7.974689512143e-11 
1.846333767594e-15 5.303845401218e-13 1.869447765829e-11 2.496676945236e-10 1.770450956892e-09 7.459696945725e-09 1.870198118136e-08 5.315366351150e-08 1.255389740748e-08 8.171160037450e-10 
5.927744835989e-18 3.868497281321e-15 2.664368909494e-13 6.586106015518e-12 8.699027661058e-11 7.178987779308e-10 3.842496221378e-09 1.255389740748e-08 4.772071549215e-08 5.648805461719e-09 
6.906425853860e-22 1.193882391743e-18 1.912107991531e-16 1.041231436997e-14 3.018465422167e-13 5.756680472785e-12 7.974689512143e-11 8.171160037450e-10 5.648805461719e-09 3.930847003122e-08 
