5.785554201556e-08 1.427778825972e-08 2.924248472038e-09 3.917637150230e-10 3.662285447631e-11 2.222478617274e-12 7.509098391832e-14 1.070181597173e-15 3.484509359797e-18 4.088049363125e-22 
1.427778825972e-08 6.378243860330e-08 2.122667810572e-08 6.581805053773e-09 1.265909423315e-09 1.522160337592e-10 1.034948337596e-11 3.095016270937e-13 2.278032670854e-15 7.074016123855e-19 
2.924248472038e-09 2.122667810572e-08 6.003584075653e-08 2.112460808311e-08 7.794477299467e-09 1.688913485333e-09 2.029676397271e-10 1.095603341491e-11 1.570799433556e-13 1.133519597673e-16 
3.917637150230e-10 6.581805053773e-09 2.112460808311e-08 5.610525462246e-08 1.923968091891e-08 7.454607566204e-09 1.558555839337e-09 1.467379934055e-10 3.887666586697e-12 6.171312284597e-15 
3.662285447631e-11 1.265909423315e-09 7.794477299467e-09 1.923968091891e-08 5.245334102458e-08 1.682744873013e-08 6.222218390412e-09 1.042606747784e-09 5.142362671673e-11 1.787018934185e-13 
2.222478617274e-12 1.522160337592e-10 1.688913485333e-09 7.454607566204e-09 1.682744873013e-08 4.918849567222e-08 1.409517250373e-08 4.400337609019e-09 4.250477049611e-10 3.399961193014e-12 
7.509098391832e-14 1.034948337596e-11 2.029676397271e-10 1.558555839337e-09 6.222218390412e-09 1.409517250373e-08 4.605649646179e-08 1.105635360223e-08 2.277162787130e-09 4.689894680009e-11 
1.070181597173e-15 3.095016270937e-13 1.095603341491e-11 1.467379934055e-10 1.042606747784e-09 4.400337609019e-09 1.105635360223e-08 4.298819145141e-08 7.424670269240e-09 4.772607503900e-10 
3.484509359797e-18 2.278032670854e-15 1.570799433556e-13 3.887666586697e-12 5.142362671673e-11 4.250477049611e-10 2.277162787130e-09 7.424670269240e-09 3.964530003282e-08 3.267962124526e-09 
4.088049363125e-22 7.074016123855e-19 1.133519597673e-16 6.171312284597e-15 1.787018934185e-13 3.399961193014e-12 4.689894680009e-11 4.772607503900e-10 3.267962124526e-09 3.449989179264e-08 
