2.376570685649e-07 8.044671152393e-08 1.488319225218e-08 1.862781851607e-09 1.663373903067e-10 9.783653898194e-12 3.247851181704e-13 4.599940609654e-15 1.506989093692e-17 1.829773703719e-21 
8.044671152393e-08 2.122068823223e-07 1.025716968320e-07 3.030393109990e-08 5.632093050315e-09 6.624561804492e-10 4.457642889874e-11 1.331009993722e-12 9.904895357235e-15 3.195508823304e-18 
1.488319225218e-08 1.025716968320e-07 1.756567843945e-07 9.475042355205e-08 3.415713602716e-08 7.301589988192e-09 8.727472200333e-10 4.722141502873e-11 6.870268700183e-13 5.171957539034e-16 
1.862781851607e-09 3.030393109990e-08 9.475042355205e-08 1.508100166121e-07 8.341683627147e-08 3.209856434456e-08 6.701506505126e-09 6.348163051703e-10 1.711876167608e-11 2.847855229513e-14 
1.663373903067e-10 5.632093050315e-09 3.415713602716e-08 8.341683627147e-08 1.326869011241e-07 7.233694253110e-08 2.681062267114e-08 4.535901667311e-09 2.283419864113e-10 8.354486729865e-13 
9.783653898194e-12 6.624561804492e-10 7.301589988192e-09 3.209856434456e-08 7.233694253110e-08 1.185362995575e-07 6.105430000978e-08 1.930292706216e-08 1.909333651563e-09 1.614371363904e-11 
3.247851181704e-13 4.457642889874e-11 8.727472200333e-10 6.701506505126e-09 2.681062267114e-08 6.105430000978e-08 1.062647683714e-07 4.910994474175e-08 1.040962361801e-08 2.271360525329e-10 
4.599940609654e-15 1.331009993722e-12 4.722141502873e-11 6.348163051703e-10 4.535901667311e-09 1.930292706216e-08 4.910994474175e-08 9.523988410116e-08 3.489179349452e-08 2.376539558164e-09 
1.506989093692e-17 9.904895357235e-15 6.870268700183e-13 1.711876167608e-11 2.283419864113e-10 1.909333651563e-09 1.040962361801e-08 3.489179349452e-08 8.432850137990e-08 1.700836672003e-08 
1.829773703719e-21 3.195508823304e-18 5.171957539034e-16 2.847855229513e-14 8.354486729865e-13 1.614371363904e-11 2.271360525329e-10 2.376539558164e-09 1.700836672003e-08 6.388751596244e-08 
