2.104090179764e-07 7.118422801011e-08 1.322063577989e-08 1.656451863695e-09 1.476925319767e-10 8.670456655479e-12 2.871624239689e-13 4.036287950160e-15 1.323822319968e-17 1.590350310151e-21 
7.118422801011e-08 1.915808993839e-07 9.119480364796e-08 2.692937702172e-08 4.993780561046e-09 5.866016716620e-10 3.926209021114e-11 1.166872846057e-12 8.703097744502e-15 2.768584091309e-18 
1.322063577989e-08 9.119480364796e-08 1.592732819919e-07 8.405513676979e-08 3.026291697288e-08 6.451719848569e-09 7.664115084610e-10 4.143352302072e-11 6.028462264173e-13 4.468535638229e-16 
1.656451863695e-09 2.692937702172e-08 8.405513676979e-08 1.368466034510e-07 7.380517827633e-08 2.826009715267e-08 5.876342527179e-09 5.575660347465e-10 1.498224435674e-11 2.454249771481e-14 
1.476925319767e-10 4.993780561046e-09 3.026291697288e-08 7.380517827633e-08 1.202806827061e-07 6.346621178500e-08 2.352115039843e-08 3.984216861765e-09 1.991310835080e-10 7.181993591889e-13 
8.670456655479e-12 5.866016716620e-10 6.451719848569e-09 2.826009715267e-08 6.346621178500e-08 1.074256447147e-07 5.363675359036e-08 1.691852014718e-08 1.657700758080e-09 1.384213853982e-11 
2.871624239689e-13 3.926209021114e-11 7.664115084610e-10 5.876342527179e-09 2.352115039843e-08 5.363675359036e-08 9.669793348809e-08 4.282069594919e-08 8.991729092317e-09 1.941726376747e-10 
4.036287950160e-15 1.166872846057e-12 4.143352302072e-11 5.575660347465e-10 3.984216861765e-09 1.691852014718e-08 4.282069594919e-08 8.623169463587e-08 2.997098100167e-08 2.023769327238e-09 
1.323822319968e-17 8.703097744502e-15 6.028462264173e-13 1.498224435674e-11 1.991310835080e-10 1.657700758080e-09 8.991729092317e-09 2.997098100167e-08 7.609735796023e-08 1.440234881628e-08 
1.590350310151e-21 2.768584091309e-18 4.468535638229e-16 2.454249771481e-14 7.181993591889e-13 1.384213853982e-11 1.941726376747e-10 2.023769327238e-09 1.440234881628e-08 5.819041692060e-08 
