7.760888945439e-07 2.850142605979e-07 5.545737979633e-08 7.338416931116e-09 6.938590725906e-10 4.310332866416e-11 1.503285272667e-12 2.264687446790e-14 8.086287769762e-17 1.042907451598e-20 
2.850142605979e-07 7.070344125712e-07 3.979586819351e-07 1.240236261205e-07 2.432066627032e-08 3.002810347491e-09 2.122317502046e-10 6.774189523526e-12 5.428959973813e-14 1.830769651458e-17 
5.545737979633e-08 3.979586819351e-07 6.267965356952e-07 4.033462262586e-07 1.521045412592e-07 3.393195039939e-08 4.270834884061e-09 2.471484346857e-10 3.819971002429e-12 2.978708725496e-15 
7.338416931116e-09 1.240236261205e-07 4.033462262586e-07 5.706806669483e-07 3.828197522499e-07 1.534195380968e-07 3.380258603121e-08 3.405310071042e-09 9.618043256422e-11 1.650329383160e-13 
6.938590725906e-10 2.432066627032e-08 1.521045412592e-07 3.828197522499e-07 5.239253820010e-07 3.581711742544e-07 1.398865640623e-07 2.487358905152e-08 1.293748317976e-09 4.879512998730e-12 
4.310332866416e-11 3.002810347491e-09 3.393195039939e-08 1.534195380968e-07 3.581711742544e-07 4.950194380697e-07 3.296104385225e-07 1.078327821819e-07 1.090374383465e-08 9.529602465048e-11 
1.503285272667e-12 2.122317502046e-10 4.270834884061e-09 3.380258603121e-08 1.398865640623e-07 3.296104385225e-07 4.618471336136e-07 2.783069026321e-07 6.002643951493e-08 1.361923230866e-09 
2.264687446790e-14 6.774189523526e-12 2.471484346857e-10 3.405310071042e-09 2.487358905152e-08 1.078327821819e-07 2.783069026321e-07 4.130249147500e-07 2.045921615069e-07 1.461488481398e-08 
8.086287769762e-17 5.428959973813e-14 3.819971002429e-12 9.618043256422e-11 1.293748317976e-09 1.090374383465e-08 6.002643951493e-08 2.045921615069e-07 3.688166595453e-07 1.090654487079e-07 
1.042907451598e-20 1.830769651458e-17 2.978708725496e-15 1.650329383160e-13 4.879512998730e-12 9.529602465048e-11 1.361923230866e-09 1.461488481398e-08 1.090654487079e-07 2.685341707056e-07 
