3.710200660423e-07 1.261394727101e-07 2.333877223297e-08 2.940061331686e-09 2.650395588468e-10 1.582795886295e-11 5.358821649563e-13 7.758175885837e-15 2.631634415703e-17 3.347247633142e-21 
1.261394727101e-07 3.165365185069e-07 1.615690872147e-07 4.811663291770e-08 9.053874231520e-09 1.083740196073e-09 7.431927294136e-11 2.271787900663e-12 1.750386340464e-14 5.885254204091e-18 
2.333877223297e-08 1.615690872147e-07 2.619995838541e-07 1.517089993657e-07 5.548552188184e-08 1.206440647309e-08 1.468920204256e-09 8.152337669739e-11 1.226136143516e-12 9.587710537296e-16 
2.940061331686e-09 4.811663291770e-08 1.517089993657e-07 2.268818035477e-07 1.371481716327e-07 5.358833318099e-08 1.140123607454e-08 1.108767478095e-09 3.082334144170e-11 5.315180920282e-14 
2.650395588468e-10 9.053874231520e-09 5.548552188184e-08 1.371481716327e-07 2.021867486524e-07 1.222487082356e-07 4.622588684221e-08 8.021000882278e-09 4.147504547288e-10 1.570627472608e-12 
1.582795886295e-11 1.083740196073e-09 1.206440647309e-08 5.358833318099e-08 1.222487082356e-07 1.833222995135e-07 1.069858787224e-07 3.458622368147e-08 3.501513338192e-09 3.059423614291e-11 
5.358821649563e-13 7.431927294136e-11 1.468920204256e-09 1.140123607454e-08 4.622588684221e-08 1.069858787224e-07 1.674496772252e-07 8.922693612667e-08 1.931648947968e-08 4.343864467738e-10 
7.758175885837e-15 2.271787900663e-12 8.152337669739e-11 1.108767478095e-09 8.021000882278e-09 3.458622368147e-08 8.922693612667e-08 1.519576226710e-07 6.576866597109e-08 4.591869850802e-09 
2.631634415703e-17 1.750386340464e-14 1.226136143516e-12 3.082334144170e-11 4.147504547288e-10 3.501513338192e-09 1.931648947968e-08 6.576866597109e-08 1.360518498442e-07 3.322969025058e-08 
3.347247633142e-21 5.885254204091e-18 9.587710537296e-16 5.315180920282e-14 1.570627472608e-12 3.059423614291e-11 4.343864467738e-10 4.591869850802e-09 3.322969025058e-08 9.945393058999e-08 
