7.011096469781e-08 1.957998974750e-08 3.934759688037e-09 5.190104700274e-10 4.788380311113e-11 2.874767807004e-12 9.620761855142e-14 1.358660224897e-15 4.393979686859e-18 5.115901862825e-22 
1.957998974750e-08 7.623295677159e-08 2.823191195927e-08 8.641866280724e-09 1.643695646745e-09 1.958204210757e-10 1.319579206680e-11 3.918327295839e-13 2.866424986733e-15 8.850887680754e-19 
3.934759688037e-09 2.823191195927e-08 7.007500665149e-08 2.750561167801e-08 1.006160715558e-08 2.162415451548e-09 2.578867438319e-10 1.384222989027e-11 1.972730713298e-13 1.418347310108e-16 
5.190104700274e-10 8.641866280724e-09 2.750561167801e-08 6.426419983415e-08 2.469237276291e-08 9.499909428907e-09 1.974622037093e-09 1.850264379123e-10 4.874547039030e-12 7.723641973199e-15 
4.788380311113e-11 1.643695646745e-09 1.006160715558e-08 2.469237276291e-08 5.913966551992e-08 2.135390466225e-08 7.863086755937e-09 1.311715893236e-09 6.439830180801e-11 2.237074027152e-13 
2.874767807004e-12 1.958204210757e-10 2.162415451548e-09 9.499909428907e-09 2.135390466225e-08 5.474065993224e-08 1.776298631481e-08 5.522278998127e-09 5.319100824867e-10 4.257051133071e-12 
9.620761855142e-14 1.319579206680e-11 2.578867438319e-10 1.974622037093e-09 7.863086755937e-09 1.776298631481e-08 5.062640659024e-08 1.384555166617e-08 2.849510837351e-09 5.872496778788e-11 
1.358660224897e-15 3.918327295839e-13 1.384222989027e-11 1.850264379123e-10 1.311715893236e-09 5.522278998127e-09 1.384555166617e-08 4.670287674226e-08 9.294781493775e-09 5.976423300645e-10 
4.393979686859e-18 2.866424986733e-15 1.972730713298e-13 4.874547039030e-12 6.439830180801e-11 5.319100824867e-10 2.849510837351e-09 9.294781493775e-09 4.252968332693e-08 4.100491285520e-09 
5.115901862825e-22 8.850887680754e-19 1.418347310108e-16 7.723641973199e-15 2.237074027152e-13 4.257051133071e-12 5.872496778788e-11 5.976423300645e-10 4.100491285520e-09 3.617615645526e-08 
