3.406345502406e-07 1.155509357745e-07 2.134559645401e-08 2.686403685226e-09 2.413515738032e-10 1.432326883338e-11 4.821422464131e-13 6.942809211564e-15 2.340201358761e-17 2.957976914456e-21 
1.155509357745e-07 2.919994865762e-07 1.476576039917e-07 4.388570039523e-08 8.212999642738e-09 9.773877254082e-10 6.668451194719e-11 2.028472803606e-12 1.553213782361e-14 5.196082175509e-18 
2.134559645401e-08 1.476576039917e-07 2.415633204470e-07 1.378494716774e-07 5.014639172505e-08 1.085052267706e-08 1.315172389303e-09 7.264416040321e-11 1.086312841865e-12 8.453269330294e-16 
2.686403685226e-09 4.388570039523e-08 1.378494716774e-07 2.079028978091e-07 1.235152720789e-07 4.806810826761e-08 1.018624065185e-08 9.859415540063e-10 2.727867833369e-11 4.677141020859e-14 
2.413515738032e-10 8.212999642738e-09 5.014639172505e-08 1.235152720789e-07 1.843633190634e-07 1.093598485312e-07 4.120055010490e-08 7.116978259622e-09 3.667432487844e-10 1.378709376150e-12 
1.432326883338e-11 9.773877254082e-10 1.085052267706e-08 4.806810826761e-08 1.093598485312e-07 1.665589473419e-07 9.507834927959e-08 3.062729090975e-08 3.092901562713e-09 2.678322079929e-11 
4.821422464131e-13 6.668451194719e-11 1.315172389303e-09 1.018624065185e-08 4.120055010490e-08 9.507834927959e-08 1.515835190326e-07 7.889873386781e-08 1.702296282557e-08 3.793759612734e-10 
6.942809211564e-15 2.028472803606e-12 7.264416040321e-11 9.859415540063e-10 7.116978259622e-09 3.062729090975e-08 7.889873386781e-08 1.373954829376e-07 5.768159376338e-08 4.009351275350e-09 
2.340201358761e-17 1.553213782361e-14 1.086312841865e-12 2.727867833369e-11 3.667432487844e-10 3.092901562713e-09 1.702296282557e-08 5.768159376338e-08 1.223924673916e-07 2.914346559146e-08 
2.957976914456e-21 5.196082175509e-18 8.453269330294e-16 4.677141020859e-14 1.378709376150e-12 2.678322079929e-11 3.793759612734e-10 4.009351275350e-09 2.914346559146e-08 9.035819497305e-08 
