1.191517044662e-07 3.895144440254e-08 7.476111255757e-09 9.536421340476e-10 8.587066588052e-11 5.054086983702e-12 1.668652318099e-13 2.331284931672e-15 7.484360166006e-18 8.769907487522e-22 
3.895144440254e-08 1.201455664919e-07 5.229862508987e-08 1.561355647635e-08 2.910443123454e-09 3.413677131575e-10 2.276767991569e-11 6.694148595672e-13 4.888051172823e-15 1.518226955961e-18 
7.476111255757e-09 5.229862508987e-08 1.041011925054e-07 4.895678910176e-08 1.763099555062e-08 3.748012625777e-09 4.429608662686e-10 2.359595604194e-11 3.369832962241e-13 2.435253973292e-16 
9.536421340476e-10 1.561355647635e-08 4.895678910176e-08 9.151906311135e-08 4.291278318929e-08 1.638034968663e-08 3.377523349089e-09 3.152511182035e-10 8.339738429350e-12 1.328321315386e-14 
8.587066588052e-11 2.910443123454e-09 1.763099555062e-08 4.291278318929e-08 8.161187993342e-08 3.661378673720e-08 1.340661242742e-08 2.237305739425e-09 1.103123883526e-10 3.858164471218e-13 
5.054086983702e-12 3.413677131575e-10 3.748012625777e-09 1.638034968663e-08 3.661378673720e-08 7.347676088715e-08 3.026749789357e-08 9.439708505903e-09 9.121017438935e-10 7.375762812817e-12 
1.668652318099e-13 2.276767991569e-11 4.429608662686e-10 3.377523349089e-09 1.340661242742e-08 3.026749789357e-08 6.650200534966e-08 2.371731137136e-08 4.895076348083e-09 1.025113048158e-10 
2.331284931672e-15 6.694148595672e-13 2.359595604194e-11 3.152511182035e-10 2.237305739425e-09 9.439708505903e-09 2.371731137136e-08 5.994909570158e-08 1.605938076718e-08 1.055692292401e-09 
7.484360166006e-18 4.888051172823e-15 3.369832962241e-13 8.339738429350e-12 1.103123883526e-10 9.121017438935e-10 4.895076348083e-09 1.605938076718e-08 5.335080379956e-08 7.360771092427e-09 
8.769907487522e-22 1.518226955961e-18 2.435253973292e-16 1.328321315386e-14 3.858164471218e-13 7.375762812817e-12 1.025113048158e-10 1.055692292401e-09 7.360771092427e-09 4.289928594244e-08 
