1.468415233749e-07 4.906295741541e-08 9.280399074327e-09 1.173169509386e-09 1.050181564434e-10 6.162550378553e-12 2.030273888163e-13 2.839758897524e-15 9.149056524728e-18 1.082305855958e-21 
4.906295741541e-08 1.425896369321e-07 6.447459095715e-08 1.912721226341e-08 3.552100239889e-09 4.156924121851e-10 2.770140808102e-11 8.167307272939e-13 5.979859017783e-15 1.879084283748e-18 
9.280399074327e-09 6.447459095715e-08 1.212528461057e-07 5.979509736968e-08 2.148725809050e-08 4.560434902272e-09 5.394481031970e-10 2.882069823748e-11 4.127491650874e-13 3.021997325715e-16 
1.173169509386e-09 1.912721226341e-08 5.979509736968e-08 1.053897666917e-07 5.223139990404e-08 1.993209617913e-08 4.118941217041e-09 3.853702104799e-10 1.023465573868e-11 1.652226544863e-14 
1.050181564434e-10 3.552100239889e-09 2.148725809050e-08 5.223139990404e-08 9.318186876250e-08 4.461208008091e-08 1.637325829387e-08 2.737500901354e-09 1.357575253772e-10 4.808667519185e-13 
6.162550378553e-12 4.156924121851e-10 4.560434902272e-09 1.993209617913e-08 4.461208008091e-08 8.347464235707e-08 3.700731105963e-08 1.157190745209e-08 1.126765224546e-09 9.209229395308e-12 
2.030273888163e-13 2.770140808102e-11 5.394481031970e-10 4.118941217041e-09 1.637325829387e-08 3.700731105963e-08 7.511232605765e-08 2.919192370600e-08 6.075370613347e-09 1.282413204928e-10 
2.839758897524e-15 8.167307272939e-13 2.882069823748e-11 3.853702104799e-10 2.737500901354e-09 1.157190745209e-08 2.919192370600e-08 6.752775492295e-08 2.002479256624e-08 1.325539108346e-09 
9.149056524728e-18 5.979859017783e-15 4.127491650874e-13 1.023465573868e-11 1.357575253772e-10 1.126765224546e-09 6.075370613347e-09 2.002479256624e-08 5.971564961414e-08 9.334027145853e-09 
1.082305855958e-21 1.879084283748e-18 3.021997325715e-16 1.652226544863e-14 4.808667519185e-13 9.209229395308e-12 1.282413204928e-10 1.325539108346e-09 9.334027145853e-09 4.714043652604e-08 
