5.7455667890970516e-08 1.4127780795995766e-08 2.8994769905517986e-09 3.8905246728550648e-10 3.6406488915627839e-11 2.2104813620007828e-12 7.4822834809032758e-14 1.0653600697144312e-15 3.4754627904210608e-18 4.0700473377248632e-22 
1.4127780795995766e-08 6.3469968304320252e-08 2.1069711630994875e-08 6.5418759785213431e-09 1.2586625232720712e-09 1.5156602655166481e-10 1.0310211047961654e-11 3.0811833777443358e-13 2.2739787591940517e-15 7.0397113391269438e-19 
2.8994769905517986e-09 2.1069711630994875e-08 5.9839058994734856e-08 2.1001454217014265e-08 7.7555252440461824e-09 1.6827352093440167e-09 2.0208913394638267e-10 1.0915933797393571e-11 1.5679454921928643e-13 1.1281026076148798e-16 
3.8905246728550648e-10 6.5418759785213431e-09 2.1001454217014265e-08 5.5959204770281734e-08 1.9165312491607007e-08 7.4258717915991722e-09 1.5515676134347990e-09 1.4635030756157824e-10 3.8779494235721474e-12 6.1451665725581902e-15 
3.6406488915627839e-11 1.2586625232720712e-09 7.7555252440461824e-09 1.9165312491607007e-08 5.2363312523415299e-08 1.6751847226458988e-08 6.1987449447653723e-09 1.0406249925941362e-09 5.1242844892982329e-11 1.7811028625112340e-13 
2.2104813620007828e-12 1.5156602655166481e-10 1.6827352093440167e-09 7.4258717915991722e-09 1.6751847226458988e-08 4.9102660117270015e-08 1.4061880339561577e-08 4.3910223992360374e-09 4.2315236636479390e-10 3.3926081050833320e-12 
7.4822834809032758e-14 1.0310211047961654e-11 2.0208913394638267e-10 1.5515676134347990e-09 6.1987449447653723e-09 1.4061880339561577e-08 4.6023130434580209e-08 1.1016845905254356e-08 2.2667918472482141e-09 4.6843416838840871e-11 
1.0653600697144312e-15 3.0811833777443358e-13 1.0915933797393571e-11 1.4635030756157824e-10 1.0406249925941362e-09 4.3910223992360374e-09 1.1016845905254356e-08 4.2918759331243730e-08 7.4028342472262271e-09 4.7650389562767327e-10 
3.4754627904210608e-18 2.2739787591940517e-15 1.5679454921928643e-13 3.8779494235721474e-12 5.1242844892982329e-11 4.2315236636479390e-10 2.2667918472482141e-09 7.4028342472262271e-09 3.9628807491616346e-08 3.2501700121484226e-09 
4.0700473377248632e-22 7.0397113391269438e-19 1.1281026076148798e-16 6.1451665725581902e-15 1.7811028625112340e-13 3.3926081050833320e-12 4.6843416838840871e-11 4.7650389562767327e-10 3.2501700121484226e-09 3.4453819316835179e-08 
