6.6677033071309715e-08 1.8159240777057727e-08 3.6715928748774096e-09 4.8655793611756498e-10 4.5060417229112408e-11 2.7116882075461420e-12 9.1071101853156598e-14 1.2875505463843234e-15 4.1727507515814354e-18 4.8591837432749241e-22 
1.8159240777057727e-08 7.2975785754809501e-08 2.6434043994189223e-08 8.1234884575534613e-09 1.5490649787707098e-09 1.8507963689506928e-10 1.2503596728557878e-11 3.7137584336217851e-13 2.7257383844456405e-15 8.3999968929067623e-19 
3.6715928748774096e-09 2.6434043994189223e-08 6.7543383975172275e-08 2.5906915490055015e-08 9.4975625795493371e-09 2.0471535200220740e-09 2.4439241835816663e-10 1.3129876664123454e-11 1.8770799158957463e-13 1.3455288341444466e-16 
4.8655793611756498e-10 8.1234884575534613e-09 2.5906915490055015e-08 6.2228637361357266e-08 2.3358400666850231e-08 9.0019512687177575e-09 1.8714740765076326e-09 1.7571505537248551e-10 4.6376121003399697e-12 7.3273137215628720e-15 
4.5060417229112408e-11 1.5490649787707098e-09 9.4975625795493371e-09 2.3358400666850231e-08 5.7515072271910181e-08 2.0236607720938294e-08 7.4576439359767189e-09 1.2472802377767404e-09 6.1222493562871999e-11 2.1233128860455014e-13 
2.7116882075461420e-12 1.8507963689506928e-10 2.0471535200220740e-09 9.0019512687177575e-09 2.0236607720938294e-08 5.3364334747378271e-08 1.6875290549364642e-08 5.2542675836177884e-09 5.0511119185782775e-10 4.0441855268292071e-12 
9.1071101853156598e-14 1.2503596728557878e-11 2.4439241835816663e-10 1.8714740765076326e-09 7.4576439359767189e-09 1.6875290549364642e-08 4.9537526210018025e-08 1.3161980719952946e-08 2.7036989019616428e-09 5.5849022636219296e-11 
1.2875505463843234e-15 3.7137584336217851e-13 1.3129876664123454e-11 1.7571505537248551e-10 1.2472802377767404e-09 5.2542675836177884e-09 1.3161980719952946e-08 4.5759845885251578e-08 8.8252962491024881e-09 5.6848047732417552e-10 
4.1727507515814354e-18 2.7257383844456405e-15 1.8770799158957463e-13 4.6376121003399697e-12 6.1222493562871999e-11 5.0511119185782775e-10 2.7036989019616428e-09 8.8252962491024881e-09 4.1829174304302985e-08 3.8847642789363584e-09 
4.8591837432749241e-22 8.3999968929067623e-19 1.3455288341444466e-16 7.3273137215628720e-15 2.1233128860455014e-13 4.0441855268292071e-12 5.5849022636219296e-11 5.6848047732417552e-10 3.8847642789363584e-09 3.5715175177113159e-08 
