4.4872398303821898e-07 1.5391031456102352e-07 2.8713483776875619e-08 3.6628554749400783e-09 3.3484006182862281e-10 2.0240877505801339e-11 6.9316466919114436e-13 1.0148573651703535e-14 3.4906129577396696e-17 4.4991007549256457e-21 
1.5391031456102352e-07 3.8229259892366277e-07 2.0053284339114486e-07 6.0514117032847616e-08 1.1526977332716781e-08 1.3950526762171469e-09 9.6676764195643352e-11 2.9866667136166102e-12 2.3316546194225711e-14 7.9206192424764112e-18 
2.8713483776875619e-08 2.0053284339114486e-07 3.2166104085918744e-07 1.9254044168417814e-07 7.1130110667712040e-08 1.5617421345900474e-08 1.9195908252833150e-09 1.0766147313179259e-10 1.6384857324639764e-12 1.2921773570038827e-15 
3.6628554749400783e-09 6.0514117032847616e-08 1.9254044168417814e-07 2.8252579327719139e-07 1.7704624599352523e-07 6.9755885905466970e-08 1.4968826758032959e-08 1.4707268801693225e-09 4.1288995515494572e-11 7.1764640509857047e-14 
3.3484006182862281e-10 1.1526977332716781e-08 7.1130110667712040e-08 1.7704624599352523e-07 2.5437753614077909e-07 1.6004989848300887e-07 6.1015900969355652e-08 1.0686305948987761e-08 5.5668045589155868e-10 2.1258150297609861e-12 
2.0240877505801339e-11 1.3950526762171469e-09 1.5617421345900474e-08 6.9755885905466970e-08 1.6004989848300887e-07 2.3262818298439150e-07 1.4208294409184577e-07 4.6267936884613245e-08 4.7087961917042790e-09 4.1549303480827365e-11 
6.9316466919114436e-13 9.6676764195643352e-11 1.9195908252833150e-09 1.4968826758032959e-08 6.1015900969355652e-08 1.4208294409184577e-07 2.1424358134825819e-07 1.1976635658444059e-07 2.6044244802679983e-08 5.9279939808290789e-10 
1.0148573651703535e-14 2.9866667136166102e-12 1.0766147313179259e-10 1.4707268801693225e-09 1.0686305948987761e-08 4.6267936884613245e-08 1.1976635658444059e-07 1.9484922972550440e-07 8.9129778368614584e-08 6.3091153195328833e-09 
3.4906129577396696e-17 2.3316546194225711e-14 1.6384857324639764e-12 4.1288995515494572e-11 5.5668045589155868e-10 4.7087961917042790e-09 2.6044244802679983e-08 8.9129778368614584e-08 1.7586708868457160e-07 4.5928757107796443e-08 
4.4991007549256457e-21 7.9206192424764112e-18 1.2921773570038827e-15 7.1764640509857047e-14 2.1258150297609861e-12 4.1549303480827365e-11 5.9279939808290789e-10 6.3091153195328833e-09 4.5928757107796443e-08 1.2587138118831809e-07 
