1.290154912653e-07 4.259013135998e-08 8.128102462499e-09 1.033206779235e-09 9.277083357808e-11 5.452372299100e-12 1.800167906468e-13 2.509214493371e-15 8.091055036404e-18 9.458392794523e-22 
4.259013135998e-08 1.282531190010e-07 5.670415192868e-08 1.688550319647e-08 3.140491274970e-09 3.683514530107e-10 2.452973137411e-11 7.211701202733e-13 5.287896302928e-15 1.638823685656e-18 
8.128102462499e-09 5.670415192868e-08 1.103177770956e-07 5.284671660222e-08 1.902195064775e-08 4.042430174758e-09 4.768867694582e-10 2.546498421224e-11 3.643351568787e-13 2.633658876883e-16 
1.033206779235e-09 1.688550319647e-08 5.284671660222e-08 9.651022299638e-08 4.630064020171e-08 1.764625792480e-08 3.637649527296e-09 3.407459573575e-10 9.006558637602e-12 1.440399853255e-14 
9.277083357808e-11 3.140491274970e-09 1.902195064775e-08 4.630064020171e-08 8.575701334886e-08 3.941546115017e-08 1.446526217066e-08 2.419783711689e-09 1.190200716768e-10 4.196565708386e-13 
5.452372299100e-12 3.683514530107e-10 4.042430174758e-09 1.764625792480e-08 3.941546115017e-08 7.702103668810e-08 3.272671919050e-08 1.020075463178e-08 9.842507947808e-10 8.046055880076e-12 
1.800167906468e-13 2.452973137411e-11 4.768867694582e-10 3.637649527296e-09 1.446526217066e-08 3.272671919050e-08 6.960910712426e-08 2.558825354262e-08 5.296868957536e-09 1.120384106158e-10 
2.509214493371e-15 7.211701202733e-13 2.546498421224e-11 3.407459573575e-10 2.419783711689e-09 1.020075463178e-08 2.558825354262e-08 6.250263404633e-08 1.748145003980e-08 1.153039583605e-09 
8.091055036404e-18 5.287896302928e-15 3.643351568787e-13 9.006558637602e-12 1.190200716768e-10 9.842507947808e-10 5.296868957536e-09 1.748145003980e-08 5.567450583246e-08 8.013237655171e-09 
9.458392794523e-22 1.638823685656e-18 2.633658876883e-16 1.440399853255e-14 4.196565708386e-13 8.046055880076e-12 1.120384106158e-10 1.153039583605e-09 8.013237655171e-09 4.433631569874e-08 
