7.1194107250864768e-08 2.0083024898433629e-08 4.0347022562017234e-09 5.3194678097578034e-10 4.9060575583238670e-11 2.9423330878390150e-12 9.8528157958444992e-14 1.3893835671419980e-15 4.4929796282753097e-18 5.2235657487867876e-22 
2.0083024898433629e-08 7.7456845952280348e-08 2.8937237902785241e-08 8.8561147555537198e-09 1.6828967477702993e-09 2.0047683159046654e-10 1.3509266318423480e-11 4.0038053552790238e-13 2.9333883909886092e-15 9.0292675818445083e-19 
4.0347022562017234e-09 2.8937237902785241e-08 7.1115497005220385e-08 2.8170197959847552e-08 1.0298707968794992e-08 2.2143809229571086e-09 2.6378228291718935e-10 1.4145773121828345e-11 2.0192843933124973e-13 1.4463160213631992e-16 
5.3194678097578034e-10 8.8561147555537198e-09 2.8170197959847552e-08 6.5112989656544444e-08 2.5283639896245274e-08 9.7245448366344974e-09 2.0181373801383581e-09 1.8920080754543407e-10 4.9873950157115129e-12 7.8765131064401501e-15 
4.9060575583238670e-11 1.6828967477702993e-09 1.0298707968794992e-08 2.5283639896245274e-08 5.9877409084046992e-08 2.1833860377934918e-08 8.0352518668989299e-09 1.3422739829483351e-09 6.5823895853218027e-11 2.2826741065686940e-13 
2.9423330878390150e-12 2.0047683159046654e-10 2.2143809229571086e-09 9.7245448366344974e-09 2.1833860377934918e-08 5.5319135487860498e-08 1.8167660338750533e-08 5.6515308710727877e-09 5.4298297911661935e-10 4.3483888653751529e-12 
9.8528157958444992e-14 1.3509266318423480e-11 2.6378228291718935e-10 2.0181373801383581e-09 8.0352518668989299e-09 1.8167660338750533e-08 5.1154128020094636e-08 1.4151113454919618e-08 2.9062902418470440e-09 6.0065473942756146e-11 
1.3893835671419980e-15 4.0038053552790238e-13 1.4145773121828345e-11 1.8920080754543407e-10 1.3422739829483351e-09 5.6515308710727877e-09 1.4151113454919618e-08 4.7075156423604591e-08 9.4882310700877689e-09 6.1169627810823229e-10 
4.4929796282753097e-18 2.9333883909886092e-15 2.0192843933124973e-13 4.9873950157115129e-12 6.5823895853218027e-11 5.4298297911661935e-10 2.9062902418470440e-09 9.4882310700877689e-09 4.2861032807682588e-08 4.1847268849173249e-09 
5.2235657487867876e-22 9.0292675818445083e-19 1.4463160213631992e-16 7.8765131064401501e-15 2.2826741065686940e-13 4.3483888653751529e-12 6.0065473942756146e-11 6.1169627810823229e-10 4.1847268849173249e-09 3.6319536364329929e-08 
