3.7031872604666154e-07 1.2583172973235848e-07 2.3276574762994190e-08 2.9392298651749228e-09 2.6588521335726478e-10 1.5901062101861609e-11 5.3847141622964948e-13 7.7953809298254479e-15 2.6440898571697245e-17 3.3624556758445553e-21 
1.2583172973235848e-07 3.1575408079407135e-07 1.6136875157337465e-07 4.8220701948291249e-08 9.0924622429534938e-09 1.0889357820676715e-09 7.4677399100356200e-11 2.2826287986887940e-12 1.7586238023948501e-14 5.9117737114878049e-18 
2.3276574762994190e-08 1.6136875157337465e-07 2.6239351230151942e-07 1.5230163274102783e-07 5.5746330047918898e-08 1.2122650215522190e-08 1.4759702303738238e-09 8.1910793542275858e-11 1.2318663406282101e-12 9.6307200501778538e-16 
2.9392298651749228e-09 4.8220701948291249e-08 1.5230163274102783e-07 2.2780539191157621e-07 1.3780952452237693e-07 5.3846429610651991e-08 1.1455713132268669e-08 1.1140130977318517e-09 3.0966082002398640e-11 5.3390073961842476e-14 
2.6588521335726478e-10 9.0924622429534938e-09 5.5746330047918898e-08 1.3780952452237693e-07 2.0302554889965205e-07 1.2283440700902915e-07 4.6445662944305896e-08 8.0587163913813572e-09 4.1664952783843874e-10 1.5776855757627088e-12 
1.5901062101861609e-11 1.0889357820676715e-09 1.2122650215522190e-08 5.3846429610651991e-08 1.2283440700902915e-07 1.8406086765862436e-07 1.0749135440169404e-07 3.4747202404646318e-08 3.5173476698074152e-09 3.0732175539531671e-11 
5.3847141622964948e-13 7.4677399100356200e-11 1.4759702303738238e-09 1.1455713132268669e-08 4.6445662944305896e-08 1.0749135440169404e-07 1.6810049908608672e-07 8.9635254952686877e-08 1.9403055113236251e-08 4.3633808073319500e-10 
7.7953809298254479e-15 2.2826287986887940e-12 8.1910793542275858e-11 1.1140130977318517e-09 8.0587163913813572e-09 3.4747202404646318e-08 8.9635254952686877e-08 1.5251359818399793e-07 6.6063896035276098e-08 4.6116760090269942e-09 
2.6440898571697245e-17 1.7586238023948501e-14 1.2318663406282101e-12 3.0966082002398640e-11 4.1664952783843874e-10 3.5173476698074152e-09 1.9403055113236251e-08 6.6063896035276098e-08 1.3652608552700117e-07 3.3348488265893719e-08 
3.3624556758445553e-21 5.9117737114878049e-18 9.6307200501778538e-16 5.3390073961842476e-14 1.5776855757627088e-12 3.0732175539531671e-11 4.3633808073319500e-10 4.6116760090269942e-09 3.3348488265893719e-08 9.9644740117202863e-08 
