1.031211755275e-07 3.286636721465e-08 6.381502115396e-09 8.204962723718e-10 7.423036490849e-11 4.386641065113e-12 1.452694598077e-13 2.027498313387e-15 6.530870185933e-18 7.576948073947e-22 
3.286636721465e-08 1.065427019864e-07 4.490839912916e-08 1.348072425241e-08 2.521813068427e-09 2.969503998915e-10 1.980888886883e-11 5.828444448321e-13 4.261549021395e-15 1.311276552938e-18 
6.381502115396e-09 4.490839912916e-08 9.369513930908e-08 4.237538314994e-08 1.531620945735e-08 3.262396366391e-09 3.852907430281e-10 2.057251894018e-11 2.931418126460e-13 2.104526391847e-16 
8.204962723718e-10 1.348072425241e-08 4.237538314994e-08 8.317604352549e-08 3.734938916448e-08 1.425119832454e-08 2.939743335430e-09 2.750096001897e-10 7.235195058063e-12 1.149105178991e-14 
7.423036490849e-11 2.521813068427e-09 1.531620945735e-08 3.734938916448e-08 7.467746031956e-08 3.184970741831e-08 1.168677762664e-08 1.949832858019e-09 9.546327167981e-11 3.340598821392e-13 
4.386641065113e-12 2.969503998915e-10 3.262396366391e-09 1.425119832454e-08 3.184970741831e-08 6.765197694133e-08 2.640381829606e-08 8.201738901977e-09 7.881035397528e-10 6.386257791270e-12 
1.452694598077e-13 1.980888886883e-11 3.852907430281e-10 2.939743335430e-09 1.168677762664e-08 2.640381829606e-08 6.152103302719e-08 2.052285489891e-08 4.231187577817e-09 8.856770274900e-11 
2.027498313387e-15 5.828444448321e-13 2.057251894018e-11 2.750096001897e-10 1.949832858019e-09 8.201738901977e-09 2.052285489891e-08 5.563369413359e-08 1.390128532584e-08 9.061807189176e-10 
6.530870185933e-18 4.261549021395e-15 2.931418126460e-13 7.235195058063e-12 9.546327167981e-11 7.881035397528e-10 4.231187577817e-09 1.390128532584e-08 4.986070643470e-08 6.246198791835e-09 
7.576948073947e-22 1.311276552938e-18 2.104526391847e-16 1.149105178991e-14 3.340598821392e-13 6.386257791270e-12 8.856770274900e-11 9.061807189176e-10 6.246198791835e-09 4.061349759159e-08 
