5.0112085572828889e-07 1.7346453257912730e-07 3.2586309670970592e-08 4.1863897745589729e-09 3.8531639371110437e-10 2.3441547524795169e-11 8.0756992816403402e-13 1.1918976659108598e-14 4.1100268624617202e-17 5.3816085455850304e-21 
1.7346453257912730e-07 4.2952316308539361e-07 2.2876023572759913e-07 6.9480626179484884e-08 1.3318542844545201e-08 1.6210806099074151e-09 1.1307211756431503e-10 3.5158933087724836e-12 2.7457025436812639e-14 9.5144893504609224e-18 
3.2586309670970592e-08 2.2876023572759913e-07 3.6482007238257212e-07 2.2209365921146351e-07 8.2481479230319256e-08 1.8205660822281478e-08 2.2526390817308016e-09 1.2679669116527079e-10 1.9329107002555492e-12 1.5562242902486272e-15 
4.1863897745589729e-09 6.9480626179484884e-08 2.2209365921146351e-07 3.2289060991498922e-07 2.0604714925489768e-07 8.1624511808033225e-08 1.7610251457437140e-08 1.7318320192644157e-09 4.8885854291773734e-11 8.6483753187685825e-14 
3.8531639371110437e-10 1.3318542844545201e-08 8.2481479230319256e-08 2.0604714925489768e-07 2.9259995710603631e-07 1.8804319261368976e-07 7.1859818081583975e-08 1.2588983626143314e-08 6.6256798608936744e-10 2.5576621123928303e-12 
2.3441547524795169e-11 1.6210806099074151e-09 1.8205660822281478e-08 8.1624511808033225e-08 1.8804319261368976e-07 2.6894097312565242e-07 1.6729764501535226e-07 5.4669925601050296e-08 5.6394511429438970e-09 4.9780998102135276e-11 
8.0756992816403402e-13 1.1307211756431503e-10 2.2526390817308016e-09 1.7610251457437140e-08 7.1859818081583975e-08 1.6729764501535226e-07 2.4768729732661390e-07 1.4258753916563785e-07 3.1344090893107888e-08 7.0520716333625459e-10 
1.1918976659108598e-14 3.5158933087724836e-12 1.2679669116527079e-10 1.7318320192644157e-09 1.2588983626143314e-08 5.4669925601050296e-08 1.4258753916563785e-07 2.2848557191661745e-07 1.0703120343482350e-07 7.4368957648216568e-09 
4.1100268624617202e-17 2.7457025436812639e-14 1.9329107002555492e-12 4.8885854291773734e-11 6.6256798608936744e-10 5.6394511429438970e-09 3.1344090893107888e-08 1.0703120343482350e-07 2.0307330478559826e-07 5.4048099214179888e-08 
5.3816085455850304e-21 9.5144893504609224e-18 1.5562242902486272e-15 8.6483753187685825e-14 2.5576621123928303e-12 4.9780998102135276e-11 7.0520716333625459e-10 7.4368957648216568e-09 5.4048099214179888e-08 1.4643820847389738e-07 
