1.1848190922723726e-07 3.8779695951972626e-08 7.4514013900739044e-09 9.5116626592420574e-10 8.5643621622843857e-11 5.0429808386665646e-12 1.6649736495000887e-13 2.3236159521725924e-15 7.4710937533364932e-18 8.7192710085309694e-22 
3.8779695951972626e-08 1.1982755056121196e-07 5.2153477180414537e-08 1.5573961791908124e-08 2.9031821398129868e-09 3.4069799712742813e-10 2.2699818083673682e-11 6.6763733027014009e-13 4.8760751625554213e-15 1.5101524488274955e-18 
7.4514013900739044e-09 5.2153477180414537e-08 1.0391088728850675e-07 4.8828657275917217e-08 1.7594331350551237e-08 3.7392453520572413e-09 4.4153851064890803e-10 2.3548005549850949e-11 3.3576399065846311e-13 2.4243360896006145e-16 
9.5116626592420574e-10 1.5573961791908124e-08 4.8828657275917217e-08 9.1382094404560129e-08 4.2824423115034836e-08 1.6330925152677512e-08 3.3679088100452680e-09 3.1464300175159102e-10 8.2999998683398249e-12 1.3236576198631213e-14 
8.5643621622843857e-11 2.9031821398129868e-09 1.7594331350551237e-08 4.2824423115034836e-08 8.1458276314605913e-08 3.6497945669262688e-08 1.3378353553838490e-08 2.2314549027291812e-09 1.0970289299473866e-10 3.8477403073962031e-13 
5.0429808386665646e-12 3.4069799712742813e-10 3.7392453520572413e-09 1.6330925152677512e-08 3.6497945669262688e-08 7.3372895225537273e-08 3.0207256134859222e-08 9.4006849491151853e-09 9.0706804843530086e-10 7.3577418692017082e-12 
1.6649736495000887e-13 2.2699818083673682e-11 4.4153851064890803e-10 3.3679088100452680e-09 1.3378353553838490e-08 3.0207256134859222e-08 6.6365008387961897e-08 2.3585886263001934e-08 4.8737184793008871e-09 1.0216946033428478e-10 
2.3236159521725924e-15 6.6763733027014009e-13 2.3548005549850949e-11 3.1464300175159102e-10 2.2314549027291812e-09 9.4006849491151853e-09 2.3585886263001934e-08 5.9792323920025473e-08 1.6014542730297316e-08 1.0491389736144082e-09 
7.4710937533364932e-18 4.8760751625554213e-15 3.3576399065846311e-13 8.2999998683398249e-12 1.0970289299473866e-10 9.0706804843530086e-10 4.8737184793008871e-09 1.6014542730297316e-08 5.3230426438075346e-08 7.2860346762652825e-09 
8.7192710085309694e-22 1.5101524488274955e-18 2.4243360896006145e-16 1.3236576198631213e-14 3.8477403073962031e-13 7.3577418692017082e-12 1.0216946033428478e-10 1.0491389736144082e-09 7.2860346762652825e-09 4.2767513614735051e-08 
