7.7813729266590700e-07 2.8632669384958809e-07 5.5707742164250027e-08 7.3708214847609290e-09 6.9685310869548119e-10 4.3273790385333435e-11 1.5078467285082339e-12 2.2700180526353252e-14 8.1055401098667901e-17 1.0451146390017646e-20 
2.8632669384958809e-07 7.1011079178786744e-07 3.9972612839744250e-07 1.2456309803995122e-07 2.4421213330380102e-08 3.0132023688849654e-09 2.1278303634273578e-10 6.7899232174857928e-12 5.4419338441667219e-14 1.8344683232395004e-17 
5.5707742164250027e-08 3.9972612839744250e-07 6.2940889666055847e-07 4.0505101350411014e-07 1.5267962341159324e-07 3.4032892809305957e-08 4.2810720825361644e-09 2.4772890981411741e-10 3.8289911976305885e-12 2.9844897012215903e-15 
7.3708214847609290e-09 1.2456309803995122e-07 4.0505101350411014e-07 5.7278605689870584e-07 3.8405188685039933e-07 1.5381300747037791e-07 3.3881288055604580e-08 3.4134034099421800e-09 9.6401435811289419e-11 1.6534312133692834e-13 
6.9685310869548119e-10 2.4421213330380102e-08 1.5267962341159324e-07 3.8405188685039933e-07 5.2523583521637366e-07 3.5901322526332940e-07 1.4021455211572051e-07 2.4932842361962617e-08 1.2965959309619266e-09 4.8884879337750348e-12 
4.3273790385333435e-11 3.0132023688849654e-09 3.4032892809305957e-08 1.5381300747037791e-07 3.5901322526332940e-07 4.9610911006407456e-07 3.3039586276016926e-07 1.0808440429142702e-07 1.0926342243338819e-08 9.5469791563743747e-11 
1.5078467285082339e-12 2.1278303634273578e-10 4.2810720825361644e-09 3.3881288055604580e-08 1.4021455211572051e-07 3.3039586276016926e-07 4.6287053062225828e-07 2.7891811189617890e-07 6.0142270099460141e-08 1.3644314510785176e-09 
2.2700180526353252e-14 6.7899232174857928e-12 2.4772890981411741e-10 3.4134034099421800e-09 2.4932842361962617e-08 1.0808440429142702e-07 2.7891811189617890e-07 4.1378872407596904e-07 2.0496650508451143e-07 1.4642977781910475e-08 
8.1055401098667901e-17 5.4419338441667219e-14 3.8289911976305885e-12 9.6401435811289419e-11 1.2965959309619266e-09 1.0926342243338819e-08 6.0142270099460141e-08 2.0496650508451143e-07 3.6945385261631998e-07 1.0929797012956730e-07 
1.0451146390017646e-20 1.8344683232395004e-17 2.9844897012215903e-15 1.6534312133692834e-13 4.8884879337750348e-12 9.5469791563743747e-11 1.3644314510785176e-09 1.4642977781910475e-08 1.0929797012956730e-07 2.6913644156519295e-07 
