1.9491921864792048e-06 8.1401739327705828e-07 1.6521137951151667e-07 2.2863678657543771e-08 2.1911548912363814e-09 1.3371649251008394e-10 4.5607565347658895e-12 6.7413569204293550e-14 2.3977612320696450e-16 3.2599879993252183e-20 
8.1401739327705828e-07 2.0338801057239432e-06 1.2263803935196602e-06 3.9143202988411558e-07 7.6074930006132435e-08 9.1934546391910855e-09 6.3749693015747161e-10 2.0059318938958951e-11 1.6217140383253226e-13 5.7751793385737264e-17 
1.6521137951151667e-07 1.2263803935196602e-06 1.9153749765052528e-06 1.2679253087472403e-06 4.6953227315234961e-07 1.0280400157922814e-07 1.2734375190671203e-08 7.3120896543048882e-10 1.1524655483630782e-11 9.4598722017525074e-15 
2.2863678657543771e-08 3.9143202988411558e-07 1.2679253087472403e-06 1.7077793562650786e-06 1.1657237588951049e-06 4.6033325933447649e-07 1.0023379780378513e-07 1.0106132095942033e-08 2.9355992317041229e-10 5.2641515303153740e-13 
2.1911548912363814e-09 7.6074930006132435e-08 4.6953227315234961e-07 1.1657237588951049e-06 1.5189705488214391e-06 1.0652240148356440e-06 4.1387916720717732e-07 7.4395831155721286e-08 4.0001598092731156e-09 1.5589993193481798e-11 
1.3371649251008394e-10 9.1934546391910855e-09 1.0280400157922814e-07 4.6033325933447649e-07 1.0652240148356440e-06 1.4093204209248475e-06 9.7956247152795864e-07 3.2701741122586674e-07 3.4182907971932067e-08 3.0387500867949936e-10 
4.5607565347658895e-12 6.3749693015747161e-10 1.2734375190671203e-08 1.0023379780378513e-07 4.1387916720717732e-07 9.7956247152795864e-07 1.3361422066049427e-06 8.6096468321978630e-07 1.9056351373459638e-07 4.3091463420281645e-09 
6.7413569204293550e-14 2.0059318938958951e-11 7.3120896543048882e-10 1.0106132095942033e-08 7.4395831155721286e-08 3.2701741122586674e-07 8.6096468321978630e-07 1.2444048421201511e-06 6.5270210857703647e-07 4.5361817160968928e-08 
2.3977612320696450e-16 1.6217140383253226e-13 1.1524655483630782e-11 2.9355992317041229e-10 4.0001598092731156e-09 3.4182907971932067e-08 1.9056351373459638e-07 6.5270210857703647e-07 1.0958919563356728e-06 3.2475585513358403e-07 
3.2599879993252183e-20 5.7751793385737264e-17 9.4598722017525074e-15 5.2641515303153740e-13 1.5589993193481798e-11 3.0387500867949936e-10 4.3091463420281645e-09 4.5361817160968928e-08 3.2475585513358403e-07 6.9642995723471955e-07 
