1.031211755944e-07 3.286636982094e-08 6.381514810836e-09 8.205119911569e-10 7.423594163081e-11 4.387183107429e-12 1.452806233731e-13 2.027521709314e-15 6.530870716106e-18 7.576884553482e-22 
3.286636982094e-08 1.065428070545e-07 4.490893380935e-08 1.348143375482e-08 2.522092761793e-09 2.969817559564e-10 1.980964469583e-11 5.828462507128e-13 4.261548634607e-15 1.311254367345e-18 
6.381514810836e-09 4.490893380935e-08 9.369801188828e-08 4.237951819623e-08 1.531803329859e-08 3.262629582183e-09 3.852971056019e-10 2.057253553825e-11 2.931416917002e-13 2.104462211074e-16 
8.205119911569e-10 1.348143375482e-08 4.237951819623e-08 8.318270620151e-08 3.735276291102e-08 1.425169468300e-08 2.939758564117e-09 2.750096364429e-10 7.235184798653e-12 1.149047211378e-14 
7.423594163081e-11 2.522092761793e-09 1.531803329859e-08 3.735276291102e-08 7.467943854314e-08 3.185003907241e-08 1.168678884510e-08 1.949832609555e-09 9.546285446034e-11 3.340341267071e-13 
4.387183107429e-12 2.969817559564e-10 3.262629582183e-09 1.425169468300e-08 3.185003907241e-08 6.765203871145e-08 2.640381956639e-08 8.201732437882e-09 7.880935398384e-10 6.385559970250e-12 
1.452806233731e-13 1.980964469583e-11 3.852971056019e-10 2.939758564117e-09 1.168678884510e-08 2.640381956639e-08 6.152101958534e-08 2.052276495161e-08 4.231037916359e-09 8.855512291326e-11 
2.027521709314e-15 5.828462507128e-13 2.057253553825e-11 2.750096364429e-10 1.949832609555e-09 8.201732437882e-09 2.052276495161e-08 5.563305738529e-08 1.390006441753e-08 9.060391753368e-10 
6.530870716106e-18 4.261548634607e-15 2.931416917002e-13 7.235184798653e-12 9.546285446034e-11 7.880935398384e-10 4.231037916359e-09 1.390006441753e-08 4.985750336601e-08 6.245554879303e-09 
7.576884553482e-22 1.311254367345e-18 2.104462211074e-16 1.149047211378e-14 3.340341267071e-13 6.385559970250e-12 8.855512291326e-11 9.060391753368e-10 6.245554879303e-09 4.061326541851e-08 
