6.323971311164e-08 1.663429698335e-08 3.377427790041e-09 4.491766481763e-10 4.173061843566e-11 2.516615280353e-12 8.480840310604e-14 1.200107293757e-15 3.899739954395e-18 4.544662169427e-22 
1.663429698335e-08 6.935946608514e-08 2.437869810324e-08 7.516447204323e-09 1.436420833740e-09 1.720999456208e-10 1.165351867253e-11 3.462562057877e-13 2.551033456968e-15 7.851867426757e-19 
3.377427790041e-09 2.437869810324e-08 6.458822534410e-08 2.401058074189e-08 8.820453657705e-09 1.906507095806e-09 2.278003355834e-10 1.225404935614e-11 1.757925154025e-13 1.257547319596e-16 
4.491766481763e-10 7.516447204323e-09 2.401058074189e-08 5.979013040524e-08 2.173839389818e-08 8.390229223265e-09 1.744756511578e-09 1.642197429894e-10 4.343027462173e-12 6.850607933985e-15 
4.173061843566e-11 1.436420833740e-09 8.820453657705e-09 2.173839389818e-08 5.552114053585e-08 1.886311404582e-08 6.959259308128e-09 1.167280784538e-09 5.730071238230e-11 1.986818455057e-13 
2.516615280353e-12 1.720999456208e-10 1.906507095806e-09 8.390229223265e-09 1.886311404582e-08 5.167369432143e-08 1.577775612943e-08 4.920668298100e-09 4.723619950534e-10 3.788708253803e-12 
8.480840310604e-14 1.165351867253e-11 2.278003355834e-10 1.744756511578e-09 6.959259308128e-09 1.577775612943e-08 4.818176498206e-08 1.231822622380e-08 2.527495309826e-09 5.238801864341e-11 
1.200107293757e-15 3.462562057877e-13 1.225404935614e-11 1.642197429894e-10 1.167280784538e-09 4.920668298100e-09 1.231822622380e-08 4.461548819786e-08 8.261490354611e-09 5.335529593632e-10 
3.899739954395e-18 2.551033456968e-15 1.757925154025e-13 4.343027462173e-12 5.730071238230e-11 4.723619950534e-10 2.527495309826e-09 8.261490354611e-09 4.098787946643e-08 3.638602145698e-09 
4.544662169427e-22 7.851867426757e-19 1.257547319596e-16 6.850607933985e-15 1.986818455057e-13 3.788708253803e-12 5.238801864341e-11 5.335529593632e-10 3.638602145698e-09 3.522322478184e-08 
