6.577426571133e-08 1.773285665583e-08 3.586414515465e-09 4.755205581355e-10 4.403865495501e-11 2.651978045196e-12 8.914245095787e-14 1.259048273622e-15 4.090724503308e-18 4.752310896591e-22 
1.773285665583e-08 7.193518917805e-08 2.582934781701e-08 7.940214551155e-09 1.514275917237e-09 1.811377588858e-10 1.223110711256e-11 3.634235672367e-13 2.672272384479e-15 8.218547513110e-19 
3.586414515465e-09 2.582934781701e-08 6.665676485347e-08 2.532066983373e-08 9.291172016395e-09 2.003539361943e-09 2.390063117076e-10 1.286148916444e-11 1.839111498891e-13 1.317571175491e-16 
4.755205581355e-10 7.940214551155e-09 2.532066983373e-08 6.148303714370e-08 2.286346791926e-08 8.805472142937e-09 1.830999037452e-09 1.722393791243e-10 4.539977614928e-12 7.182693460555e-15 
4.403865495501e-11 1.514275917237e-09 9.291172016395e-09 2.286346791926e-08 5.687929755639e-08 1.979149159722e-08 7.304300355532e-09 1.222640453264e-09 5.989355699679e-11 2.083569743963e-13 
2.651978045196e-12 1.811377588858e-10 2.003539361943e-09 8.805472142937e-09 1.979149159722e-08 5.283874380413e-08 1.654348782113e-08 5.146040257470e-09 4.941288254592e-10 3.971501237795e-12 
8.914245095787e-14 1.223110711256e-11 2.390063117076e-10 1.830999037452e-09 7.304300355532e-09 1.654348782113e-08 4.910604288168e-08 1.287598367144e-08 2.647990973784e-09 5.485081558787e-11 
1.259048273622e-15 3.634235672367e-13 1.286148916444e-11 1.722393791243e-10 1.222640453264e-09 5.146040257470e-09 1.287598367144e-08 4.538764958763e-08 8.661317222786e-09 5.576456824975e-10 
4.090724503308e-18 2.672272384479e-15 1.839111498891e-13 4.539977614928e-12 5.989355699679e-11 4.941288254592e-10 2.647990973784e-09 8.661317222786e-09 4.157712515821e-08 3.802546326553e-09 
4.752310896591e-22 8.218547513110e-19 1.317571175491e-16 7.182693460555e-15 2.083569743963e-13 3.971501237795e-12 5.485081558787e-11 5.576456824975e-10 3.802546326553e-09 3.557833639024e-08 
