6.8105694486723094e-08 1.8771087025376711e-08 3.7874183907804091e-09 5.0106262620012361e-10 4.6337877763386435e-11 2.7844869153718865e-12 9.3348340366517850e-14 1.3176916396289307e-15 4.2667756401096069e-18 4.9657436017242063e-22 
1.8771087025376711e-08 7.4404491739923186e-08 2.7233651277629030e-08 8.3575994442583971e-09 1.5915644075670125e-09 1.8985707746810716e-10 1.2805156787397181e-11 3.7991829510191608e-13 2.7866607781619242e-15 8.5838910282596207e-19 
3.7874183907804091e-09 2.7233651277629030e-08 6.8685038603395198e-08 2.6627803085116920e-08 9.7489553553636177e-09 2.0981009602265815e-09 2.5014560693038770e-10 1.3428494157599637e-11 1.9187714999844357e-13 1.3749667826804272e-16 
5.0106262620012361e-10 8.3575994442583971e-09 2.6627803085116920e-08 6.3136824239513298e-08 2.3950468862173476e-08 9.2182788664913218e-09 1.9147241489932230e-09 1.7967482667691035e-10 4.7400802102248973e-12 7.4876716904282719e-15 
4.6337877763386435e-11 1.5915644075670125e-09 9.7489553553636177e-09 2.3950468862173476e-08 5.8224903039358894e-08 2.0709042631085253e-08 7.6274576359363039e-09 1.2751488246289550e-09 6.2569226035751408e-11 2.1698421239974056e-13 
2.7844869153718865e-12 1.8985707746810716e-10 2.0981009602265815e-09 9.2182788664913218e-09 2.0709042631085253e-08 5.3939371629768983e-08 1.7254672730548628e-08 5.3706965873519690e-09 5.1618398969714815e-10 4.1330536276786957e-12 
9.3348340366517850e-14 1.2805156787397181e-11 2.5014560693038770e-10 1.9147241489932230e-09 7.6274576359363039e-09 1.7254672730548628e-08 5.0011494571223808e-08 1.3451467206277701e-08 2.7628743287433564e-09 5.7083608282889598e-11 
1.3176916396289307e-15 3.7991829510191608e-13 1.3428494157599637e-11 1.7967482667691035e-10 1.2751488246289550e-09 5.3706965873519690e-09 1.3451467206277701e-08 4.6144169778345931e-08 9.0189119572458776e-09 5.8124428377188599e-10 
4.2667756401096069e-18 2.7866607781619242e-15 1.9187714999844357e-13 4.7400802102248973e-12 6.2569226035751408e-11 5.1618398969714815e-10 2.7628743287433564e-09 9.0189119572458776e-09 4.2132529413248167e-08 3.9759943267852268e-09 
4.9657436017242063e-22 8.5838910282596207e-19 1.3749667826804272e-16 7.4876716904282719e-15 2.1698421239974056e-13 4.1330536276786957e-12 5.7083608282889598e-11 5.8124428377188599e-10 3.9759943267852268e-09 3.5905368021006544e-08 
