2.608448464076e-09 1.071902173041e-10 1.207855609757e-10 1.289779802575e-10 1.348587042465e-10 1.395339120855e-10 1.435401666908e-10 1.472281391132e-10 1.509707051322e-10 1.560954564014e-10 
1.071902173041e-10 2.725690052798e-09 2.240298498922e-10 2.470818650930e-10 2.636323124506e-10 2.767710698195e-10 2.880302010672e-10 2.983955888711e-10 3.089145157530e-10 3.233185971604e-10 
1.207855609757e-10 2.240298498922e-10 2.818266969880e-09 3.174090553330e-10 3.448262115812e-10 3.665107972642e-10 3.850643117887e-10 4.021455893916e-10 4.194810965563e-10 4.432199643469e-10 
1.289779802575e-10 2.470818650930e-10 3.174090553330e-10 2.907623690265e-09 4.087899153951e-10 4.403681224960e-10 4.672462339003e-10 4.919453138705e-10 5.170126779007e-10 5.513425043456e-10 
1.348587042465e-10 2.636323124506e-10 3.448262115812e-10 4.087899153951e-10 2.999883020582e-09 5.048685744322e-10 5.419127407826e-10 5.757365453518e-10 6.100084506120e-10 6.569574301804e-10 
1.395339120855e-10 2.767710698195e-10 3.665107972642e-10 4.403681224960e-10 5.048685744322e-10 3.099734800149e-09 6.106361696214e-10 6.555740542127e-10 7.007370673635e-10 7.625746865325e-10 
1.435401666908e-10 2.880302010672e-10 3.850643117887e-10 4.672462339003e-10 5.419127407826e-10 6.106361696214e-10 3.212562637651e-09 7.332616658189e-10 7.918981993875e-10 8.714005696892e-10 
1.472281391132e-10 2.983955888711e-10 4.021455893916e-10 4.919453138705e-10 5.757365453518e-10 6.555740542127e-10 7.332616658189e-10 3.349051750580e-09 8.885466759368e-10 9.898217245293e-10 
1.509707051322e-10 3.089145157530e-10 4.194810965563e-10 5.170126779007e-10 6.100084506120e-10 7.007370673635e-10 7.918981993875e-10 8.885466759368e-10 3.535787026841e-09 1.134079432623e-09 
1.560954564014e-10 3.233185971604e-10 4.432199643469e-10 5.513425043456e-10 6.569574301804e-10 7.625746865325e-10 8.714005696892e-10 9.898217245293e-10 1.134079432623e-09 3.911083777269e-09 
