2.585523653219e-09 7.348081141323e-11 8.325688535068e-11 8.914993485049e-11 9.338013208402e-11 9.674316437029e-11 9.962499640701e-11 1.022778766495e-10 1.049700238720e-10 1.086552992754e-10 
7.348081141323e-11 2.669903997120e-09 1.584459077479e-10 1.753788195407e-10 1.875376651184e-10 1.971905889830e-10 2.054625882433e-10 2.130779384257e-10 2.208060798276e-10 2.313862080168e-10 
8.325688535068e-11 1.584459077479e-10 2.738081152793e-09 2.273976975139e-10 2.476573415731e-10 2.636848513901e-10 2.773993370076e-10 2.900255631538e-10 3.028396368439e-10 3.203836175943e-10 
8.914993485049e-11 1.753788195407e-10 2.273976975139e-10 2.804143622689e-09 2.949586094843e-10 3.182918954723e-10 3.381596885610e-10 3.564192887138e-10 3.749510892329e-10 4.003260742182e-10 
9.338013208402e-11 1.875376651184e-10 2.476573415731e-10 2.949586094843e-10 2.872215251702e-09 3.657170631609e-10 3.929804723892e-10 4.178890124927e-10 4.431313087686e-10 4.777045056943e-10 
9.674316437029e-11 1.971905889830e-10 2.636848513901e-10 3.182918954723e-10 3.657170631609e-10 2.945472224518e-09 4.430889380714e-10 4.759653505606e-10 5.090350119032e-10 5.543097112891e-10 
9.962499640701e-11 2.054625882433e-10 2.773993370076e-10 3.381596885610e-10 3.929804723892e-10 4.430889380714e-10 3.027615250953e-09 5.320406017543e-10 5.746373567044e-10 6.324464983257e-10 
1.022778766495e-10 2.130779384257e-10 2.900255631538e-10 3.564192887138e-10 4.178890124927e-10 4.759653505606e-10 5.320406017543e-10 3.125996373716e-09 6.434905224944e-10 7.165878071381e-10 
1.049700238720e-10 2.208060798276e-10 3.028396368439e-10 3.749510892329e-10 4.431313087686e-10 5.090350119032e-10 5.746373567044e-10 6.434905224944e-10 3.258829638590e-09 8.178557198198e-10 
1.086552992754e-10 2.313862080168e-10 3.203836175943e-10 4.003260742182e-10 4.777045056943e-10 5.543097112891e-10 6.324464983257e-10 7.165878071381e-10 8.178557198198e-10 3.521136147488e-09 
