2.542454543447e-09 6.783330426672e-12 7.909069865807e-12 8.590610596323e-12 9.079708211461e-12 9.468519635993e-12 9.801703477067e-12 1.010841808376e-11 1.041967268984e-11 1.084577169814e-11 
6.783330426672e-12 2.552219660815e-09 1.739081425540e-11 1.971711241527e-11 2.138707771382e-11 2.271189718746e-11 2.384722841746e-11 2.489247451974e-11 2.595320666179e-11 2.740544947340e-11 
7.909069865807e-12 1.739081425540e-11 2.561860758136e-09 2.757614865177e-11 3.064717706862e-11 3.307243376997e-11 3.514670772558e-11 3.705648283152e-11 3.899472159443e-11 4.164849844514e-11 
8.590610596323e-12 1.971711241527e-11 2.757614865177e-11 2.572155784970e-09 3.842774326230e-11 4.221421867341e-11 4.543324580005e-11 4.839071126560e-11 5.139238478706e-11 5.550266781579e-11 
9.079708211461e-12 2.138707771382e-11 3.064717706862e-11 3.842774326230e-11 2.583479892867e-09 5.046550140309e-11 5.511973368677e-11 5.936728338207e-11 6.367131534068e-11 6.956676106334e-11 
9.468519635993e-12 2.271189718746e-11 3.307243376997e-11 4.221421867341e-11 5.046550140309e-11 2.596237420853e-09 6.415520088091e-11 6.997588976874e-11 7.582890608610e-11 8.384302005470e-11 
9.801703477067e-12 2.384722841746e-11 3.514670772558e-11 4.543324580005e-11 5.511973368677e-11 6.415520088091e-11 2.610994765369e-09 8.031175524468e-11 8.805393660466e-11 9.856977464343e-11 
1.010841808376e-11 2.489247451974e-11 3.705648283152e-11 4.839071126560e-11 5.936728338207e-11 6.997588976874e-11 8.031175524468e-11 2.629025180663e-09 1.008791768777e-10 1.144556669230e-10 
1.041967268984e-11 2.595320666179e-11 3.899472159443e-11 5.139238478706e-11 6.367131534068e-11 7.582890608610e-11 8.805393660466e-11 1.008791768777e-10 2.653557397610e-09 1.333498017063e-10 
1.084577169814e-11 2.740544947340e-11 4.164849844514e-11 5.550266781579e-11 6.956676106334e-11 8.384302005470e-11 9.856977464343e-11 1.144556669230e-10 1.333498017063e-10 2.701635038939e-09 
