2.563491258562e-09 4.024862659805e-11 4.601547924950e-11 4.949496032418e-11 5.199256016888e-11 5.397815251624e-11 5.567963966478e-11 5.724595045923e-11 5.883544759845e-11 6.101198538017e-11 
4.024862659805e-11 2.613341326275e-09 9.149235753698e-11 1.019459769510e-10 1.094527313276e-10 1.154120069413e-10 1.205187997928e-10 1.252202195257e-10 1.299912780601e-10 1.365245519470e-10 
4.601547924950e-11 9.149235753698e-11 2.655711967723e-09 1.347141243303e-10 1.474638651494e-10 1.575496986159e-10 1.661800728327e-10 1.741256793319e-10 1.821895012902e-10 1.932319492741e-10 
4.949496032418e-11 1.019459769510e-10 1.347141243303e-10 2.697470865771e-09 1.776052383091e-10 1.924332001085e-10 2.050597567284e-10 2.166649300858e-10 2.284431666824e-10 2.445733287232e-10 
5.199256016888e-11 1.094527313276e-10 1.474638651494e-10 1.776052383091e-10 2.740840001815e-09 2.227779993366e-10 2.401840017442e-10 2.560915505956e-10 2.722141633548e-10 2.942993237466e-10 
5.397815251624e-11 1.154120069413e-10 1.575496986159e-10 1.924332001085e-10 2.227779993366e-10 2.787642061964e-09 2.722195545128e-10 2.932314694892e-10 3.143826227769e-10 3.433450902444e-10 
5.567963966478e-11 1.205187997928e-10 1.661800728327e-10 2.050597567284e-10 2.401840017442e-10 2.722195545128e-10 2.840057424577e-09 3.289157582838e-10 3.561121210865e-10 3.930650422044e-10 
5.724595045923e-11 1.252202195257e-10 1.741256793319e-10 2.166649300858e-10 2.560915505956e-10 2.932314694892e-10 3.289157582838e-10 2.902530393587e-09 3.995232990735e-10 4.461257902954e-10 
5.883544759845e-11 1.299912780601e-10 1.821895012902e-10 2.284431666824e-10 2.722141633548e-10 3.143826227769e-10 3.561121210865e-10 3.995232990735e-10 2.985992971342e-09 5.090186184135e-10 
6.101198538017e-11 1.365245519470e-10 1.932319492741e-10 2.445733287232e-10 2.942993237466e-10 3.433450902444e-10 3.930650422044e-10 4.461257902954e-10 5.090186184135e-10 3.147823734613e-09 
