2.541986867261e-09 5.998994016489e-12 7.000646020488e-12 7.607186428525e-12 8.042451704356e-12 8.388467110219e-12 8.684978136239e-12 8.957933479387e-12 9.234929473047e-12 9.614230000153e-12 
5.998994016489e-12 2.550676917848e-09 1.546564175616e-11 1.755004415446e-11 1.904630550566e-11 2.023324330139e-11 2.125041428195e-11 2.218687936001e-11 2.313722011982e-11 2.443858285100e-11 
7.000646020488e-12 1.546564175616e-11 2.559326443426e-09 2.462351487462e-11 2.738904329779e-11 2.957262603092e-11 3.144011044226e-11 3.315950330030e-11 3.490452832853e-11 3.729415522257e-11 
7.607186428525e-12 1.755004415446e-11 2.462351487462e-11 2.568612324004e-09 3.442946449041e-11 3.785353129773e-11 4.076400986207e-11 4.343785209533e-11 4.615167169970e-11 4.986832290146e-11 
8.042451704356e-12 1.904630550566e-11 2.738904329779e-11 3.442946449041e-11 2.578870557949e-09 4.535261196564e-11 4.957751259793e-11 5.343241789172e-11 5.733846451216e-11 6.268948377912e-11 
8.388467110219e-12 2.023324330139e-11 2.957262603092e-11 3.785353129773e-11 4.535261196564e-11 2.590471808950e-09 5.781918144413e-11 6.311955001113e-11 6.844852329227e-11 7.574587025576e-11 
8.684978136239e-12 2.125041428195e-11 3.144011044226e-11 4.076400986207e-11 4.957751259793e-11 5.781918144413e-11 2.603933036514e-09 7.257585702042e-11 7.964619263973e-11 8.924861377669e-11 
8.957933479387e-12 2.218687936001e-11 3.315950330030e-11 4.343785209533e-11 5.343241789172e-11 6.311955001113e-11 7.257585702042e-11 2.620430912843e-09 9.141673319268e-11 1.038438470204e-10 
9.234929473047e-12 2.313722011982e-11 3.490452832853e-11 4.615167169970e-11 5.733846451216e-11 6.844852329227e-11 7.964619263973e-11 9.141673319268e-11 2.642937241215e-09 1.212324188608e-10 
9.614230000153e-12 2.443858285100e-11 3.729415522257e-11 4.986832290146e-11 6.268948377912e-11 7.574587025576e-11 8.924861377669e-11 1.038438470204e-10 1.212324188608e-10 2.687188899075e-09 
