2.599321383091e-09 9.382585164720e-11 1.059213243597e-10 1.132107392031e-10 1.184432918940e-10 1.226032030689e-10 1.261678916512e-10 1.294493777953e-10 1.327794352166e-10 1.373379053473e-10 
9.382585164720e-11 2.703658869631e-09 1.981455873845e-10 2.187901561785e-10 2.336129693652e-10 2.453805431332e-10 2.554646575956e-10 2.647482853978e-10 2.741694157633e-10 2.870672456382e-10 
1.059213243597e-10 1.981455873845e-10 2.786626486860e-09 2.818840301683e-10 3.064693728634e-10 3.259164800551e-10 3.425562619970e-10 3.578756487193e-10 3.734229942991e-10 3.947090779967e-10 
1.132107392031e-10 2.187901561785e-10 2.818840301683e-10 2.866742132845e-09 3.637788150479e-10 3.920676793245e-10 4.161499455678e-10 4.382811029235e-10 4.607422207124e-10 4.914975559866e-10 
1.184432918940e-10 2.336129693652e-10 3.064693728634e-10 3.637788150479e-10 2.949314462791e-09 4.496804904970e-10 4.827908049072e-10 5.130305572452e-10 5.436727714964e-10 5.856426985129e-10 
1.226032030689e-10 2.453805431332e-10 3.259164800551e-10 3.920676793245e-10 4.496804904970e-10 3.038430497769e-09 5.439511897258e-10 5.840075781663e-10 6.242774329447e-10 6.794083453456e-10 
1.261678916512e-10 2.554646575956e-10 3.425562619970e-10 4.161499455678e-10 4.827908049072e-10 5.439511897258e-10 3.138794760599e-09 6.528663486093e-10 7.049688772987e-10 7.756325525484e-10 
1.294493777953e-10 2.647482853978e-10 3.578756487193e-10 4.382811029235e-10 5.130305572452e-10 5.840075781663e-10 6.528663486093e-10 3.259705532185e-09 7.901674907734e-10 8.799133336534e-10 
1.327794352166e-10 2.741694157633e-10 3.734229942991e-10 4.607422207124e-10 5.436727714964e-10 6.242774329447e-10 7.049688772987e-10 7.901674907734e-10 3.424257321163e-09 1.006524393693e-09 
1.373379053473e-10 2.870672456382e-10 3.947090779967e-10 4.914975559866e-10 5.856426985129e-10 6.794083453456e-10 7.756325525484e-10 8.799133336534e-10 1.006524393693e-09 3.752889166202e-09 
