2.544825330607e-09 1.072210683751e-11 1.245686164515e-11 1.350626064302e-11 1.425940533438e-11 1.485813332534e-11 1.537119849345e-11 1.584350367914e-11 1.632280052453e-11 1.697911805942e-11 
1.072210683751e-11 2.559862853099e-09 2.687255932557e-11 3.035838906863e-11 3.286115078724e-11 3.484709714007e-11 3.654898266348e-11 3.811581031238e-11 3.970585065905e-11 4.188319233308e-11 
1.245686164515e-11 2.687255932557e-11 2.574236317652e-09 4.192668169661e-11 4.643912819855e-11 5.000483078497e-11 5.305503478516e-11 5.586331185551e-11 5.871341818220e-11 6.261632548521e-11 
1.350626064302e-11 3.035838906863e-11 4.192668169661e-11 2.589269201033e-09 5.765989946126e-11 6.313426645376e-11 6.779108674036e-11 7.207024987555e-11 7.641332586142e-11 8.236120961171e-11 
1.425940533438e-11 3.286115078724e-11 4.643912819855e-11 5.765989946126e-11 2.605533074867e-09 7.484172636552e-11 8.147718751135e-11 8.753660130979e-11 9.367726089172e-11 1.020892065052e-10 
1.485813332534e-11 3.484709714007e-11 5.000483078497e-11 6.313426645376e-11 7.484172636552e-11 2.623606591158e-09 9.413587739710e-11 1.023384170253e-10 1.105913958385e-10 1.218928501616e-10 
1.537119849345e-11 3.654898266348e-11 5.305503478516e-11 6.779108674036e-11 8.147718751135e-11 9.413587739710e-11 2.644277514035e-09 1.166640318630e-10 1.274679005117e-10 1.421501284759e-10 
1.584350367914e-11 3.811581031238e-11 5.586331185551e-11 7.207024987555e-11 8.753660130979e-11 1.023384170253e-10 1.166640318630e-10 2.669277076041e-09 1.450723652068e-10 1.638609016592e-10 
1.632280052453e-11 3.970585065905e-11 5.871341818220e-11 7.641332586142e-11 9.367726089172e-11 1.105913958385e-10 1.274679005117e-10 1.450723652068e-10 2.702979373124e-09 1.895359058488e-10 
1.697911805942e-11 4.188319233308e-11 6.261632548521e-11 8.236120961171e-11 1.020892065052e-10 1.218928501616e-10 1.421501284759e-10 1.638609016592e-10 1.895359058488e-10 2.768424181854e-09 
