2.543217188373e-09 8.058938446242e-12 9.385214526455e-12 1.018792924257e-11 1.076400310199e-11 1.122196019542e-11 1.161439625973e-11 1.197565582980e-11 1.234226323410e-11 1.284427167854e-11 
8.058938446242e-12 2.554718893050e-09 2.050318521366e-11 2.321674649334e-11 2.516486958415e-11 2.671049710833e-11 2.803504821493e-11 2.925449485316e-11 3.049200885397e-11 3.218661541828e-11 
9.385214526455e-12 2.050318521366e-11 2.565944297331e-09 3.232476580094e-11 3.588156314522e-11 3.869106302994e-11 4.109413176606e-11 4.330662116573e-11 4.555207851905e-11 4.862698995147e-11 
1.018792924257e-11 2.321674649334e-11 3.232476580094e-11 2.577839850464e-09 4.483020722218e-11 4.918890060022e-11 5.289536689969e-11 5.630090270710e-11 5.975732448812e-11 6.449095670560e-11 
1.076400310199e-11 2.516486958415e-11 3.588156314522e-11 4.483020722218e-11 2.590842283678e-09 5.861927914452e-11 6.394861610167e-11 6.881337322998e-11 7.374303726348e-11 8.049620228141e-11 
1.122196019542e-11 2.671049710833e-11 3.869106302994e-11 4.918890060022e-11 5.861927914452e-11 2.605414862139e-09 7.422580489471e-11 8.086060889982e-11 8.753405669555e-11 9.667256256219e-11 
1.161439625973e-11 2.803504821493e-11 4.109413176606e-11 5.289536689969e-11 6.394861610167e-11 7.422580489471e-11 2.622196561988e-09 9.256532496967e-11 1.013574839640e-10 1.133025831069e-10 
1.197565582980e-11 2.925449485316e-11 4.330662116573e-11 5.630090270710e-11 6.881337322998e-11 8.086060889982e-11 9.256532496967e-11 2.642619310119e-09 1.158288611724e-10 1.311965811135e-10 
1.234226323410e-11 3.049200885397e-11 4.555207851905e-11 5.975732448812e-11 7.374303726348e-11 8.753405669555e-11 1.013574839640e-10 1.158288611724e-10 2.670302014524e-09 1.524170531221e-10 
1.284427167854e-11 3.218661541828e-11 4.862698995147e-11 6.449095670560e-11 8.049620228141e-11 9.667256256219e-11 1.133025831069e-10 1.311965811135e-10 1.524170531221e-10 2.724351839330e-09 
