2.541591476137e-09 5.336857700421e-12 6.233446660234e-12 6.776464610376e-12 7.166136268027e-12 7.475905556630e-12 7.741356493993e-12 7.985719257731e-12 8.233699097325e-12 8.573177648484e-12 
5.336857700421e-12 2.549371293524e-09 1.383276719132e-11 1.570987818825e-11 1.705726356815e-11 1.812604372046e-11 1.904195685103e-11 1.988520062629e-11 2.074093840732e-11 2.191252728936e-11 
6.233446660234e-12 1.383276719132e-11 2.557169329753e-09 2.210507394927e-11 2.460665931082e-11 2.658152742304e-11 2.827041238972e-11 2.982537466805e-11 3.140352110768e-11 3.356427704008e-11 
6.776464610376e-12 1.570987818825e-11 2.210507394927e-11 2.565581279072e-09 3.100366569905e-11 3.411303591140e-11 3.675557257005e-11 3.918315595622e-11 4.164703751719e-11 4.502093256575e-11 
7.166136268027e-12 1.705726356815e-11 2.460665931082e-11 3.100366569905e-11 2.574912204192e-09 4.095436215712e-11 4.480447167181e-11 4.831677300155e-11 5.187551213736e-11 5.675020513919e-11 
7.475905556630e-12 1.812604372046e-11 2.658152742304e-11 3.411303591140e-11 4.095436215712e-11 2.585501405273e-09 5.234957460267e-11 5.719447745887e-11 6.206455233036e-11 6.873284097727e-11 
7.741356493993e-12 1.904195685103e-11 2.827041238972e-11 3.675557257005e-11 4.480447167181e-11 5.234957460267e-11 2.597826693452e-09 6.587642403675e-11 7.235581714798e-11 8.115367872803e-11 
7.985719257731e-12 1.988520062629e-11 2.982537466805e-11 3.918315595622e-11 4.831677300155e-11 5.719447745887e-11 6.587642403675e-11 2.612973479877e-09 8.319557495159e-11 9.461075381163e-11 
8.233699097325e-12 2.074093840732e-11 3.140352110768e-11 4.164703751719e-11 5.187551213736e-11 6.206455233036e-11 7.235581714798e-11 8.319557495159e-11 2.633699733123e-09 1.106680964594e-10 
8.573177648484e-12 2.191252728936e-11 3.356427704008e-11 4.502093256575e-11 5.675020513919e-11 6.873284097727e-11 8.115367872803e-11 9.461075381163e-11 1.106680964594e-10 2.674559284631e-09 
