2.545173771248e-09 1.129421426864e-11 1.311463621767e-11 1.421574326971e-11 1.500600502276e-11 1.563424128581e-11 1.617259254571e-11 1.666817493663e-11 1.717109356309e-11 1.785975703808e-11 
1.129421426864e-11 2.560952298428e-09 2.821364820868e-11 3.185775452634e-11 3.447420579030e-11 3.655041588679e-11 3.832965146967e-11 3.996768887220e-11 4.162999369606e-11 4.390629115908e-11 
1.311463621767e-11 2.821364820868e-11 2.575968616361e-09 4.392457630863e-11 4.863080916028e-11 5.234985226540e-11 5.553128126147e-11 5.846037320515e-11 6.143309078008e-11 6.550389950863e-11 
1.421574326971e-11 3.185775452634e-11 4.392457630863e-11 2.591635689293e-09 6.030831277309e-11 6.600718609488e-11 7.085532457362e-11 7.531036665160e-11 7.983193971605e-11 8.602427124026e-11 
1.500600502276e-11 3.447420579030e-11 4.863080916028e-11 6.030831277309e-11 2.608554067073e-09 7.816933479991e-11 8.506644025621e-11 9.136510331405e-11 9.774827997997e-11 1.064924250226e-10 
1.563424128581e-11 3.655041588679e-11 5.234985226540e-11 6.600718609488e-11 7.816933479991e-11 2.627327588281e-09 9.819985329478e-11 1.067150195178e-10 1.152830918852e-10 1.270160397069e-10 
1.617259254571e-11 3.832965146967e-11 5.553128126147e-11 7.085532457362e-11 8.506644025621e-11 9.819985329478e-11 2.648773056526e-09 1.215607834333e-10 1.327653025199e-10 1.479923776624e-10 
1.666817493663e-11 3.996768887220e-11 5.846037320515e-11 7.531036665160e-11 9.136510331405e-11 1.067150195178e-10 1.215607834333e-10 2.674683459589e-09 1.509942398799e-10 1.704619678378e-10 
1.717109356309e-11 4.162999369606e-11 6.143309078008e-11 7.983193971605e-11 9.774827997997e-11 1.152830918852e-10 1.327653025199e-10 1.509942398799e-10 2.709582665755e-09 1.970166990307e-10 
1.785975703808e-11 4.390629115908e-11 6.550389950863e-11 8.602427124026e-11 1.064924250226e-10 1.270160397069e-10 1.479923776624e-10 1.704619678378e-10 1.970166990307e-10 2.777298978733e-09 
