2.541849644378e-09 5.768350968314e-12 6.733204166255e-12 7.317497295728e-12 7.736794449164e-12 8.070115489359e-12 8.355748432033e-12 8.618689899929e-12 8.885523780952e-12 9.250909033907e-12 
5.768350968314e-12 2.550220836283e-09 1.489507472224e-11 1.690698514229e-11 1.835118849492e-11 1.949680866845e-11 2.047857121523e-11 2.138243824790e-11 2.229969809254e-11 2.355576118419e-11 
6.733204166255e-12 1.489507472224e-11 2.558572716600e-09 2.374368008998e-11 2.641711734390e-11 2.852786671879e-11 3.033302658001e-11 3.199503994518e-11 3.368183162358e-11 3.599171467158e-11 
7.317497295728e-12 1.690698514229e-11 2.374368008998e-11 2.567553824561e-09 3.323337335142e-11 3.654774585438e-11 3.936483717596e-11 4.195284707493e-11 4.457955218131e-11 4.817690157031e-11 
7.736794449164e-12 1.835118849492e-11 2.641711734390e-11 3.323337335142e-11 2.577488932482e-09 4.381785397154e-11 4.791229517484e-11 5.164791790931e-11 5.543304657442e-11 6.061843659101e-11 
8.070115489359e-12 1.949680866845e-11 2.852786671879e-11 3.654774585438e-11 4.381785397154e-11 2.588738140318e-09 5.591188895395e-11 6.105379834702e-11 6.622314569488e-11 7.330192388367e-11 
8.355748432033e-12 2.047857121523e-11 3.033302658001e-11 3.936483717596e-11 4.791229517484e-11 5.591188895395e-11 2.601804341623e-09 7.024106040078e-11 7.710613523609e-11 8.642931242853e-11 
8.618689899929e-12 2.138243824790e-11 3.199503994518e-11 4.195284707493e-11 5.164791790931e-11 6.105379834702e-11 7.024106040078e-11 2.617833216726e-09 8.855401882868e-11 1.006299362814e-10 
8.885523780952e-12 2.229969809254e-11 3.368183162358e-11 4.457955218131e-11 5.543304657442e-11 6.622314569488e-11 7.710613523609e-11 8.855401882868e-11 2.639721346263e-09 1.175560932152e-10 
9.250909033907e-12 2.355576118419e-11 3.599171467158e-11 4.817690157031e-11 6.061843659101e-11 7.330192388367e-11 8.642931242853e-11 1.006299362814e-10 1.175560932152e-10 2.682798227841e-09 
