1.941838783470e-06 8.110858786254e-07 1.646346657483e-07 2.278015385059e-08 2.183232128319e-09 1.333145147413e-10 4.552542608200e-12 6.735154549159e-14 2.395353643137e-16 3.254870537146e-20 
8.110858786254e-07 2.026884881243e-06 1.221961597380e-06 3.899970157592e-07 7.582406018128e-08 9.171902947961e-09 6.366996157994e-10 2.004198947039e-11 1.619871781488e-13 5.765737305988e-17 
1.646346657483e-07 1.221961597380e-06 1.908432750528e-06 1.263540537209e-06 4.682315622012e-07 1.026263603241e-07 1.272189147060e-08 7.305406544451e-10 1.151011313029e-11 9.443905559238e-15 
2.278015385059e-08 3.899970157592e-07 1.263540537209e-06 1.702893709576e-06 1.163353062139e-06 4.597776000264e-07 1.001459858952e-07 1.009590588368e-08 2.931552366368e-10 5.255024329888e-13 
2.183232128319e-09 7.582406018128e-08 4.682315622012e-07 1.163353062139e-06 1.517018263035e-06 1.064250395130e-06 4.135039689118e-07 7.431045946416e-08 3.994209136084e-09 1.556231920691e-11 
1.333145147413e-10 9.171902947961e-09 1.026263603241e-07 4.597776000264e-07 1.064250395130e-06 1.408099667739e-06 9.785400907081e-07 3.265875641792e-07 3.412849960057e-08 3.033240581894e-10 
4.552542608200e-12 6.366996157994e-10 1.272189147060e-08 1.001459858952e-07 4.135039689118e-07 9.785400907081e-07 1.334498803825e-06 8.596807847855e-07 1.902411460072e-07 4.301180675726e-09 
6.735154549159e-14 2.004198947039e-11 7.305406544451e-10 1.009590588368e-08 7.431045946416e-08 3.265875641792e-07 8.596807847855e-07 1.242395849677e-06 6.515363649447e-07 4.527653737287e-08 
2.395353643137e-16 1.619871781488e-13 1.151011313029e-11 2.931552366368e-10 3.994209136084e-09 3.412849960057e-08 1.902411460072e-07 6.515363649447e-07 1.093902802727e-06 3.241407467543e-07 
3.254870537146e-20 5.765737305988e-17 9.443905559238e-15 5.255024329888e-13 1.556231920691e-11 3.033240581894e-10 4.301180675726e-09 4.527653737287e-08 3.241407467543e-07 6.952112929110e-07 
