1.067681592640e-07 3.427728595792e-08 6.636468496502e-09 8.516739366222e-10 7.694015405882e-11 4.544430942497e-12 1.502769530078e-13 2.098118345543e-15 6.756819378741e-18 7.849292603373e-22 
3.427728595792e-08 1.097086188789e-07 4.663795691556e-08 1.397811410879e-08 2.613029082147e-09 3.073914999439e-10 2.048797332435e-11 6.034344922373e-13 4.405703928015e-15 1.359798207870e-18 
6.636468496502e-09 4.663795691556e-08 9.612434071913e-08 4.391295564568e-08 1.586295067773e-08 3.374868422067e-09 3.986611104084e-10 2.129579025090e-11 3.029745722485e-13 2.183788192427e-16 
8.516739366222e-10 1.397811410879e-08 4.391295564568e-08 8.514691225057e-08 3.864854933082e-08 1.474037157353e-08 3.043176205338e-09 2.845158583997e-10 7.480337936689e-12 1.192586766450e-14 
7.694015405882e-11 2.613029082147e-09 1.586295067773e-08 3.864854933082e-08 7.626977168444e-08 3.296190616365e-08 1.209805711859e-08 2.015874693511e-09 9.878842012767e-11 3.466023331545e-13 
4.544430942497e-12 3.073914999439e-10 3.374868422067e-09 1.474037157353e-08 3.296190616365e-08 6.904425242361e-08 2.731117388998e-08 8.478021864623e-09 8.166720855283e-10 6.621674742767e-12 
1.502769530078e-13 2.048797332435e-11 3.986611104084e-10 3.043176205338e-09 1.209805711859e-08 2.731117388998e-08 6.264038038176e-08 2.123909339643e-08 4.389843680652e-09 9.175381930257e-11 
2.098118345543e-15 6.034344922373e-13 2.129579025090e-11 2.845158583997e-10 2.015874693511e-09 8.478021864623e-09 2.123909339643e-08 5.665192163377e-08 1.441916598923e-08 9.384817724196e-10 
6.756819378741e-18 4.405703928015e-15 3.029745722485e-13 7.480337936689e-12 9.878842012767e-11 8.166720855283e-10 4.389843680652e-09 1.441916598923e-08 5.063618575142e-08 6.488815260982e-09 
7.849292603373e-22 1.359798207870e-18 2.183788192427e-16 1.192586766450e-14 3.466023331545e-13 6.621674742767e-12 9.175381930257e-11 9.384817724196e-10 6.488815260982e-09 4.115262282915e-08 
