8.331416469200e-08 2.504966185167e-08 4.954958399539e-09 6.456817659672e-10 5.898395702338e-11 3.512993244669e-12 1.169400762677e-13 1.639400126193e-15 5.291943542193e-18 6.128113860729e-22 
2.504966185167e-08 8.884701764898e-08 3.522564326258e-08 1.067994209724e-08 2.013967568436e-09 2.385737339727e-10 1.598062866746e-11 4.720103629351e-13 3.451182368147e-15 1.060195265293e-18 
4.954958399539e-09 3.522564326258e-08 8.002096178444e-08 3.377262760989e-08 1.228117895393e-08 2.626953591305e-09 3.114023061263e-10 1.666985165391e-11 2.372682119661e-13 1.700380785629e-16 
6.456817659672e-10 1.067994209724e-08 3.377262760989e-08 7.224937308706e-08 3.004259160526e-08 1.150003833670e-08 2.379709271640e-09 2.228214258313e-10 5.853936537233e-12 9.273389511376e-15 
5.898395702338e-11 2.013967568436e-09 1.228117895393e-08 3.004259160526e-08 6.568624535711e-08 2.575974539337e-08 9.469331110051e-09 1.578994114873e-09 7.721980995017e-11 2.691210709148e-13 
3.512993244669e-12 2.385737339727e-10 2.626953591305e-09 1.150003833670e-08 2.575974539337e-08 6.016296194626e-08 2.139117322461e-08 6.637366752889e-09 6.372785262182e-10 5.132573896390e-12 
1.169400762677e-13 1.598062866746e-11 3.114023061263e-10 2.379709271640e-09 9.469331110051e-09 2.139117322461e-08 5.517198788581e-08 1.660101135087e-08 3.417502821312e-09 7.095199221336e-11 
1.639400126193e-15 4.720103629351e-13 1.666985165391e-11 2.228214258313e-10 1.578994114873e-09 6.637366752889e-09 1.660101135087e-08 5.037393805325e-08 1.118941776799e-08 7.228180703556e-10 
5.291943542193e-18 3.451182368147e-15 2.372682119661e-13 5.853936537233e-12 7.721980995017e-11 6.372785262182e-10 3.417502821312e-09 1.118941776799e-08 4.551871097480e-08 4.956443574218e-09 
6.128113860729e-22 1.060195265293e-18 1.700380785629e-16 9.273389511376e-15 2.691210709148e-13 5.132573896390e-12 7.095199221336e-11 7.228180703556e-10 4.956443574218e-09 3.793930514930e-08 
