6.546695411421e-07 2.335431403171e-07 4.479493567429e-08 5.864548116299e-09 5.485637181834e-10 3.382311976080e-11 1.184043704400e-12 1.769274197474e-14 6.121444994968e-17 8.186428522578e-21 
2.335431403171e-07 5.778168481296e-07 3.188810489635e-07 9.842230898181e-08 1.912160066104e-08 2.359940485743e-09 1.670409511065e-10 5.226101447620e-12 4.101294863594e-14 1.453446802903e-17 
4.479493567429e-08 3.188810489635e-07 5.039765300091e-07 3.177659481370e-07 1.193974375932e-07 2.672046813109e-08 3.340895770149e-09 1.886163705608e-10 2.898443580580e-12 2.386153628750e-15 
5.864548116299e-09 9.842230898181e-08 3.177659481370e-07 4.539687057479e-07 3.011870380285e-07 1.206581665380e-07 2.616804212569e-08 2.580138353496e-09 7.364220425224e-11 1.330473414098e-13 
5.485637181834e-10 1.912160066104e-08 1.193974375932e-07 3.011870380285e-07 4.184716164207e-07 2.791823791071e-07 1.068875787894e-07 1.881359121649e-08 1.003346682076e-09 3.946111541641e-12 
3.382311976080e-11 2.359940485743e-09 2.672046813109e-08 1.206581665380e-07 2.791823791071e-07 3.861764695853e-07 2.493888219124e-07 8.214631475946e-08 8.591550231445e-09 7.697727295850e-11 
1.184043704400e-12 1.670409511065e-10 3.340895770149e-09 2.616804212569e-08 1.068875787894e-07 2.493888219124e-07 3.572894439541e-07 2.159691800529e-07 4.807409830570e-08 1.091455236755e-09 
1.769274197474e-14 5.226101447620e-12 1.886163705608e-10 2.580138353496e-09 1.881359121649e-08 8.214631475946e-08 2.159691800529e-07 3.345443855236e-07 1.652215960428e-07 1.147856050145e-08 
6.121444994968e-17 4.101294863594e-14 2.898443580580e-12 7.364220425224e-11 1.003346682076e-09 8.591550231445e-09 4.807409830570e-08 1.652215960428e-07 2.984825652703e-07 8.236312383019e-08 
8.186428522578e-21 1.453446802903e-17 2.386153628750e-15 1.330473414098e-13 3.946111541641e-12 7.697727295850e-11 1.091455236755e-09 1.147856050145e-08 8.236312383019e-08 2.045455743919e-07 
