1.5242709449788109e-07 5.1099286754155644e-08 9.6437021210122367e-09 1.2173972363896785e-09 1.0885610844545102e-10 6.3836845085212074e-12 2.1039871470743777e-13 2.9387129537357181e-15 9.4907626511938832e-18 1.1208228759510219e-21 
5.1099286754155644e-08 1.4711049894213580e-07 6.6923856192044794e-08 1.9834760392253727e-08 3.6798558426424134e-09 4.3075017159208571e-10 2.8688024586478160e-11 8.4543684221201040e-13 6.2075530970500900e-15 1.9460934335613897e-18 
9.6437021210122367e-09 6.6923856192044794e-08 1.2471063463942163e-07 6.1956775425778271e-08 2.2260792433107077e-08 4.7253778982897758e-09 5.5834631986012385e-10 2.9863200735502964e-11 4.2838336460143671e-13 3.1319560341793279e-16 
1.2173972363896785e-09 1.9834760392253727e-08 6.1956775425778271e-08 1.0816294905078689e-07 5.4126373850182892e-08 2.0640496078285562e-08 4.2633306395227287e-09 3.9973306177899641e-10 1.0614502982266717e-11 1.7144858780781751e-14 
1.0885610844545102e-10 3.6798558426424134e-09 2.2260792433107077e-08 5.4126373850182892e-08 9.5504069793627194e-08 4.6169494911561611e-08 1.6963268819424670e-08 2.8413405217677063e-09 1.4067494696051061e-10 4.9981365020455954e-13 
6.3836845085212074e-12 4.3075017159208571e-10 4.7253778982897758e-09 2.0640496078285562e-08 4.6169494911561611e-08 8.5445036262359198e-08 3.8397009879204743e-08 1.2006288650146613e-08 1.1670694351281775e-09 9.5895521415862784e-12 
2.1039871470743777e-13 2.8688024586478160e-11 5.5834631986012385e-10 4.2633306395227287e-09 1.6963268819424670e-08 3.8397009879204743e-08 7.6887032304180413e-08 3.0247893745359165e-08 6.2985998255776517e-09 1.3373486661226840e-10 
2.9387129537357181e-15 8.4543684221201040e-13 2.9863200735502964e-11 3.9973306177899641e-10 2.8413405217677063e-09 1.2006288650146613e-08 3.0247893745359165e-08 6.8947051892972959e-08 2.0825573676680378e-08 1.3820709774807904e-09 
9.4907626511938832e-18 6.2075530970500900e-15 4.2838336460143671e-13 1.0614502982266717e-11 1.4067494696051061e-10 1.1670694351281775e-09 6.2985998255776517e-09 2.0825573676680378e-08 6.1059394846172009e-08 9.7035790209744666e-09 
1.1208228759510219e-21 1.9460934335613897e-18 3.1319560341793279e-16 1.7144858780781751e-14 4.9981365020455954e-13 9.5895521415862784e-12 1.3373486661226840e-10 1.3820709774807904e-09 9.7035790209744666e-09 4.7973320414414957e-08 
