1.537169536689e-07 5.151221257860e-08 9.716219036259e-09 1.226179876854e-09 1.096828952118e-10 6.430383726232e-12 2.120831355276e-13 2.965200560144e-15 9.566216692261e-18 1.133993564887e-21 
5.151221257860e-08 1.480130582599e-07 6.741028867243e-08 1.998181002078e-08 3.707532564326e-09 4.339623539020e-10 2.894255592777e-11 8.524411702481e-13 6.263744255530e-15 1.967422861750e-18 
9.716219036259e-09 6.741028867243e-08 1.254193105522e-07 6.242821107023e-08 2.242386902386e-08 4.763834577373e-09 5.633586522984e-10 3.009771581866e-11 4.328339556030e-13 3.163147723956e-16 
1.226179876854e-09 1.998181002078e-08 6.242821107023e-08 1.087494320391e-07 5.454444698311e-08 2.082414544093e-08 4.299584648154e-09 4.029772886574e-10 1.073587089688e-11 1.730007554126e-14 
1.096828952118e-10 3.707532564326e-09 2.242386902386e-08 5.454444698311e-08 9.609452353807e-08 4.657899048454e-08 1.709728015814e-08 2.867470328970e-09 1.423444640779e-10 5.041041877068e-13 
6.430383726232e-12 4.339623539020e-10 4.763834577373e-09 2.082414544093e-08 4.657899048454e-08 8.590297377495e-08 3.871547365643e-08 1.213671309309e-08 1.180369219393e-09 9.675200453838e-12 
2.120831355276e-13 2.894255592777e-11 5.633586522984e-10 4.299584648154e-09 1.709728015814e-08 3.871547365643e-08 7.738948670049e-08 3.060664125951e-08 6.361143145156e-09 1.351495756125e-10 
2.965200560144e-15 8.524411702481e-13 3.009771581866e-11 4.029772886574e-10 2.867470328970e-09 1.213671309309e-08 3.060664125951e-08 6.937717998407e-08 2.101105008421e-08 1.401186926817e-09 
9.566216692261e-18 6.263744255530e-15 4.328339556030e-13 1.073587089688e-11 1.423444640779e-10 1.180369219393e-09 6.361143145156e-09 2.101105008421e-08 6.145993466543e-08 9.862072969456e-09 
1.133993564887e-21 1.967422861750e-18 3.163147723956e-16 1.730007554126e-14 5.041041877068e-13 9.675200453838e-12 1.351495756125e-10 1.401186926817e-09 9.862072969456e-09 4.817252256421e-08 
