1.1364473572331921e-07 3.6926409277798395e-08 7.1151825318727875e-09 9.0992277342134074e-10 8.2031719111078818e-11 4.8342671215302404e-12 1.5968781378400055e-13 2.2289338242383128e-15 7.1646920620473239e-18 8.3510939771280068e-22 
3.6926409277798395e-08 1.1565504131818454e-07 4.9870209102386894e-08 1.4911676931417920e-08 2.7822533266385495e-09 3.2670260743808352e-10 2.1774113279691529e-11 6.4039669101532634e-13 4.6752438443275362e-15 1.4459277029971700e-18 
7.1151825318727875e-09 4.9870209102386894e-08 1.0067954618061050e-07 4.6784828965941361e-08 1.6868269286072182e-08 3.5863609176819301e-09 4.2354422032744441e-10 2.2585060678526315e-11 3.2186638132778159e-13 2.3204975308209710e-16 
9.0992277342134074e-10 1.4911676931417920e-08 4.6784828965941361e-08 8.8770349645764858e-08 4.1069864497077288e-08 1.5665039065755294e-08 3.2305453544696472e-09 3.0173603513648470e-10 7.9544228668922701e-12 1.2665442365623160e-14 
8.2031719111078818e-11 2.7822533266385495e-09 1.6868269286072182e-08 4.1069864497077288e-08 7.9286034506717096e-08 3.5010371178978501e-08 1.2831423076099205e-08 2.1394999224933771e-09 1.0510193080627373e-10 3.6804056520207235e-13 
4.8342671215302404e-12 3.2670260743808352e-10 3.5863609176819301e-09 1.5665039065755294e-08 3.5010371178978501e-08 7.1527949900814236e-08 2.8966876501423815e-08 9.0105719184573372e-09 8.6866491382991637e-10 7.0349202283851864e-12 
1.5968781378400055e-13 2.1774113279691529e-11 4.2354422032744441e-10 3.2305453544696472e-09 1.2831423076099205e-08 2.8966876501423815e-08 6.4785788485467571e-08 2.2596402525655483e-08 4.6647576825042834e-09 9.7639077996098870e-11 
2.2289338242383128e-15 6.4039669101532634e-13 2.2585060678526315e-11 3.0173603513648470e-10 2.1394999224933771e-09 9.0105719184573372e-09 2.2596402525655483e-08 5.8445530347424204e-08 1.5316080989780758e-08 1.0020017610842622e-09 
7.1646920620473239e-18 4.6752438443275362e-15 3.2186638132778159e-13 7.9544228668922701e-12 1.0510193080627373e-10 8.6866491382991637e-10 4.6647576825042834e-09 1.5316080989780758e-08 5.2113942700733265e-08 6.9536194004397094e-09 
8.3510939771280068e-22 1.4459277029971700e-18 2.3204975308209710e-16 1.2665442365623160e-14 3.6804056520207235e-13 7.0349202283851864e-12 9.7639077996098870e-11 1.0020017610842622e-09 6.9536194004397094e-09 4.2079938914624063e-08 
