7.760377867926e-07 2.849923971548e-07 5.545283216912e-08 7.337844917902e-09 6.938099918754e-10 4.309956296530e-11 1.503180014851e-12 2.264690107115e-14 8.086120122932e-17 1.042697110714e-20 
2.849923971548e-07 7.069787657134e-07 3.979263183849e-07 1.240146634612e-07 2.431870735967e-08 3.002554108259e-09 2.122243921514e-10 6.774267684017e-12 5.428630800775e-14 1.830384965720e-17 
5.545283216912e-08 3.979263183849e-07 6.267527751422e-07 4.033157043869e-07 1.520911259021e-07 3.392975397845e-08 4.270807241504e-09 2.471487153310e-10 3.819578118373e-12 2.978119498920e-15 
7.337844917902e-09 1.240146634612e-07 4.033157043869e-07 5.706330924617e-07 3.827900124878e-07 1.534148400588e-07 3.380288145285e-08 3.405227141451e-09 9.616642510938e-11 1.650055747933e-13 
6.938099918754e-10 2.431870735967e-08 1.520911259021e-07 3.827900124878e-07 5.239057781543e-07 3.581719712037e-07 1.398869397207e-07 2.487197007045e-08 1.293508871459e-09 4.878949441898e-12 
4.309956296530e-11 3.002554108259e-09 3.392975397845e-08 1.534148400588e-07 3.581719712037e-07 4.950230502827e-07 3.295994878206e-07 1.078196021805e-07 1.090144320422e-08 9.529137335270e-11 
1.503180014851e-12 2.122243921514e-10 4.270807241504e-09 3.380288145285e-08 1.398869397207e-07 3.295994878206e-07 4.618031533810e-07 2.782548833539e-07 6.001463070347e-08 1.361966485265e-09 
2.264690107115e-14 6.774267684017e-12 2.471487153310e-10 3.405227141451e-09 2.487197007045e-08 1.078196021805e-07 2.782548833539e-07 4.129437983214e-07 2.045713386775e-07 1.461659383171e-08 
8.086120122932e-17 5.428630800775e-14 3.819578118373e-12 9.616642510938e-11 1.293508871459e-09 1.090144320422e-08 6.001463070347e-08 2.045713386775e-07 3.688375903490e-07 1.090851137970e-07 
1.042697110714e-20 1.830384965720e-17 2.978119498920e-15 1.650055747933e-13 4.878949441898e-12 9.529137335270e-11 1.361966485265e-09 1.461659383171e-08 1.090851137970e-07 2.685753115430e-07 
