1.147078018010e-07 3.728218047477e-08 7.176056547683e-09 9.171621836810e-10 8.267280123538e-11 4.872367308346e-12 1.608257171006e-13 2.248349908350e-15 7.218671642762e-18 8.443853397393e-22 
3.728218047477e-08 1.164156200601e-07 5.027635462564e-08 1.502705237228e-08 2.804425668215e-09 3.291025940580e-10 2.194308016373e-11 6.460600703404e-13 4.708778940726e-15 1.462728701322e-18 
7.176056547683e-09 5.027635462564e-08 1.012402965240e-07 4.715600531143e-08 1.699799665211e-08 3.612396306009e-09 4.271414570858e-10 2.277197395431e-11 3.243260676250e-13 2.347274657753e-16 
9.171621836810e-10 1.502705237228e-08 4.715600531143e-08 8.924308307021e-08 4.136609794120e-08 1.578805080277e-08 3.259018647988e-09 3.040301172036e-10 8.023633581769e-12 1.280404595905e-14 
8.267280123538e-11 2.804425668215e-09 1.699799665211e-08 4.136609794120e-08 7.967623455644e-08 3.531578411702e-08 1.293868685947e-08 2.155179515640e-09 1.061549497915e-10 3.717056950933e-13 
4.872367308346e-12 3.291025940580e-10 3.612396306009e-09 1.578805080277e-08 3.531578411702e-08 7.189983030312e-08 2.918219589581e-08 9.083648790344e-09 8.783569447401e-10 7.096888152418e-12 
1.608257171006e-13 2.194308016373e-11 4.271414570858e-10 3.259018647988e-09 1.293868685947e-08 2.918219589581e-08 6.506645431503e-08 2.282429756390e-08 4.717396041369e-09 9.842008106101e-11 
2.248349908350e-15 6.460600703404e-13 2.277197395431e-11 3.040301172036e-10 2.155179515640e-09 9.083648790344e-09 2.282429756390e-08 5.879129738010e-08 1.546299185801e-08 1.010936620333e-09 
7.218671642762e-18 4.708778940726e-15 3.243260676250e-13 8.023633581769e-12 1.061549497915e-10 8.783569447401e-10 4.717396041369e-09 1.546299185801e-08 5.231734393034e-08 7.046546490359e-09 
8.443853397393e-22 1.462728701322e-18 2.347274657753e-16 1.280404595905e-14 3.717056950933e-13 7.096888152418e-12 9.842008106101e-11 1.010936620333e-09 7.046546490359e-09 4.227846642325e-08 
