1.3917826976480569e-07 4.6348562843744600e-08 8.7990013119480800e-09 1.1146412095131788e-09 9.9870848202306262e-11 5.8626550835144051e-12 1.9326026783593640e-13 2.6970915953985186e-15 8.6912482397089539e-18 1.0214240154116043e-21 
4.6348562843744600e-08 1.3659914698181475e-07 6.1226412017193678e-08 1.8187214030611355e-08 3.3784987266043167e-09 3.9566507325380701e-10 2.6343681836625023e-11 7.7537434579503457e-13 5.6794610093291874e-15 1.7717161957878482e-18 
8.7990013119480800e-09 6.1226412017193678e-08 1.1667132657698036e-07 5.6868240962515931e-08 2.0445608022249306e-08 4.3402519069877112e-09 5.1249100009127996e-10 2.7368554251004862e-11 3.9158850097816106e-13 2.8485066088368846e-16 
1.1146412095131788e-09 1.8187214030611355e-08 5.6868240962515931e-08 1.0163908178721890e-07 4.9717895717502748e-08 1.8952677843432211e-08 3.9107888620738069e-09 3.6604938325883707e-10 9.6934788514433746e-12 1.5577390980866890e-14 
9.9870848202306262e-11 3.3784987266043167e-09 2.0445608022249306e-08 4.9717895717502748e-08 9.0007202529598044e-08 4.2368325217310029e-08 1.5547526116862375e-08 2.5994183984808452e-09 1.2832668202173559e-10 4.5362647745485339e-13 
5.8626550835144051e-12 3.9566507325380701e-10 4.3402519069877112e-09 1.8952677843432211e-08 4.2368325217310029e-08 8.0681515369560523e-08 3.5153225036459580e-08 1.0970389742095749e-08 1.0631770332963754e-09 8.6926830346891250e-12 
1.9326026783593640e-13 2.6343681836625023e-11 5.1249100009127996e-10 3.9107888620738069e-09 1.5547526116862375e-08 3.5153225036459580e-08 7.2707233471914125e-08 2.7591610352558781e-08 5.7277876805687774e-09 1.2103943315031511e-10 
2.6970915953985186e-15 7.7537434579503457e-13 2.7368554251004862e-11 3.6604938325883707e-10 2.5994183984808452e-09 1.0970389742095749e-08 2.7591610352558781e-08 6.5283431418137237e-08 1.8893525945766447e-08 1.2480378363717725e-09 
8.6912482397089539e-18 5.6794610093291874e-15 3.9158850097816106e-13 9.6934788514433746e-12 1.2832668202173559e-10 1.0631770332963754e-09 5.7277876805687774e-09 1.8893525945766447e-08 5.7909239366276461e-08 8.7285475088862686e-09 
1.0214240154116043e-21 1.7717161957878482e-18 2.8485066088368846e-16 1.5577390980866890e-14 4.5362647745485339e-13 8.6926830346891250e-12 1.2103943315031511e-10 1.2480378363717725e-09 8.7285475088862686e-09 4.5865403865484581e-08 
