3.1232166254839774e-07 1.0575546197944250e-07 1.9504515139386024e-08 2.4484049827859859e-09 2.1989699109975456e-10 1.3047964360934957e-11 4.3803148130901987e-13 6.2793242885701277e-15 2.1047620326561835e-17 2.6378682268357607e-21 
1.0575546197944250e-07 2.6935257342207729e-07 1.3465964462558693e-07 3.9978647116368523e-08 7.4835737132181038e-09 8.8918966261656816e-10 6.0455737261904658e-11 1.8306406161254946e-12 1.3946337581254375e-14 4.6280824574595896e-18 
1.9504515139386024e-08 1.3465964462558693e-07 2.2256600626933700e-07 1.2560945571032152e-07 4.5661503693560211e-08 9.8547932920096072e-09 1.1900091558434049e-09 6.5442502967447043e-11 9.7384415629785550e-13 7.5234285934512869e-16 
2.4484049827859859e-09 3.9978647116368523e-08 1.2560945571032152e-07 1.9187221883671856e-07 1.1228190123232525e-07 4.3566214577007463e-08 9.1982109136457323e-09 8.8672910564769435e-10 2.4411976571482499e-11 4.1609559823631839e-14 
2.1989699109975456e-10 7.4835737132181038e-09 4.5661503693560211e-08 1.1228190123232525e-07 1.6981433422948998e-07 9.8872622194260753e-08 3.7123389021704957e-08 6.3894184846913754e-09 3.2757658655203103e-10 1.2262534727830529e-12 
1.3047964360934957e-11 8.8918966261656816e-10 9.8547932920096072e-09 4.3566214577007463e-08 9.8872622194260753e-08 1.5294416208422671e-07 8.5472144045474769e-08 2.7435029077146073e-08 2.7571792396945662e-09 2.3811441296378963e-11 
4.3803148130901987e-13 6.0455737261904658e-11 1.1900091558434049e-09 9.1982109136457323e-09 3.7123389021704957e-08 8.5472144045474769e-08 1.3881580686556502e-07 7.0466775875648906e-08 1.5151315651571871e-08 3.3684362013202531e-10 
6.2793242885701277e-15 1.8306406161254946e-12 6.5442502967447043e-11 8.8672910564769435e-10 6.3894184846913754e-09 2.7435029077146073e-08 7.0466775875648906e-08 1.2544287035778534e-07 5.1292974846739755e-08 3.5470648825253780e-09 
2.1047620326561835e-17 1.3946337581254375e-14 9.7384415629785550e-13 2.4411976571482499e-11 3.2757658655203103e-10 2.7571792396945662e-09 1.5151315651571871e-08 5.1292974846739755e-08 1.1168161395237111e-07 2.5622617175582493e-08 
2.6378682268357607e-21 4.6280824574595896e-18 7.5234285934512869e-16 4.1609559823631839e-14 1.2262534727830529e-12 2.3811441296378963e-11 3.3684362013202531e-10 3.5470648825253780e-09 2.5622617175582493e-08 8.2919436705393153e-08 
