6.575864889199e-08 1.772519062677e-08 3.584828262539e-09 4.752993983668e-10 4.401550760315e-11 2.650451797982e-12 8.909507829524e-14 1.258455202570e-15 4.088816756100e-18 4.750019660343e-22 
1.772519062677e-08 7.191593111243e-08 2.581755850268e-08 7.936229846341e-09 1.513424011781e-09 1.810365747550e-10 1.222504975483e-11 3.632547337461e-13 2.671017041838e-15 8.214564946221e-19 
3.584828262539e-09 2.581755850268e-08 6.663783002587e-08 2.530677097328e-08 9.285863660670e-09 2.002484730805e-09 2.388926493807e-10 1.285551565729e-11 1.838241380273e-13 1.316929365751e-16 
4.752993983668e-10 7.936229846341e-09 2.530677097328e-08 6.146395952291e-08 2.285102654805e-08 8.801138140645e-09 1.830145570104e-09 1.721590173205e-10 4.537815067173e-12 7.179173570823e-15 
4.401550760315e-11 1.513424011781e-09 9.285863660670e-09 2.285102654805e-08 5.686497935684e-08 1.978218512603e-08 7.300908613799e-09 1.222065756733e-09 5.986483589960e-11 2.082541220961e-13 
2.650451797982e-12 1.810365747550e-10 2.002484730805e-09 8.801138140645e-09 1.978218512603e-08 5.282731042860e-08 1.653575601680e-08 5.143598247926e-09 4.938901400488e-10 3.969522593315e-12 
8.909507829524e-14 1.222504975483e-11 2.388926493807e-10 1.830145570104e-09 7.300908613799e-09 1.653575601680e-08 4.909615762572e-08 1.286980791356e-08 2.646699712722e-09 5.482314551733e-11 
1.258455202570e-15 3.632547337461e-13 1.285551565729e-11 1.721590173205e-10 1.222065756733e-09 5.143598247926e-09 1.286980791356e-08 4.537930713578e-08 8.657027963684e-09 5.573592216066e-10 
4.088816756100e-18 2.671017041838e-15 1.838241380273e-13 4.537815067173e-12 5.986483589960e-11 4.938901400488e-10 2.646699712722e-09 8.657027963684e-09 4.157032209133e-08 3.800540691430e-09 
4.750019660343e-22 8.214564946221e-19 1.316929365751e-16 7.179173570823e-15 2.082541220961e-13 3.969522593315e-12 5.482314551733e-11 5.573592216066e-10 3.800540691430e-09 3.557427966527e-08 
