3.143673277546e-07 1.065004241648e-07 1.965310135863e-08 2.468710271638e-09 2.217333345591e-10 1.311284527430e-11 4.386716710722e-13 6.280553838884e-15 2.104822434228e-17 2.637966731654e-21 
1.065004241648e-07 2.711640026112e-07 1.357436099126e-07 4.032074533129e-08 7.532390641319e-09 8.916293026638e-10 6.049360637174e-11 1.830774972270e-12 1.394672385569e-14 4.628265372817e-18 
1.965310135863e-08 1.357436099126e-07 2.242337801254e-07 1.265447499248e-07 4.584951243709e-08 9.868340556178e-09 1.190330403003e-09 6.544508568273e-11 9.738720960808e-13 7.523730034678e-16 
2.468710271638e-09 4.032074533129e-08 1.265447499248e-07 1.926320453408e-07 1.125025454531e-07 4.359082964409e-08 9.199161355479e-09 8.867553639531e-10 2.441273189960e-11 4.161117936619e-14 
2.217333345591e-10 7.532390641319e-09 4.584951243709e-08 1.125025454531e-07 1.699138900288e-07 9.889033898335e-08 3.712494049834e-08 6.389597278584e-09 3.275877963811e-10 1.226298304867e-12 
1.311284527430e-11 8.916293026638e-10 9.868340556178e-09 4.359082964409e-08 9.889033898335e-08 1.529504997478e-07 8.547458463982e-08 2.743584358748e-08 2.757283441114e-09 2.381225581707e-11 
4.386716710722e-13 6.049360637174e-11 1.190330403003e-09 9.199161355479e-09 3.712494049834e-08 8.547458463982e-08 1.388189853967e-07 7.046920147698e-08 1.515191120687e-08 3.368552423058e-10 
6.280553838884e-15 1.830774972270e-12 6.544508568273e-11 8.867553639531e-10 6.389597278584e-09 2.743584358748e-08 7.046920147698e-08 1.254466880497e-07 5.129481697429e-08 3.547217782433e-09 
2.104822434228e-17 1.394672385569e-14 9.738720960808e-13 2.441273189960e-11 3.275877963811e-10 2.757283441114e-09 1.515191120687e-08 5.129481697429e-08 1.116848724416e-07 2.562415701503e-08 
2.637966731654e-21 4.628265372817e-18 7.523730034678e-16 4.161117936619e-14 1.226298304867e-12 2.381225581707e-11 3.368552423058e-10 3.547217782433e-09 2.562415701503e-08 8.292175006369e-08 
