6.2638069170048528e-08 1.6400172231024173e-08 3.3350401805620060e-09 4.4404480508021274e-10 4.1282425789537377e-11 2.4924686240007301e-12 8.3944431555712822e-14 1.1897987685558080e-15 3.8646067466851121e-18 4.5083150699371053e-22 
1.6400172231024173e-08 6.8831960146921231e-08 2.4095593286471515e-08 7.4333468109033836e-09 1.4221469734059063e-09 1.7039883407955804e-10 1.1540092066234119e-11 3.4350516309812519e-13 2.5257678566952412e-15 7.7946504318517184e-19 
3.3350401805620060e-09 2.4095593286471515e-08 6.4182232574649009e-08 2.3764066113874525e-08 8.7352066195444546e-09 1.8872836500882751e-09 2.2578640854031073e-10 1.2153003424548867e-11 1.7400584672900384e-13 1.2486804182814635e-16 
4.4404480508021274e-10 7.4333468109033836e-09 2.3764066113874525e-08 5.9485880143106589e-08 2.1520259932616395e-08 8.3094912292318146e-09 1.7305827516111705e-09 1.6273796459426742e-10 4.3005111847922942e-12 6.8001863036531151e-15 
4.1282425789537377e-11 1.4221469734059063e-09 8.7352066195444546e-09 2.1520259932616395e-08 5.5252419273142286e-08 1.8703133520854639e-08 6.9022657772510127e-09 1.1557979283410508e-09 5.6789200900628094e-11 1.9705341907725364e-13 
2.4924686240007301e-12 1.7039883407955804e-10 1.8872836500882751e-09 8.3094912292318146e-09 1.8703133520854639e-08 5.1485233228783638e-08 1.5631407423761104e-08 4.8714464944796632e-09 4.6865823226051979e-10 3.7529110357613082e-12 
8.3944431555712822e-14 1.1540092066234119e-11 2.2578640854031073e-10 1.7305827516111705e-09 6.9022657772510127e-09 1.5631407423761104e-08 4.7979914394501151e-08 1.2209010276528104e-08 2.5090526626992090e-09 5.1818791530851645e-11 
1.1897987685558080e-15 3.4350516309812519e-13 1.2153003424548867e-11 1.6273796459426742e-10 1.1557979283410508e-09 4.8714464944796632e-09 1.2209010276528104e-08 4.4495074857775171e-08 8.1899840867169657e-09 5.2734009514179785e-10 
3.8646067466851121e-18 2.5257678566952412e-15 1.7400584672900384e-13 4.3005111847922942e-12 5.6789200900628094e-11 4.6865823226051979e-10 2.5090526626992090e-09 8.1899840867169657e-09 4.0844707044303948e-08 3.6028815672854224e-09 
4.5083150699371053e-22 7.7946504318517184e-19 1.2486804182814635e-16 6.8001863036531151e-15 1.9705341907725364e-13 3.7529110357613082e-12 5.1818791530851645e-11 5.2734009514179785e-10 3.6028815672854224e-09 3.5159340080602755e-08 
