1.0954319406054589e-07 3.5372409384948015e-08 6.8356612098699963e-09 8.7588870156717790e-10 7.9070499054511424e-11 4.6641051834851053e-12 1.5416248926270658e-13 2.1524647923736602e-15 6.9179031549014000e-18 8.0554025991535836e-22 
3.5372409384948015e-08 1.1218086754833529e-07 4.7982433118720536e-08 1.4367556349530279e-08 2.6834634265089851e-09 3.1532364111752616e-10 2.1024812973683305e-11 6.1842561734956042e-13 4.5135941509740453e-15 1.3943411127203216e-18 
6.8356612098699963e-09 4.7982433118720536e-08 9.8022344756725159e-08 4.5112743723881122e-08 1.6276927658034156e-08 3.4623503578313881e-09 4.0900512641629499e-10 2.1808991295810317e-11 3.1068808407470690e-13 2.2370565294749154e-16 
8.7588870156717790e-10 1.4367556349530279e-08 4.5112743723881122e-08 8.6641892398471345e-08 3.9645002180767177e-08 1.5126186555906955e-08 3.1197144140488607e-09 2.9134043687555431e-10 7.6766547346543270e-12 1.2206179420467567e-14 
7.9070499054511424e-11 2.6834634265089851e-09 1.6276927658034156e-08 3.9645002180767177e-08 7.7527225331927938e-08 3.3809202708755705e-08 1.2390599866737754e-08 2.0654904350164378e-09 1.0140574167843374e-10 3.5457189453873383e-13 
4.6641051834851053e-12 3.1532364111752616e-10 3.4623503578313881e-09 1.5126186555906955e-08 3.3809202708755705e-08 7.0040557879361422e-08 2.7968015034668977e-08 8.6968886027315068e-09 8.3781877646775551e-10 6.7747388269038095e-12 
1.5416248926270658e-13 2.1024812973683305e-11 4.0900512641629499e-10 3.1197144140488607e-09 1.2390599866737754e-08 2.7968015034668977e-08 6.3515537383141721e-08 2.1801514976827954e-08 4.4968133310114567e-09 9.3979678506427180e-11 
2.1524647923736602e-15 6.1842561734956042e-13 2.1808991295810317e-11 2.9134043687555431e-10 2.0654904350164378e-09 8.6968886027315068e-09 2.1801514976827954e-08 5.7363506384876397e-08 1.4753626524977714e-08 9.6372207815687122e-10 
6.9179031549014000e-18 4.5135941509740453e-15 3.1068808407470690e-13 7.6766547346543270e-12 1.0140574167843374e-10 8.3781877646775551e-10 4.4968133310114567e-09 1.4753626524977714e-08 5.1209861863122237e-08 6.6792299282750288e-09 
8.0554025991535836e-22 1.3943411127203216e-18 2.2370565294749154e-16 1.2206179420467567e-14 3.5457189453873383e-13 6.7747388269038095e-12 9.3979678506427180e-11 9.6372207815687122e-10 6.6792299282750288e-09 4.1499372671128317e-08 
