1.8148404992631989e-08 7.6269825380041040e-09 5.5698568333834208e-09 4.3407496432062583e-09 3.4582351330680802e-09 2.7572613240801686e-09 2.1584737743057563e-09 1.6112432259391032e-09 1.0646316108842658e-09 3.3486858336406304e-10 
7.6269825380041040e-09 6.3120742387088963e-09 2.7803814530106313e-09 2.1869355286168238e-09 1.7609678164641823e-09 1.4226553106809352e-09 1.1336075584072324e-09 8.6939167128394967e-10 6.0551297020003534e-10 2.5421560344191478e-10 
5.5698568333834208e-09 2.7803814530106313e-09 4.5997579302001330e-09 1.6316065685781395e-09 1.3232496511232332e-09 1.0783612649331071e-09 8.6910946616870881e-10 6.7780609966412782e-10 4.8676662529831599e-10 2.3296956196911800e-10 
4.3407496432062583e-09 2.1869355286168238e-09 1.6316065685781395e-09 3.8382781403217299e-09 1.0617234671191426e-09 8.7264773436035604e-10 7.1106468249537466e-10 5.6332194429407461e-10 4.1580117844558441e-10 2.2025657134424513e-10 
3.4582351330680802e-09 1.7609678164641823e-09 1.3232496511232332e-09 1.0617234671191426e-09 3.4126254389512541e-09 7.2517717561409444e-10 5.9782863709742513e-10 4.8136388835347149e-10 3.6509627536767244e-10 2.1139026055267209e-10 
2.7572613240801686e-09 1.4226553106809352e-09 1.0783612649331071e-09 8.7264773436035604e-10 7.2517717561409444e-10 3.1465672091037544e-09 5.0795665185070003e-10 4.1633170145904886e-10 3.2487595330459985e-10 2.0439917252976252e-10 
2.1584737743057563e-09 1.1336075584072324e-09 8.6910946616870881e-10 7.1106468249537466e-10 5.9782863709742513e-10 5.0795665185070003e-10 2.9695804054026364e-09 3.6072877324861750e-10 2.9044218782042615e-10 1.9831465051558736e-10 
1.6112432259391032e-09 8.6939167128394967e-10 6.7780609966412782e-10 5.6332194429407461e-10 4.8136388835347149e-10 4.1633170145904886e-10 3.6072877324861750e-10 2.8483358960605590e-09 2.5898538289560824e-10 1.9265030154487446e-10 
1.0646316108842658e-09 6.0551297020003534e-10 4.8676662529831599e-10 4.1580117844558441e-10 3.6509627536767244e-10 3.2487595330459985e-10 2.9044218782042615e-10 2.5898538289560824e-10 2.7662833231756783e-09 1.8725620127772287e-10 
3.3486858336406304e-10 2.5421560344191478e-10 2.3296956196911800e-10 2.2025657134424513e-10 2.1139026055267209e-10 2.0439917252976252e-10 1.9831465051558736e-10 1.9265030154487446e-10 1.8725620127772287e-10 2.7208164961687098e-09 
