2.1895560459322586e-08 9.4755687147803194e-09 6.9291511557598263e-09 5.4076453373691148e-09 4.3151507820907731e-09 3.4473406862477389e-09 2.7059363185798856e-09 2.0281712753593993e-09 1.3508298672975588e-09 4.4702999414398944e-10 
9.4755687147803194e-09 7.2354311060926650e-09 3.4652442216237738e-09 2.7292766483989655e-09 2.2009901938450706e-09 1.7813874277250541e-09 1.4228370790799177e-09 1.0949910929030283e-09 7.6738310473118292e-10 3.3142752572644893e-10 
6.9291511557598263e-09 3.4652442216237738e-09 5.1107518362575155e-09 2.0386983467509312e-09 1.6557611454269976e-09 1.3516229417231903e-09 1.0917070319657058e-09 8.5401237706197759e-10 6.1650707849246467e-10 3.0108075664290690e-10 
5.4076453373691148e-09 2.7292766483989655e-09 2.0386983467509312e-09 4.1645501205217067e-09 1.3299940320181259e-09 1.0948386843728823e-09 8.9384798514024918e-10 7.1001538208199984e-10 5.2634533424164211e-10 2.8293337600790765e-10 
4.3151507820907731e-09 2.2009901938450706e-09 1.6557611454269976e-09 1.3299940320181259e-09 3.6348082736979446e-09 9.1074499069984195e-10 7.5207425689146593e-10 6.0691792694739572e-10 4.6191119782274413e-10 2.7022359599009778e-10 
3.4473406862477389e-09 1.7813874277250541e-09 1.3516229417231903e-09 1.0948386843728823e-09 9.1074499069984195e-10 3.3030448322989492e-09 6.3954087853470697e-10 5.2510179565422305e-10 4.1079232592472335e-10 2.6018805064308046e-10 
2.7059363185798856e-09 1.4228370790799177e-09 1.0917070319657058e-09 8.9384798514024918e-10 7.5207425689146593e-10 6.3954087853470697e-10 3.0817718310333073e-09 4.5513627057112279e-10 3.6702212053852976e-10 2.5147411409615943e-10 
2.0281712753593993e-09 1.0949910929030283e-09 8.5401237706197759e-10 7.1001538208199984e-10 6.0691792694739572e-10 5.2510179565422305e-10 4.5513627057112279e-10 2.9295779616348875e-09 3.2701270805473219e-10 2.4337408329669192e-10 
1.3508298672975588e-09 7.6738310473118292e-10 6.1650707849246467e-10 5.2634533424164211e-10 4.6191119782274413e-10 4.1079232592472335e-10 3.6702212053852976e-10 3.2701270805473219e-10 2.8257711816735007e-09 2.3557033386325416e-10 
4.4702999414398944e-10 3.3142752572644893e-10 3.0108075664290690e-10 2.8293337600790765e-10 2.7022359599009778e-10 2.6018805064308046e-10 2.5147411409615943e-10 2.4337408329669192e-10 2.3557033386325416e-10 2.7663525353032484e-09 
