5.7854473534443126e-08 2.7362360464218679e-08 2.0157603468077504e-08 1.5851947331141752e-08 1.2760233596075729e-08 1.0303881023638608e-08 8.2040769816902495e-09 6.2822268845014733e-09 4.3581910111132192e-09 1.8003572907134690e-09 
2.7362360464218679e-08 1.6220425665140916e-08 1.0155351240981941e-08 8.0477943726905421e-09 6.5347972349383217e-09 5.3327777950402292e-09 4.3050415876998586e-09 3.3641525877422403e-09 2.4220680630706294e-09 1.1722178291736933e-09 
2.0157603468077504e-08 1.0155351240981941e-08 1.0115119135905472e-08 6.0355410398627299e-09 4.9293453069854756e-09 4.0505388298660099e-09 3.2990626680603807e-09 2.6109607840888621e-09 1.9219171077071663e-09 1.0091169787839251e-09 
1.5851947331141752e-08 8.0477943726905421e-09 6.0355410398627299e-09 7.3714801584061158e-09 3.9699430378197251e-09 3.2842762322730077e-09 2.6978768441065433e-09 2.1608358349434046e-09 1.6230096058430393e-09 9.1162987685092606e-10 
1.2760233596075729e-08 6.5347972349383217e-09 4.9293453069854756e-09 3.9699430378197251e-09 5.8200462770409123e-09 2.7346688677136088e-09 2.2668251827492408e-09 1.8382582242711872e-09 1.4090317119911495e-09 8.4231709689929109e-10 
1.0303881023638608e-08 5.3327777950402292e-09 4.0505388298660099e-09 3.2842762322730077e-09 2.7346688677136088e-09 4.8365610358565702e-09 1.9244904825868059e-09 1.5820941350877097e-09 1.2391169821401315e-09 7.8732821189372041e-10 
8.2040769816902495e-09 4.3050415876998586e-09 3.2990626680603807e-09 2.6978768441065433e-09 2.2668251827492408e-09 1.9244904825868059e-09 4.1700155004006361e-09 1.3628846723208435e-09 1.0935689833346119e-09 7.3992484711606577e-10 
6.2822268845014733e-09 3.3641525877422403e-09 2.6109607840888621e-09 2.1608358349434046e-09 1.8382582242711872e-09 1.5820941350877097e-09 1.3628846723208435e-09 3.7004061362760476e-09 9.6020608787969547e-10 6.9607051702894673e-10 
4.3581910111132192e-09 2.4220680630706294e-09 1.9219171077071663e-09 1.6230096058430393e-09 1.4090317119911495e-09 1.2391169821401315e-09 1.0935689833346119e-09 9.6020608787969547e-10 3.3654328913517842e-09 6.5247111475410549e-10 
1.8003572907134690e-09 1.1722178291736933e-09 1.0091169787839251e-09 9.1162987685092606e-10 8.4231709689929109e-10 7.8732821189372041e-10 7.3992484711606577e-10 6.9607051702894673e-10 6.5247111475410549e-10 3.1390995490283303e-09 
