2.8618962151983149e-08 1.2804212962267113e-08 9.3828457264327492e-09 7.3384436406548287e-09 5.8704498468682306e-09 4.7042818640343756e-09 3.7077911095141801e-09 2.7964802200218802e-09 1.8851667435818980e-09 6.7036123325219773e-10 
1.2804212962267113e-08 8.9024176212431264e-09 4.7038871972956561e-09 3.7119303584906538e-09 2.9998613108286818e-09 2.4342386517419274e-09 1.9508224440972136e-09 1.5086248873251890e-09 1.0664406857837050e-09 4.7848204316029903e-10 
9.3828457264327492e-09 4.7038871972956561e-09 6.0361427321770192e-09 2.7768816171586191e-09 2.2595620339706772e-09 1.8486571607823973e-09 1.4974311832978584e-09 1.1760999953561562e-09 8.5478529743453888e-10 4.2832805620930836e-10 
7.3384436406548287e-09 3.7119303584906538e-09 2.7768816171586191e-09 4.7566371664969536e-09 1.8172256364948823e-09 1.4987608223375059e-09 1.2265118854782975e-09 9.7739830531077357e-10 7.2830596966208408e-10 3.9834909116432780e-10 
5.8704498468682306e-09 2.9998613108286818e-09 2.2595620339706772e-09 1.8172256364948823e-09 4.0384005393029770e-09 1.2478832152587590e-09 1.0323566212585071e-09 8.3510146854112252e-10 6.3787887713518656e-10 3.7723463908437211e-10 
4.7042818640343756e-09 2.4342386517419274e-09 1.8486571607823973e-09 1.4987608223375059e-09 1.2478832152587590e-09 3.5871292997150727e-09 8.7822031669894869e-10 7.2215518783810783e-10 5.6611948331136670e-10 3.6053258402625346e-10 
3.7077911095141801e-09 1.9508224440972136e-09 1.4974311832978584e-09 1.2265118854782975e-09 1.0323566212585071e-09 8.7822031669894869e-10 3.2848442620789869e-09 6.2554602966135233e-10 5.0466595227104890e-10 3.4607112307171468e-10 
2.7964802200218802e-09 1.5086248873251890e-09 1.1760999953561562e-09 9.7739830531077357e-10 8.3510146854112252e-10 7.2215518783810783e-10 6.2554602966135233e-10 3.0755547859251253e-09 4.4844756889693885e-10 3.3265334941709515e-10 
1.8851667435818980e-09 1.0664406857837050e-09 8.5478529743453888e-10 7.2830596966208408e-10 6.3787887713518656e-10 5.6611948331136670e-10 5.0466595227104890e-10 4.4844756889693885e-10 2.9309951401399806e-09 3.1955490373509772e-10 
6.7036123325219773e-10 4.7848204316029903e-10 4.2832805620930836e-10 3.9834909116432780e-10 3.7723463908437211e-10 3.6053258402625346e-10 3.4607112307171468e-10 3.3265334941709515e-10 3.1955490373509772e-10 2.8440082526984082e-09 
