3.4668744964700826e-06 1.6900435853758850e-06 1.2328395502285163e-06 9.5966582565190950e-07 7.6351437440761790e-07 6.0771134464477290e-07 4.7462739569375787e-07 3.5301818377450199e-07 2.3159073462829237e-07 6.9579553935362190e-08 
1.6900435853758850e-06 8.3966285794422990e-07 6.1728776804215555e-07 4.8593664522937835e-07 3.9165246667275644e-07 3.1676983246545045e-07 2.5279474772013793e-07 1.9432444658120009e-07 1.3595364178658486e-07 5.8307889466747622e-08 
1.2328395502285163e-06 6.1728776804215555e-07 4.6114422610458267e-07 3.6379276109801480e-07 2.9574942187528129e-07 2.4171156241991850e-07 1.9553977538315794e-07 1.5333520024050476e-07 1.1120875798291007e-07 5.5296334442383750e-08 
9.5966582565190950e-07 4.8593664522937835e-07 3.6379276109801480e-07 2.9335275410918535e-07 2.3845196635743801e-07 1.9686708542488004e-07 1.6133073499196470e-07 1.2884398533705425e-07 9.6423035642575351e-08 5.3495517826434283e-08 
7.6351437440761790e-07 3.9165246667275644e-07 2.9574942187528129e-07 2.3845196635743801e-07 1.9989660143289889e-07 1.6472251832020597e-07 1.3682479244797886e-07 1.1131621007574711e-07 8.5865782218011576e-08 5.2265072263844802e-08 
6.0771134464477290e-07 3.1676983246545045e-07 2.4171156241991850e-07 1.9686708542488004e-07 1.6472251832020597e-07 1.4173967073136688e-07 1.1737640881550257e-07 9.7409695639818727e-08 7.7493208890098754e-08 5.1300190273962878e-08 
4.7462739569375787e-07 2.5279474772013793e-07 1.9553977538315794e-07 1.6133073499196470e-07 1.3682479244797886e-07 1.1737640881550257e-07 1.0328396490743024e-07 8.5520062437213950e-08 7.0324774348621347e-08 5.0451160337697072e-08 
3.5301818377450199e-07 1.9432444658120009e-07 1.5333520024050476e-07 1.2884398533705425e-07 1.1131621007574711e-07 9.7409695639818727e-08 8.5520062437213950e-08 7.7183732866327410e-08 6.3779584341651102e-08 4.9654416009589335e-08 
2.3159073462829237e-07 1.3595364178658486e-07 1.1120875798291007e-07 9.6423035642575351e-08 8.5865782218011576e-08 7.7493208890098754e-08 7.0324774348621347e-08 6.3779584341651102e-08 5.9843317169274307e-08 4.8924990391500732e-08 
6.9579553935362190e-08 5.8307889466747622e-08 5.5296334442383750e-08 5.3495517826434283e-08 5.2265072263844802e-08 5.1300190273962878e-08 5.0451160337697072e-08 4.9654416009589335e-08 4.8924990391500732e-08 5.1022330299271171e-08 
