7.761070425132e-07 2.850502655447e-07 5.546523290477e-08 7.338867544790e-09 6.938658028916e-10 4.310334639676e-11 1.503285274552e-12 2.264687165914e-14 8.086235422656e-17 1.042786122372e-20 
2.850502655447e-07 7.071351901455e-07 3.979924778422e-07 1.240262603511e-07 2.432071262873e-08 3.002810480009e-09 2.122317467033e-10 6.774184840916e-12 5.428868610164e-14 1.830523538198e-17 
5.546523290477e-08 3.979924778422e-07 6.268129466584e-07 4.033478199228e-07 1.521045729079e-07 3.393195038521e-08 4.270834417746e-09 2.471477998510e-10 3.819840176355e-12 2.978291952807e-15 
7.338867544790e-09 1.240262603511e-07 4.033478199228e-07 5.706808439294e-07 3.828197555850e-07 1.534195337878e-07 3.380256771597e-08 3.405284300819e-09 9.617475375958e-11 1.650111150589e-13 
6.938658028916e-10 2.432071262873e-08 1.521045729079e-07 3.828197555850e-07 5.239253736979e-07 3.581710982692e-07 1.398862347143e-07 2.487310568835e-08 1.293632473855e-09 4.878964973326e-12 
4.310334639676e-11 3.002810480009e-09 3.393195038521e-08 1.534195337878e-07 3.581710982692e-07 4.950187366259e-07 3.296073000485e-07 1.078278940813e-07 1.090243232058e-08 9.528816079867e-11 
1.503285274552e-12 2.122317467033e-10 4.270834417746e-09 3.380256771597e-08 1.398862347143e-07 3.296073000485e-07 4.618323329621e-07 2.782815323894e-07 6.001839946562e-08 1.361859301758e-09 
2.264687165914e-14 6.774184840916e-12 2.471477998510e-10 3.405284300819e-09 2.487310568835e-08 1.078278940813e-07 2.782815323894e-07 4.129737227264e-07 2.045714976396e-07 1.461465902493e-08 
8.086235422656e-17 5.428868610164e-14 3.819840176355e-12 9.617475375958e-11 1.293632473855e-09 1.090243232058e-08 6.001839946562e-08 2.045714976396e-07 3.688055947041e-07 1.090652872492e-07 
1.042786122372e-20 1.830523538198e-17 2.978291952807e-15 1.650111150589e-13 4.878964973326e-12 9.528816079867e-11 1.361859301758e-09 1.461465902493e-08 1.090652872492e-07 2.685341676595e-07 
