1.468445207377e-07 4.906912770086e-08 9.281727149688e-09 1.173244332888e-09 1.050192104073e-10 6.162549441721e-12 2.030272607069e-13 2.839756776406e-15 9.148995839076e-18 1.082169104684e-21 
4.906912770086e-08 1.426068115231e-07 6.448028002386e-08 1.912765269402e-08 3.552108137825e-09 4.156924569539e-10 2.770140911127e-11 8.167302724356e-13 5.979764238745e-15 1.878812503919e-18 
9.281727149688e-09 6.448028002386e-08 1.212555899773e-07 5.979536490554e-08 2.148726428580e-08 4.560435093891e-09 5.394480743256e-10 2.882063300241e-11 4.127356156185e-13 3.021540178951e-16 
1.173244332888e-09 1.912765269402e-08 5.979536490554e-08 1.053897992262e-07 5.223140245116e-08 1.993209641309e-08 4.118939433761e-09 3.853675429374e-10 1.023406900060e-11 1.651987235879e-14 
1.050192104073e-10 3.552108137825e-09 2.148726428580e-08 5.223140245116e-08 9.318187007837e-08 4.461207351291e-08 1.637322448293e-08 2.737450854336e-09 1.357455915306e-10 4.808061728090e-13 
6.162549441721e-12 4.156924569539e-10 4.560435093891e-09 1.993209641309e-08 4.461207351291e-08 8.347457090179e-08 3.700698620654e-08 1.157140228290e-08 1.126630636061e-09 9.208339009740e-12 
2.030272607069e-13 2.770140911127e-11 5.394480743256e-10 4.118939433761e-09 1.637322448293e-08 3.700698620654e-08 7.511079515597e-08 2.918931166551e-08 6.074550020380e-09 1.282335486771e-10 
2.839756776406e-15 8.167302724356e-13 2.882063300241e-11 3.853675429374e-10 2.737450854336e-09 1.157140228290e-08 2.918931166551e-08 6.752251954924e-08 2.002269909535e-08 1.325502569884e-09 
9.148995839076e-18 5.979764238745e-15 4.127356156185e-13 1.023406900060e-11 1.357455915306e-10 1.126630636061e-09 6.074550020380e-09 2.002269909535e-08 5.971453543084e-08 9.333912293830e-09 
1.082169104684e-21 1.878812503919e-18 3.021540178951e-16 1.651987235879e-14 4.808061728090e-13 9.208339009740e-12 1.282335486771e-10 1.325502569884e-09 9.333912293830e-09 4.714003735839e-08 
