3.710285037863e-07 1.261552237567e-07 2.334214134230e-08 2.940252495256e-09 2.650425247684e-10 1.582797615064e-11 5.358825052435e-13 7.758179980893e-15 2.631619433066e-17 3.346894459664e-21 
1.261552237567e-07 3.165797102883e-07 1.615833340275e-07 4.811772910867e-08 9.053892925982e-09 1.083740191463e-09 7.431926808405e-11 2.271786308585e-12 1.750357014064e-14 5.884523094389e-18 
2.334214134230e-08 1.615833340275e-07 2.620064260303e-07 1.517096535240e-07 5.548553250298e-08 1.206440598248e-08 1.468920001104e-09 8.152317086512e-11 1.226094135111e-12 9.586467632501e-16 
2.940252495256e-09 4.811772910867e-08 1.517096535240e-07 2.268818684505e-07 1.371481678902e-07 5.358832996654e-08 1.140122986038e-08 1.108759183596e-09 3.082151659541e-11 5.314532718053e-14 
2.650425247684e-10 9.053892925982e-09 5.548553250298e-08 1.371481678902e-07 2.021867401726e-07 1.222486801875e-07 4.622577996672e-08 8.020845505570e-09 4.147131979536e-10 1.570467055371e-12 
1.582797615064e-11 1.083740191463e-09 1.206440598248e-08 5.358832996654e-08 1.222486801875e-07 1.833220702977e-07 1.069848686709e-07 3.458465217465e-08 3.501091134672e-09 3.059201729625e-11 
5.358825052435e-13 7.431926808405e-11 1.468920001104e-09 1.140122986038e-08 4.622577996672e-08 1.069848686709e-07 1.674449190510e-07 8.921877285173e-08 1.931389814534e-08 4.343703494168e-10 
7.758179980893e-15 2.271786308585e-12 8.152317086512e-11 1.108759183596e-09 8.020845505570e-09 3.458465217465e-08 8.921877285173e-08 1.519411267138e-07 6.576199749832e-08 4.591845178510e-09 
2.631619433066e-17 1.750357014064e-14 1.226094135111e-12 3.082151659541e-11 4.147131979536e-10 3.501091134672e-09 1.931389814534e-08 6.576199749832e-08 1.360482831917e-07 3.322998965843e-08 
3.346894459664e-21 5.884523094389e-18 9.586467632501e-16 5.314532718053e-14 1.570467055371e-12 3.059201729625e-11 4.343703494168e-10 4.591845178510e-09 3.322998965843e-08 9.945543047778e-08 
