1.106137282325e-07 3.573546240247e-08 6.898775497509e-09 8.834197197502e-10 7.970494142115e-11 4.703554910949e-12 1.553376259988e-13 2.170626086828e-15 6.980005358279e-18 8.135715278988e-22 
3.573546240247e-08 1.129692392450e-07 4.840434447733e-08 1.448445308862e-08 2.705673151563e-09 3.178774679621e-10 2.118466857254e-11 6.241877006693e-13 4.550149151271e-15 1.409931034599e-18 
6.898775497509e-09 4.840434447733e-08 9.859553338843e-08 4.547970758690e-08 1.641306305495e-08 3.488824354602e-09 4.123827510964e-10 2.201424849510e-11 3.130630522998e-13 2.263983074287e-16 
8.834197197502e-10 1.448445308862e-08 4.547970758690e-08 8.713327130521e-08 3.995664055752e-08 1.524233771717e-08 3.147999598005e-09 2.939363443839e-10 7.737087679723e-12 1.235765561368e-14 
7.970494142115e-11 2.705673151563e-09 1.641306305495e-08 3.995664055752e-08 7.790037296573e-08 3.409978228624e-08 1.250728611545e-08 2.082266289182e-09 1.022992373240e-10 3.589036879356e-13 
4.703554910949e-12 3.178774679621e-10 3.488824354602e-09 1.524233771717e-08 3.409978228624e-08 7.043553988744e-08 2.821154069118e-08 8.764177039888e-09 8.464940782981e-10 6.852049368462e-12 
1.553376259988e-13 2.118466857254e-11 4.123827510964e-10 3.147999598005e-09 1.250728611545e-08 2.821154069118e-08 6.378780244867e-08 2.199514121998e-08 4.550294610162e-09 9.492200317721e-11 
2.170626086828e-15 6.241877006693e-13 2.201424849510e-11 2.939363443839e-10 2.082266289182e-09 8.764177039888e-09 2.199514121998e-08 5.769572304992e-08 1.492827343463e-08 9.721969820695e-10 
6.980005358279e-18 4.550149151271e-15 3.130630522998e-13 7.737087679723e-12 1.022992373240e-10 8.464940782981e-10 4.550294610162e-09 1.492827343463e-08 5.142698295278e-08 6.753418655289e-09 
8.135715278988e-22 1.409931034599e-18 2.263983074287e-16 1.235765561368e-14 3.589036879356e-13 6.852049368462e-12 9.492200317721e-11 9.721969820695e-10 6.753418655289e-09 4.170206879134e-08 
