8.564237126784e-08 2.599330794969e-08 5.127372495744e-09 6.667789193030e-10 6.082485909788e-11 3.619315502239e-12 1.202877238254e-13 1.686743788586e-15 5.437097654684e-18 6.305165674092e-22 
2.599330794969e-08 9.098599480537e-08 3.639644872615e-08 1.101712809833e-08 2.075767327003e-09 2.455573485505e-10 1.643711355236e-11 4.855925580680e-13 3.543803376049e-15 1.091283097210e-18 
5.127372495744e-09 3.639644872615e-08 8.166652638870e-08 3.481665663452e-08 1.264847636880e-08 2.702231483650e-09 3.203675347256e-10 1.713966991654e-11 2.436360452403e-13 1.750281822992e-16 
6.667789193030e-10 1.101712809833e-08 3.481665663452e-08 7.357601924490e-08 3.091078616946e-08 1.182876863214e-08 2.448258758466e-09 2.289398016322e-10 6.013965996158e-12 9.542526560045e-15 
6.082485909788e-11 2.075767327003e-09 1.264847636880e-08 3.091078616946e-08 6.675575412855e-08 2.650312894481e-08 9.736974741417e-09 1.621499123245e-09 7.939320638478e-11 2.767775407271e-13 
3.619315502239e-12 2.455573485505e-10 2.702231483650e-09 1.182876863214e-08 2.650312894481e-08 6.107355528827e-08 2.197428033259e-08 6.816954009881e-09 6.557396263426e-10 5.275041481938e-12 
1.202877238254e-13 1.643711355236e-11 3.203675347256e-10 2.448258758466e-09 9.736974741417e-09 2.197428033259e-08 5.589680110310e-08 1.706906383525e-08 3.517285288912e-09 7.288129114226e-11 
1.686743788586e-15 4.855925580680e-13 1.713966991654e-11 2.289398016322e-10 1.621499123245e-09 6.816954009881e-09 1.706906383525e-08 5.102201770081e-08 1.150533524309e-08 7.427486048667e-10 
5.437097654684e-18 3.543803376049e-15 2.436360452403e-13 6.013965996158e-12 7.939320638478e-11 6.557396263426e-10 3.517285288912e-09 1.150533524309e-08 4.599322617038e-08 5.109148544249e-09 
6.305165674092e-22 1.091283097210e-18 1.750281822992e-16 9.542526560045e-15 2.767775407271e-13 5.275041481938e-12 7.288129114226e-11 7.427486048667e-10 5.109148544249e-09 3.825783956871e-08 
