1.940405505493e-06 8.103939542737e-07 1.644956864511e-07 2.275978171332e-08 2.180944981152e-09 1.331596679843e-10 4.547265819165e-12 6.727948339128e-14 2.392976015871e-16 3.251409021780e-20 
8.103939542737e-07 2.025188731263e-06 1.220902623823e-06 3.896098826995e-07 7.573862517153e-08 9.161163034611e-09 6.359875806003e-10 2.002134003622e-11 1.618269420029e-13 5.759469925966e-17 
1.644956864511e-07 1.220902623823e-06 1.906609501503e-06 1.262154766747e-06 4.676850831179e-07 1.025081499326e-07 1.270817141834e-08 7.298053086726e-10 1.149864718908e-11 9.433403294491e-15 
2.275978171332e-08 3.896098826995e-07 1.262154766747e-06 1.700946484526e-06 1.161997755975e-06 4.592659726960e-07 1.000417640606e-07 1.008587536755e-08 2.928590899364e-10 5.249040659706e-13 
2.180944981152e-09 7.573862517153e-08 4.676850831179e-07 1.161997755975e-06 1.515345117746e-06 1.063119520011e-06 4.130867375189e-07 7.423681895628e-08 3.990089696896e-09 1.554415273162e-11 
1.331596679843e-10 9.161163034611e-09 1.025081499326e-07 4.592659726960e-07 1.063119520011e-06 1.406697061000e-06 9.775701024478e-07 3.262602375697e-07 3.409225858039e-08 3.029602304288e-10 
4.547265819165e-12 6.359875806003e-10 1.270817141834e-08 1.000417640606e-07 4.130867375189e-07 9.775701024478e-07 1.333197336021e-06 8.587934124364e-07 1.900307764253e-07 4.295856339056e-09 
6.727948339128e-14 2.002134003622e-11 7.298053086726e-10 1.008587536755e-08 7.423681895628e-08 3.262602375697e-07 8.587934124364e-07 1.241077092188e-06 6.507756400438e-07 4.521824123756e-08 
2.392976015871e-16 1.618269420029e-13 1.149864718908e-11 2.928590899364e-10 3.990089696896e-09 3.409225858039e-08 1.900307764253e-07 6.507756400438e-07 1.092569788078e-06 3.237018773336e-07 
3.251409021780e-20 5.759469925966e-17 9.433403294491e-15 5.249040659706e-13 1.554415273162e-11 3.029602304288e-10 4.295856339056e-09 4.521824123756e-08 3.237018773336e-07 6.942553773251e-07 
