1.344252694403e-07 4.457436284690e-08 8.481737170228e-09 1.076216496429e-09 9.649556680101e-11 5.670401038660e-12 1.870041503485e-13 2.607983231674e-15 8.419138874130e-18 9.854007198024e-22 
4.457436284690e-08 1.326532278231e-07 5.909159944676e-08 1.757030944272e-08 3.266063355601e-09 3.828814893555e-10 2.547621891873e-11 7.503468506277e-13 5.498037217493e-15 1.710103896512e-18 
8.481737170228e-09 5.909159944676e-08 1.136642269974e-07 5.496049189163e-08 1.977947627210e-08 4.199302179923e-09 4.955805172769e-10 2.650373807907e-11 3.786333249502e-13 2.751828737328e-16 
1.076216496429e-09 1.757030944272e-08 5.496049189163e-08 9.923629310366e-08 4.811197947179e-08 1.832834472562e-08 3.783675739489e-09 3.545333912725e-10 9.361638389428e-12 1.506248729866e-14 
9.649556680101e-11 3.266063355601e-09 1.977947627210e-08 4.811197947179e-08 8.797700926486e-08 4.097478139277e-08 1.505499297325e-08 2.515953554669e-09 1.238348760408e-10 4.389220603742e-13 
5.670401038660e-12 3.828814893555e-10 4.199302179923e-09 1.832834472562e-08 4.097478139277e-08 7.900843008234e-08 3.404546402237e-08 1.060176958207e-08 1.025983539997e-09 8.411610463283e-12 
1.870041503485e-13 2.547621891873e-11 4.955805172769e-10 3.783675739489e-09 1.505499297325e-08 3.404546402237e-08 7.123656575717e-08 2.662541451792e-08 5.533945746500e-09 1.170095629370e-10 
2.607983231674e-15 7.503468506277e-13 2.650373807907e-11 3.545333912725e-10 2.515953554669e-09 1.060176958207e-08 2.662541451792e-08 6.400838864815e-08 1.827889921005e-08 1.203029329065e-09 
8.419138874130e-18 5.498037217493e-15 3.786333249502e-13 9.361638389428e-12 1.238348760408e-10 1.025983539997e-09 5.533945746500e-09 1.827889921005e-08 5.687928971783e-08 8.381551242009e-09 
9.854007198024e-22 1.710103896512e-18 2.751828737328e-16 1.506248729866e-14 4.389220603742e-13 8.411610463283e-12 1.170095629370e-10 1.203029329065e-09 8.381551242009e-09 4.519423134106e-08 
