1.066877528211e-07 3.423768544156e-08 6.628240854501e-09 8.505586303992e-10 7.683489173532e-11 4.537986012619e-12 1.500558948859e-13 2.094954929262e-15 6.746306664938e-18 7.836893978809e-22 
3.423768544156e-08 1.096087534897e-07 4.657772822176e-08 1.395924428801e-08 2.609372807535e-09 3.069461189608e-10 2.045741606371e-11 6.025155895695e-13 4.398779362978e-15 1.357652876269e-18 
6.628240854501e-09 4.657772822176e-08 9.603319774515e-08 4.385207757735e-08 1.584027390883e-08 3.369895636962e-09 3.980611426105e-10 2.126301701844e-11 3.024956717177e-13 2.180340878980e-16 
8.505586303992e-10 1.395924428801e-08 4.385207757735e-08 8.506589862190e-08 3.859205426769e-08 1.471835637977e-08 3.038554507165e-09 2.840732191389e-10 7.468491200021e-12 1.190699557858e-14 
7.683489173532e-11 2.609372807535e-09 1.584027390883e-08 3.859205426769e-08 7.619818644972e-08 3.291212665502e-08 1.207946187142e-08 2.012706573245e-09 9.863208625909e-11 3.460517007545e-13 
4.537986012619e-12 3.069461189608e-10 3.369895636962e-09 1.471835637977e-08 3.291212665502e-08 6.898171822384e-08 2.726855688483e-08 8.464609059251e-09 8.153821581546e-10 6.611105423007e-12 
1.500558948859e-13 2.045741606371e-11 3.980611426105e-10 3.038554507165e-09 1.207946187142e-08 2.726855688483e-08 6.258597862912e-08 2.120548825749e-08 4.382907196319e-09 9.160676502108e-11 
2.094954929262e-15 6.025155895695e-13 2.126301701844e-11 2.840732191389e-10 2.012706573245e-09 8.464609059251e-09 2.120548825749e-08 5.660701001544e-08 1.439622296042e-08 9.369802740190e-10 
6.746306664938e-18 4.398779362978e-15 3.024956717177e-13 7.468491200021e-12 9.863208625909e-11 8.153821581546e-10 4.382907196319e-09 1.439622296042e-08 5.060026878269e-08 6.478662839882e-09 
7.836893978809e-22 1.357652876269e-18 2.180340878980e-16 1.190699557858e-14 3.460517007545e-13 6.611105423007e-12 9.160676502108e-11 9.369802740190e-10 6.478662839882e-09 4.113292026588e-08 
