2.914887861111e-07 9.868077175367e-08 1.820375678740e-08 2.282478308947e-09 2.046606571860e-10 1.210351757579e-11 4.032302618857e-13 5.736478988604e-15 1.910783574895e-17 2.378323517602e-21 
9.868077175367e-08 2.532856061955e-07 1.255883263235e-07 3.722745360159e-08 6.953160737175e-09 8.214419525846e-10 5.542611163281e-11 1.668144288908e-12 1.263861801790e-14 4.167700533954e-18 
1.820375678740e-08 1.255883263235e-07 2.092318790100e-07 1.168056324912e-07 4.229529725309e-08 9.066878940337e-09 1.087839306932e-09 5.951731371547e-11 8.812494631738e-13 6.766101925406e-16 
2.282478308947e-09 3.722745360159e-08 1.168056324912e-07 1.799347936299e-07 1.035177439798e-07 3.992447635463e-08 8.387418799158e-09 8.049908506235e-10 2.206252330412e-11 3.736678775353e-14 
2.046606571860e-10 6.953160737175e-09 4.229529725309e-08 1.035177439798e-07 1.580935152276e-07 9.028763497506e-08 3.376939084367e-08 5.789756815600e-09 2.956677174521e-10 1.099570952220e-12 
1.210351757579e-11 8.214419525846e-10 9.066878940337e-09 3.992447635463e-08 9.028763497506e-08 1.417504376818e-07 7.755520516671e-08 2.481230772528e-08 2.484700763643e-09 2.132187091376e-11 
4.032302618857e-13 5.542611163281e-11 1.087839306932e-09 8.387418799158e-09 3.376939084367e-08 7.755520516671e-08 1.283062869469e-07 6.360023866388e-08 1.362305377143e-08 3.013129727855e-10 
5.736478988604e-15 1.668144288908e-12 5.951731371547e-11 8.049908506235e-10 5.789756815600e-09 2.481230772528e-08 6.360023866388e-08 1.157246183010e-07 4.597630433090e-08 3.171615252069e-09 
1.910783574895e-17 1.263861801790e-14 8.812494631738e-13 2.206252330412e-11 2.956677174521e-10 2.484700763643e-09 1.362305377143e-08 4.597630433090e-08 1.028685401559e-07 2.287556348829e-08 
2.378323517602e-21 4.167700533954e-18 6.766101925406e-16 3.736678775353e-14 1.099570952220e-12 2.132187091376e-11 3.013129727855e-10 3.171615252069e-09 2.287556348829e-08 7.671280521207e-08 
