1.879639140502e-07 6.348381548799e-08 1.184465379658e-08 1.486408740777e-09 1.326158450282e-10 7.775624230717e-12 2.566743319076e-13 3.606284217977e-15 1.171072508262e-17 1.408774160897e-21 
6.348381548799e-08 1.744861332400e-07 8.181811859082e-08 2.417350087266e-08 4.482339633542e-09 5.249342782911e-10 3.509305842187e-11 1.039767017024e-12 7.681451484319e-15 2.452566438656e-18 
1.184465379658e-08 8.181811859082e-08 1.458487534342e-07 7.547032302055e-08 2.711826038341e-08 5.767212033571e-09 6.847510863322e-10 3.678521689280e-11 5.320172849494e-13 3.954431366294e-16 
1.486408740777e-09 2.417350087266e-08 7.547032302055e-08 1.256041703784e-07 6.599892694761e-08 2.525763693314e-08 5.240216024478e-09 4.933359840956e-10 1.323668762063e-11 2.167632693132e-14 
1.326158450282e-10 4.482339633542e-09 2.711826038341e-08 6.599892694761e-08 1.104982363856e-07 5.667737956224e-08 2.089180281300e-08 3.517474394720e-09 1.761931375481e-10 6.325828386596e-13 
7.775624230717e-12 5.249342782911e-10 5.767212033571e-09 2.525763693314e-08 5.667737956224e-08 9.866160360612e-08 4.741796728899e-08 1.493808554202e-08 1.468070347548e-09 1.215007448437e-11 
2.566743319076e-13 3.509305842187e-11 6.847510863322e-10 5.240216024478e-09 2.089180281300e-08 4.741796728899e-08 8.865743892907e-08 3.789141433615e-08 7.952552745054e-09 1.697284685468e-10 
3.606284217977e-15 1.039767017024e-12 3.678521689280e-11 4.933359840956e-10 3.517474394720e-09 1.493808554202e-08 3.789141433615e-08 7.957461012932e-08 2.636669846741e-08 1.760138110382e-09 
1.171072508262e-17 7.681451484319e-15 5.320172849494e-13 1.323668762063e-11 1.761931375481e-10 1.468070347548e-09 7.952552745054e-09 2.636669846741e-08 6.997095445850e-08 1.244599093281e-08 
1.408774160897e-21 2.452566438656e-18 3.954431366294e-16 2.167632693132e-14 6.325828386596e-13 1.215007448437e-11 1.697284685468e-10 1.760138110382e-09 1.244599093281e-08 5.389596532399e-08 
