2.545965468482e-09 1.258031978229e-11 1.458989006107e-11 1.580517616232e-11 1.667741807447e-11 1.737084398553e-11 1.796507009159e-11 1.851210049883e-11 1.906724194174e-11 1.982723623735e-11 
1.258031978229e-11 2.563379592817e-09 3.119486255353e-11 3.518719448475e-11 3.805381881823e-11 4.032869570857e-11 4.227822077830e-11 4.407306995796e-11 4.589455310683e-11 4.838840800542e-11 
1.458989006107e-11 3.119486255353e-11 2.579809018913e-09 4.834739235684e-11 5.347829291343e-11 5.753343756307e-11 6.100259755263e-11 6.419666410043e-11 6.743837506210e-11 7.187694903317e-11 
1.580517616232e-11 3.518719448475e-11 4.834739235684e-11 2.596864300915e-09 6.615238552526e-11 7.234163314650e-11 7.760774315835e-11 8.244710575209e-11 8.735884927427e-11 9.408477245150e-11 
1.667741807447e-11 3.805381881823e-11 5.347829291343e-11 6.615238552526e-11 2.615210453568e-09 8.549437095800e-11 9.296167354398e-11 9.978186768282e-11 1.066939264749e-10 1.161616515154e-10 
1.737084398553e-11 4.032869570857e-11 5.753343756307e-11 7.234163314650e-11 8.549437095800e-11 2.635508602720e-09 1.071264607137e-10 1.163219446534e-10 1.255759525306e-10 1.382471201102e-10 
1.796507009159e-11 4.227822077830e-11 6.100259755263e-11 7.760774315835e-11 9.296167354398e-11 1.071264607137e-10 2.658637940979e-09 1.322994588758e-10 1.443756153033e-10 1.607864369068e-10 
1.851210049883e-11 4.407306995796e-11 6.419666410043e-11 8.244710575209e-11 9.978186768282e-11 1.163219446534e-10 1.322994588758e-10 2.686530980694e-09 1.639590825566e-10 1.848985857643e-10 
1.906724194174e-11 4.589455310683e-11 6.743837506210e-11 8.735884927427e-11 1.066939264749e-10 1.255759525306e-10 1.443756153033e-10 1.639590825566e-10 2.724026363475e-09 2.133753368814e-10 
1.982723623735e-11 4.838840800542e-11 7.187694903317e-11 9.408477245150e-11 1.161616515154e-10 1.382471201102e-10 1.607864369068e-10 1.848985857643e-10 2.133753368814e-10 2.796692722775e-09 
