2.549933682411e-09 1.900132023099e-11 2.193928830003e-11 2.371456555254e-11 2.498880283411e-11 2.600182553155e-11 2.686992466818e-11 2.766907564388e-11 2.848007697153e-11 2.959064586750e-11 
1.900132023099e-11 2.575372743148e-09 4.584788703052e-11 5.150833832295e-11 5.557305685078e-11 5.879924407967e-11 6.156400835612e-11 6.410939363891e-11 6.669254990306e-11 7.022994745255e-11 
2.193928830003e-11 4.584788703052e-11 2.598544301180e-09 6.983602624980e-11 7.697318040294e-11 8.261636481855e-11 8.744468054881e-11 9.189007699986e-11 9.640175694670e-11 1.025802115152e-10 
2.371456555254e-11 5.150833832295e-11 6.983602624980e-11 2.622134488465e-09 9.430716022579e-11 1.027941598685e-10 1.100183007496e-10 1.166576993831e-10 1.233963490824e-10 1.326252413198e-10 
2.498880283411e-11 5.557305685078e-11 7.697318040294e-11 9.430716022579e-11 2.647153015749e-09 1.205501255624e-10 1.306726728220e-10 1.399215425822e-10 1.492955623603e-10 1.621369331688e-10 
2.600182553155e-11 5.879924407967e-11 8.261636481855e-11 1.027941598685e-10 1.205501255624e-10 2.674534955097e-09 1.496148877048e-10 1.619687545773e-10 1.744048798470e-10 1.914348806123e-10 
2.686992466818e-11 6.156400835612e-11 8.744468054881e-11 1.100183007496e-10 1.306726728220e-10 1.496148877048e-10 2.705476905652e-09 1.831847078779e-10 1.992932485685e-10 2.211883221222e-10 
2.766907564388e-11 6.410939363891e-11 9.189007699986e-11 1.166576993831e-10 1.399215425822e-10 1.619687545773e-10 1.831847078779e-10 2.742544110912e-09 2.251487728959e-10 2.529111968198e-10 
2.848007697153e-11 6.669254990306e-11 9.640175694670e-11 1.233963490824e-10 1.492955623603e-10 1.744048798470e-10 1.992932485685e-10 2.251487728959e-10 2.792111652099e-09 2.903353705087e-10 
2.959064586750e-11 7.022994745255e-11 1.025802115152e-10 1.326252413198e-10 1.621369331688e-10 1.914348806123e-10 2.211883221222e-10 2.529111968198e-10 2.903353705087e-10 2.887853285003e-09 
