2.544229150366e-09 9.731647285499e-12 1.131372711789e-11 1.227095071137e-11 1.295794621347e-11 1.350409736305e-11 1.397211865885e-11 1.440296815762e-11 1.484020605075e-11 1.543879152169e-11 
9.731647285499e-12 2.557944980607e-09 2.449745723343e-11 2.769535076964e-11 2.999134916918e-11 3.181317540133e-11 3.337445354049e-11 3.481186817243e-11 3.627061390577e-11 3.826783903292e-11 
1.131372711789e-11 2.449745723343e-11 2.571145450713e-09 3.834897645581e-11 4.250619631245e-11 4.579082671686e-11 4.860057041468e-11 5.118752437930e-11 5.381308018000e-11 5.740802292282e-11 
1.227095071137e-11 2.769535076964e-11 3.834897645581e-11 2.585013517999e-09 5.288488175182e-11 5.794568963344e-11 6.225025899343e-11 6.620567182977e-11 7.022027541021e-11 7.571773330866e-11 
1.295794621347e-11 2.999134916918e-11 4.250619631245e-11 5.288488175182e-11 2.600069718681e-09 6.881231785980e-11 7.496478729740e-11 8.058250988819e-11 8.627561435257e-11 9.407380836119e-11 
1.350409736305e-11 3.181317540133e-11 4.579082671686e-11 5.794568963344e-11 6.881231785980e-11 2.616850164386e-09 8.674474153410e-11 9.436866030762e-11 1.020388533043e-10 1.125413967656e-10 
1.397211865885e-11 3.337445354049e-11 4.860057041468e-11 6.225025899343e-11 7.496478729740e-11 8.674474153410e-11 2.636086227490e-09 1.077300619752e-10 1.177929064829e-10 1.314657956101e-10 
1.440296815762e-11 3.481186817243e-11 5.118752437930e-11 6.620567182977e-11 8.058250988819e-11 9.436866030762e-11 1.077300619752e-10 2.659401531141e-09 1.342428272571e-10 1.517695505432e-10 
1.484020605075e-11 3.627061390577e-11 5.381308018000e-11 7.022027541021e-11 8.627561435257e-11 1.020388533043e-10 1.177929064829e-10 1.342428272571e-10 2.690883937793e-09 1.758121489609e-10 
1.543879152169e-11 3.826783903292e-11 5.740802292282e-11 7.571773330866e-11 9.407380836119e-11 1.125413967656e-10 1.314657956101e-10 1.517695505432e-10 1.758121489609e-10 2.752135869694e-09 
