2.552553755130e-09 2.319852232116e-11 2.672590156979e-11 2.885647501542e-11 3.038576963762e-11 3.160157068132e-11 3.264343700993e-11 3.360255329182e-11 3.457589067109e-11 3.590838427308e-11 
2.319852232116e-11 2.583084417048e-09 5.520512188345e-11 6.189502987634e-11 6.669906424031e-11 7.051232941729e-11 7.378019597916e-11 7.678875108643e-11 7.984194584345e-11 8.402214004536e-11 
2.672590156979e-11 5.520512188345e-11 2.610397401501e-09 8.336395802063e-11 9.172078915885e-11 9.832958168709e-11 1.039843098437e-10 1.091905508956e-10 1.144744028094e-10 1.217090220074e-10 
2.885647501542e-11 6.189502987634e-11 8.336395802063e-11 2.637945305083e-09 1.118571225811e-10 1.217290910864e-10 1.301333693944e-10 1.378577192510e-10 1.456975003308e-10 1.564327849834e-10 
3.038576963762e-11 6.669906424031e-11 9.172078915885e-11 1.118571225811e-10 2.666975278564e-09 1.422382019650e-10 1.539525805008e-10 1.646575154008e-10 1.755073667412e-10 1.903683948322e-10 
3.160157068132e-11 7.051232941729e-11 9.832958168709e-11 1.217290910864e-10 1.422382019650e-10 2.698596817284e-09 1.757490006023e-10 1.899925071946e-10 2.043313120469e-10 2.239645546298e-10 
3.264343700993e-11 7.378019597916e-11 1.039843098437e-10 1.301333693944e-10 1.539525805008e-10 1.757490006023e-10 2.734214426220e-09 2.143411290667e-10 2.328578920807e-10 2.580243676064e-10 
3.360255329182e-11 7.678875108643e-11 1.091905508956e-10 1.378577192510e-10 1.646575154008e-10 1.899925071946e-10 2.143411290667e-10 2.776770722052e-09 2.624812078414e-10 2.943236563504e-10 
3.457589067109e-11 7.984194584345e-11 1.144744028094e-10 1.456975003308e-10 1.755073667412e-10 2.043313120469e-10 2.328578920807e-10 2.624812078414e-10 2.833621689474e-09 3.371614140618e-10 
3.590838427308e-11 8.402214004536e-11 1.217090220074e-10 1.564327849834e-10 1.903683948322e-10 2.239645546298e-10 2.580243676064e-10 2.943236563504e-10 3.371614140618e-10 2.943341553521e-09 
