2.551613520106e-09 2.169146261142e-11 2.500700081164e-11 2.700988397079e-11 2.844751321452e-11 2.959043729074e-11 3.056985307104e-11 3.147147902978e-11 3.238647366912e-11 3.363909780275e-11 
2.169146261142e-11 2.580314360822e-09 5.184451093025e-11 5.816510047252e-11 6.270388946472e-11 6.630652425884e-11 6.939389178905e-11 7.223627425079e-11 7.512083114445e-11 7.907014357105e-11 
2.500700081164e-11 5.184451093025e-11 2.606142325616e-09 7.850899481661e-11 8.642885740513e-11 9.269173960906e-11 9.805043112650e-11 1.029841189697e-10 1.079913589451e-10 1.148472495974e-10 
2.700988397079e-11 5.816510047252e-11 7.850899481661e-11 2.632273076964e-09 1.055624599379e-10 1.149389105072e-10 1.229208901053e-10 1.302569990747e-10 1.377027545496e-10 1.478984995260e-10 
2.844751321452e-11 6.270388946472e-11 8.642885740513e-11 1.055624599379e-10 2.659868318013e-09 1.344639424406e-10 1.456087459529e-10 1.557928415773e-10 1.661148087096e-10 1.802528096074e-10 
2.959043729074e-11 6.630652425884e-11 9.269173960906e-11 1.149389105072e-10 1.344639424406e-10 2.689972723732e-09 1.663831349379e-10 1.799508648840e-10 1.936091421924e-10 2.123105220572e-10 
3.056985307104e-11 6.939389178905e-11 9.805043112650e-11 1.229208901053e-10 1.456087459529e-10 1.663831349379e-10 2.723917364077e-09 2.031788260007e-10 2.208331949030e-10 2.448277748345e-10 
3.147147902978e-11 7.223627425079e-11 1.029841189697e-10 1.302569990747e-10 1.557928415773e-10 1.799508648840e-10 2.031788260007e-10 2.764506472475e-09 2.491005847564e-10 2.794807846649e-10 
3.238647366912e-11 7.512083114445e-11 1.079913589451e-10 1.377027545496e-10 1.661148087096e-10 1.936091421924e-10 2.208331949030e-10 2.491005847564e-10 2.818741363818e-09 3.203819299515e-10 
3.363909780275e-11 7.907014357105e-11 1.148472495974e-10 1.478984995260e-10 1.802528096074e-10 2.123105220572e-10 2.448277748345e-10 2.794807846649e-10 3.203819299515e-10 2.923424212748e-09 
