3.406896564349e-07 1.155589679016e-07 2.134575704066e-08 2.686404228687e-09 2.413515740746e-10 1.432326883324e-11 4.821422457978e-13 6.942808414029e-15 2.340186481943e-17 2.957631407356e-21 
1.155589679016e-07 2.920029998930e-07 1.476577009220e-07 4.388570076964e-08 8.212999642911e-09 9.773877251639e-10 6.668451094418e-11 2.028471473620e-12 1.553187807102e-14 5.195381092664e-18 
2.134575704066e-08 1.476577009220e-07 2.415633236544e-07 1.378494716909e-07 5.014639172147e-08 1.085052264527e-08 1.315172256893e-09 7.264398003433e-11 1.086275631822e-12 8.452081813632e-16 
2.686404228687e-09 4.388570076964e-08 1.378494716909e-07 2.079028978012e-07 1.235152719417e-07 4.806810704077e-08 1.018623544998e-08 9.859342294696e-10 2.727706244322e-11 4.676519117111e-14 
2.413515740746e-10 8.212999642911e-09 5.014639172147e-08 1.235152719417e-07 1.843633166816e-07 1.093598269532e-07 4.120045653131e-08 7.116840817332e-09 3.667102708731e-10 1.378553198591e-12 
1.432326883324e-11 9.773877251639e-10 1.085052264527e-08 4.806810704077e-08 1.093598269532e-07 1.665587480732e-07 9.507745718168e-08 3.062590027731e-08 3.092528037476e-09 2.678097994347e-11 
4.821422457978e-13 6.668451094418e-11 1.315172256893e-09 1.018623544998e-08 4.120045653131e-08 9.507745718168e-08 1.515793092947e-07 7.889151141235e-08 1.702067202423e-08 3.793577489169e-10 
6.942808414029e-15 2.028471473620e-12 7.264398003433e-11 9.859342294696e-10 7.116840817332e-09 3.062590027731e-08 7.889151141235e-08 1.373808991286e-07 5.767570519512e-08 4.009286982710e-09 
2.340186481943e-17 1.553187807102e-14 1.086275631822e-12 2.727706244322e-11 3.667102708731e-10 3.092528037476e-09 1.702067202423e-08 5.767570519512e-08 1.223893154342e-07 2.914341964672e-08 
2.957631407356e-21 5.195381092664e-18 8.452081813632e-16 4.676519117111e-14 1.378553198591e-12 2.678097994347e-11 3.793577489169e-10 4.009286982710e-09 2.914341964672e-08 9.035819410700e-08 
