6.544955515093e-07 2.334396624736e-07 4.477162575385e-08 5.861402790395e-09 5.482645975596e-10 3.380465945083e-11 1.183405592307e-12 1.768269913706e-14 6.117943224970e-17 8.182199287116e-21 
2.334396624736e-07 5.775355856804e-07 3.187110425079e-07 9.836901625880e-08 1.911115015798e-08 2.358666900457e-09 1.669493264661e-10 5.223071070842e-12 4.099032233455e-14 1.452686055459e-17 
4.477162575385e-08 3.187110425079e-07 5.037195246630e-07 3.175923292374e-07 1.193325943314e-07 2.670603262397e-08 3.339013993136e-09 1.885069855054e-10 2.896901625101e-12 2.384872303311e-15 
5.861402790395e-09 9.836901625880e-08 3.175923292374e-07 4.537369509492e-07 3.010247434519e-07 1.205917471922e-07 2.615296053290e-08 2.578669023807e-09 7.360418127528e-11 1.329734494345e-13 
5.482645975596e-10 1.911115015798e-08 1.193325943314e-07 3.010247434519e-07 4.182582373497e-07 2.790234654599e-07 1.068255675737e-07 1.880324762576e-08 1.002837451586e-09 3.943832487883e-12 
3.380465945083e-11 2.358666900457e-09 2.670603262397e-08 1.205917471922e-07 2.790234654599e-07 3.859684615900e-07 2.492478403954e-07 8.210320794544e-08 8.587169255394e-09 7.693087710182e-11 
1.183405592307e-12 1.669493264661e-10 3.339013993136e-09 2.615296053290e-08 1.068255675737e-07 2.492478403954e-07 3.571140789275e-07 2.158596246266e-07 4.804858426166e-08 1.090767871779e-09 
1.768269913706e-14 5.223071070842e-12 1.885069855054e-10 2.578669023807e-09 1.880324762576e-08 8.210320794544e-08 2.158596246266e-07 3.343852343301e-07 1.651265102258e-07 1.147106522596e-08 
6.117943224970e-17 4.099032233455e-14 2.896901625101e-12 7.360418127528e-11 1.002837451586e-09 8.587169255394e-09 4.804858426166e-08 1.651265102258e-07 2.983122408435e-07 8.230970034059e-08 
8.182199287116e-21 1.452686055459e-17 2.384872303311e-15 1.329734494345e-13 3.943832487883e-12 7.693087710182e-11 1.090767871779e-09 1.147106522596e-08 8.230970034059e-08 2.044432281237e-07 
