9.622863109789e-07 3.671235453630e-07 7.262919293410e-08 9.702560624607e-09 9.215361114720e-10 5.815243258354e-11 2.059780162370e-12 3.043351481923e-14 1.053522588236e-16 1.442160940944e-20 
3.671235453630e-07 9.147836507936e-07 5.252958705544e-07 1.644372889718e-07 3.257686761611e-08 4.095374985602e-09 2.892861938029e-10 8.959419098530e-12 7.097695997043e-14 2.567142882830e-17 
7.262919293410e-08 5.252958705544e-07 8.213522813014e-07 5.380002473486e-07 2.060809327489e-07 4.643892649096e-08 5.754764241718e-09 3.236170860403e-10 5.042902073547e-12 4.224054298436e-15 
9.702560624607e-09 1.644372889718e-07 5.380002473486e-07 7.612803740400e-07 5.235799584830e-07 2.088115215809e-07 4.490127075735e-08 4.442340065869e-09 1.287464132224e-10 2.360470728744e-13 
9.215361114720e-10 3.257686761611e-08 2.060809327489e-07 5.235799584830e-07 7.046140442186e-07 4.799609728040e-07 1.833604247494e-07 3.257434447526e-08 1.761827598855e-09 7.017441337177e-12 
5.815243258354e-11 4.095374985602e-09 4.643892649096e-08 2.088115215809e-07 4.799609728040e-07 6.419553438526e-07 4.299265455472e-07 1.432343148583e-07 1.514912347713e-08 1.372462856830e-10 
2.059780162370e-12 2.892861938029e-10 5.754764241718e-09 4.490127075735e-08 1.833604247494e-07 4.299265455472e-07 6.006289954933e-07 3.792828972549e-07 8.512883354528e-08 1.951640473057e-09 
3.043351481923e-14 8.959419098530e-12 3.236170860403e-10 4.442340065869e-09 3.257434447526e-08 1.432343148583e-07 3.792828972549e-07 5.696956773981e-07 2.940727241782e-07 2.057671802583e-08 
1.053522588236e-16 7.097695997043e-14 5.042902073547e-12 1.287464132224e-10 1.761827598855e-09 1.514912347713e-08 8.512883354528e-08 2.940727241782e-07 5.120856607480e-07 1.472468105415e-07 
1.442160940944e-20 2.567142882830e-17 4.224054298436e-15 2.360470728744e-13 7.017441337177e-12 1.372462856830e-10 1.951640473057e-09 2.057671802583e-08 1.472468105415e-07 3.331706500130e-07 
