9.078811997140e-08 2.804392286658e-08 5.503000833298e-09 7.128151543173e-10 6.487551960078e-11 3.850054778076e-12 1.277221384217e-13 1.791143609606e-15 5.753568257329e-18 6.699703958284e-22 
2.804392286658e-08 9.564101036754e-08 3.894849324449e-08 1.175759184216e-08 2.210702784720e-09 2.608406954794e-10 1.745872304198e-11 5.149264395671e-13 3.751790292471e-15 1.158839332908e-18 
5.503000833298e-09 3.894849324449e-08 8.527570438373e-08 3.710600836164e-08 1.344707999214e-08 2.869505208067e-09 3.402011515646e-10 1.815159806586e-11 2.582567550123e-13 1.856736594359e-16 
7.128151543173e-10 1.175759184216e-08 3.710600836164e-08 7.645828620952e-08 3.282462717699e-08 1.256357622865e-08 2.597207451544e-09 2.423147765844e-10 6.383272888306e-12 1.011166668112e-14 
6.487551960078e-11 2.210702784720e-09 1.344707999214e-08 3.282462717699e-08 6.914926638758e-08 2.813619315274e-08 1.031341346211e-08 1.717026500921e-09 8.434095510593e-11 2.930239974974e-13 
3.850054778076e-12 2.608406954794e-10 2.869505208067e-09 1.256357622865e-08 2.813619315274e-08 6.303363762644e-08 2.325705871488e-08 7.230316498195e-09 6.965370927241e-10 5.583180192159e-12 
1.277221384217e-13 1.745872304198e-11 3.402011515646e-10 2.597207451544e-09 1.031341346211e-08 2.325705871488e-08 5.755758745551e-08 1.813304178367e-08 3.730739175244e-09 7.722202332931e-11 
1.791143609606e-15 5.149264395671e-13 1.815159806586e-11 2.423147765844e-10 1.717026500921e-09 7.230316498195e-09 1.813304178367e-08 5.242348502444e-08 1.218183638390e-08 7.898694458510e-10 
5.753568257329e-18 3.751790292471e-15 2.582567550123e-13 6.383272888306e-12 8.434095510593e-11 6.965370927241e-10 3.730739175244e-09 1.218183638390e-08 4.708739632069e-08 5.461091115105e-09 
6.699703958284e-22 1.158839332908e-18 1.856736594359e-16 1.011166668112e-14 2.930239974974e-13 5.583180192159e-12 7.722202332931e-11 7.898694458510e-10 5.461091115105e-09 3.894354830261e-08 
