9.357574405682e-08 2.915051905247e-08 5.705547725093e-09 7.376103075330e-10 6.705133671366e-11 3.973269919043e-12 1.317906908520e-13 1.846188892700e-15 5.927131774233e-18 6.905692366949e-22 
2.915051905247e-08 9.815282237413e-08 4.032109533862e-08 1.215673975473e-08 2.282691522552e-09 2.691312008286e-10 1.801044364356e-11 5.303276713899e-13 3.868173124791e-15 1.193734166243e-18 
5.705547725093e-09 4.032109533862e-08 8.722264565670e-08 3.832994753064e-08 1.387581470854e-08 2.960764767106e-09 3.507172402296e-10 1.869236941422e-11 2.664173070492e-13 1.911858482782e-16 
7.376103075330e-10 1.215673975473e-08 3.832994753064e-08 7.800076502964e-08 3.386807506309e-08 1.295952179324e-08 2.675492898259e-09 2.496421247013e-10 6.585591069765e-12 1.041102130566e-14 
6.705133671366e-11 2.282691522552e-09 1.387581470854e-08 3.386807506309e-08 7.044555756099e-08 2.899678649989e-08 1.062066353554e-08 1.770301410417e-09 8.698191577706e-11 3.018146971837e-13 
3.973269919043e-12 2.691312008286e-10 2.960764767106e-09 1.295952179324e-08 2.899678649989e-08 6.407082256677e-08 2.396470996530e-08 7.459133673023e-09 7.178116833871e-10 5.756241379165e-12 
1.317906908520e-13 1.801044364356e-11 3.507172402296e-10 2.675492898259e-09 1.062066353554e-08 2.396470996530e-08 5.848334433762e-08 1.870015608012e-08 3.841976145920e-09 7.974369731916e-11 
1.846188892700e-15 5.303276713899e-13 1.869236941422e-11 2.496421247013e-10 1.770301410417e-09 7.459133673023e-09 1.870015608012e-08 5.315032554617e-08 1.255257853958e-08 8.171104456672e-10 
5.927131774233e-18 3.868173124791e-15 2.664173070492e-13 6.585591069765e-12 8.698191577706e-11 7.178116833871e-10 3.841976145920e-09 1.255257853958e-08 4.772001919024e-08 5.648855171955e-09 
6.905692366949e-22 1.193734166243e-18 1.911858482782e-16 1.041102130566e-14 3.018146971837e-13 5.756241379165e-12 7.974369731916e-11 8.171104456672e-10 5.648855171955e-09 3.930870373366e-08 
