8.4579718265153807e-08 2.5575748550396820e-08 5.0512625069132837e-09 6.5730814046715083e-10 6.0008301643956000e-11 3.5695159432586674e-12 1.1872307898708263e-13 1.6649034250822388e-15 5.3643774587699228e-18 6.2320177418968654e-22 
2.5575748550396820e-08 9.0041821938744400e-08 3.5873434137190107e-08 1.0866609407369111e-08 2.0476448326212770e-09 2.4223577972777124e-10 1.6230514015916278e-11 4.7893047660589253e-13 3.5007252843610760e-15 1.0774313334873990e-18 
5.0512625069132837e-09 3.5873434137190107e-08 8.0930055609428888e-08 3.4348890121896932e-08 1.2474996490428534e-08 2.6672256090927129e-09 3.1624510749632038e-10 1.6902441816696665e-11 2.4092955471749515e-13 1.7263217647118019e-16 
6.5730814046715083e-10 1.0866609407369111e-08 3.4348890121896932e-08 7.2953200006107441e-08 3.0500493660682791e-08 1.1679759013613107e-08 2.4152233588121806e-09 2.2590520905032026e-10 5.9500265350914818e-12 9.4052180429149678e-15 
6.0008301643956000e-11 2.0476448326212770e-09 1.2474996490428534e-08 3.0500493660682791e-08 6.6270142202835310e-08 2.6156094650167154e-08 9.6022237588740398e-09 1.6018896537087292e-09 7.8527724813439208e-11 2.7272565742048996e-13 
3.5695159432586674e-12 2.4223577972777124e-10 2.6672256090927129e-09 1.1679759013613107e-08 2.6156094650167154e-08 6.0618084073793531e-08 2.1688568136074286e-08 6.7427366077789132e-09 6.4786769153017009e-10 5.1995514676021232e-12 
1.1872307898708263e-13 1.6230514015916278e-11 3.1624510749632038e-10 2.4152233588121806e-09 9.6022237588740398e-09 2.1688568136074286e-08 5.5586977929859881e-08 1.6882234798217655e-08 3.4692868327109288e-09 7.1915165017312803e-11 
1.6649034250822388e-15 4.7893047660589253e-13 1.6902441816696665e-11 2.2590520905032026e-10 1.6018896537087292e-09 6.7427366077789132e-09 1.6882234798217655e-08 5.0724921253896886e-08 1.1339601660486661e-08 7.3408158977571376e-10 
5.3643774587699228e-18 3.5007252843610760e-15 2.4092955471749515e-13 5.9500265350914818e-12 7.8527724813439208e-11 6.4786769153017009e-10 3.4692868327109288e-09 1.1339601660486661e-08 4.5771376937821122e-08 5.0464058580032649e-09 
6.2320177418968654e-22 1.0774313334873990e-18 1.7263217647118019e-16 9.4052180429149678e-15 2.7272565742048996e-13 5.1995514676021232e-12 7.1915165017312803e-11 7.3408158977571376e-10 5.0464058580032649e-09 3.8090072872571555e-08 
