1.6740739240001769e-07 5.6334525655108866e-08 1.0569537767303337e-08 1.3299494622279930e-09 1.1872064739795796e-10 6.9580515417655381e-12 2.2942835339958385e-13 3.2097061334644923e-15 1.0404764168528764e-17 1.2375724483865283e-21 
5.6334525655108866e-08 1.5863819967816272e-07 7.3163691095635959e-08 2.1641761947821903e-08 4.0114911580629733e-09 4.6957276953821670e-10 3.1303625428456897e-11 9.2445577335137337e-13 6.8163748131955516e-15 2.1512728413802734e-18 
1.0569537767303337e-08 7.3163691095635959e-08 1.3352471154712871e-07 6.7550614854550269e-08 2.4264440979331406e-08 5.1532914725321221e-09 6.0972773635730481e-10 3.2694624559159779e-11 4.7109251269242855e-13 3.4660075677080396e-16 
1.3299494622279930e-09 2.1641761947821903e-08 6.7550614854550269e-08 1.1535860693788218e-07 5.9014054939813117e-08 2.2524759385217602e-08 4.6603430105290383e-09 4.3825045392640980e-10 1.1689188472607981e-11 1.8995569596740415e-14 
1.1872064739795796e-10 4.0114911580629733e-09 2.4264440979331406e-08 5.9014054939813117e-08 1.0163343377941418e-07 5.0436702827603197e-08 1.8568950091919592e-08 3.1203608814306254e-09 1.5514138623107076e-10 5.5447802576853343e-13 
6.9580515417655381e-12 4.6957276953821670e-10 5.1532914725321221e-09 2.2524759385217602e-08 5.0436702827603197e-08 9.0835034291529547e-08 4.2114494906081408e-08 1.3211537133023850e-08 1.2891714504878848e-09 1.0654529644681293e-11 
2.2942835339958385e-13 3.1303625428456897e-11 6.0972773635730481e-10 4.6603430105290383e-09 1.8568950091919592e-08 4.2114494906081408e-08 8.1736799820539714e-08 3.3360106980581770e-08 6.9715651989639677e-09 1.4888029990304223e-10 
3.2097061334644923e-15 9.2445577335137337e-13 3.2694624559159779e-11 4.3825045392640980e-10 3.1203608814306254e-09 1.3211537133023850e-08 3.3360106980581770e-08 7.3260259260655644e-08 2.3115039583619810e-08 1.5430124214671234e-09 
1.0404764168528764e-17 6.8163748131955516e-15 4.7109251269242855e-13 1.1689188472607981e-11 1.5514138623107076e-10 1.2891714504878848e-09 6.9715651989639677e-09 2.3115039583619810e-08 6.4829235084176265e-08 1.0882589911516424e-08 
1.2375724483865283e-21 2.1512728413802734e-18 3.4660075677080396e-16 1.8995569596740415e-14 5.5447802576853343e-13 1.0654529644681293e-11 1.4888029990304223e-10 1.5430124214671234e-09 1.0882589911516424e-08 5.0530577490377236e-08 
