1.612700758130e-07 5.418265941645e-08 1.019165836350e-08 1.284353083686e-09 1.147569378211e-10 6.726280311412e-12 2.220196676642e-13 3.101030373589e-15 1.004385308836e-17 1.189510193462e-21 
5.418265941645e-08 1.539277111426e-07 7.062715562974e-08 2.091537980579e-08 3.877628650664e-09 4.542083658108e-10 3.028101873073e-11 8.922877604242e-13 6.581752614742e-15 2.064982509008e-18 
1.019165836350e-08 7.062715562974e-08 1.299783584802e-07 6.529682124079e-08 2.346097619036e-08 4.986400005476e-09 5.892387651463e-10 3.155252878635e-11 4.547186453091e-13 3.324528027609e-16 
1.284353083686e-09 2.091537980579e-08 6.529682124079e-08 1.124629035732e-07 5.709670940233e-08 2.178635499537e-08 4.499395264142e-09 4.230466702052e-10 1.127130174937e-11 1.821890829290e-14 
1.147569378211e-10 3.877628650664e-09 2.346097619036e-08 5.709670940233e-08 9.924171882599e-08 4.872091524538e-08 1.792023486638e-08 3.012598495116e-09 1.493541688962e-10 5.321109010751e-13 
6.726280311412e-12 4.542083658108e-10 4.986400005476e-09 2.178635499537e-08 4.872091524538e-08 8.864728237335e-08 4.065726848245e-08 1.274659828616e-08 1.238656989821e-09 1.023537907247e-11 
2.220196676642e-13 3.028101873073e-11 5.892387651463e-10 4.499395264142e-09 1.792023486638e-08 4.065726848245e-08 7.987437868827e-08 3.211270676296e-08 6.688658628559e-09 1.431794077433e-10 
3.101030373589e-15 8.922877604242e-13 3.155252878635e-11 4.230466702052e-10 3.012598495116e-09 1.274659828616e-08 3.211270676296e-08 7.144874202653e-08 2.219178132889e-08 1.483652722196e-09 
1.004385308836e-17 6.581752614742e-15 4.547186453091e-13 1.127130174937e-11 1.493541688962e-10 1.238656989821e-09 6.688658628559e-09 2.219178132889e-08 6.342307498942e-08 1.041132139064e-08 
1.189510193462e-21 2.064982509008e-18 3.324528027609e-16 1.821890829290e-14 5.321109010751e-13 1.023537907247e-11 1.431794077433e-10 1.483652722196e-09 1.041132139064e-08 4.932654437009e-08 
