6.447413583610e-08 1.717024061248e-08 3.479702693330e-09 4.620844736786e-10 4.285844810238e-11 2.582534362737e-12 8.693532007360e-14 1.228711627982e-15 3.993542505626e-18 4.645234008242e-22 
1.717024061248e-08 7.061970308184e-08 2.508902702018e-08 7.723944586249e-09 1.474336621862e-09 1.765225550552e-10 1.193586692095e-11 3.545827506077e-13 2.610895780224e-15 8.029026308463e-19 
3.479702693330e-09 2.508902702018e-08 6.560165227478e-08 2.464928411629e-08 9.050058804157e-09 1.954082155206e-09 2.332480113686e-10 1.255027416357e-11 1.797999146124e-13 1.286611844925e-16 
4.620844736786e-10 7.723944586249e-09 2.464928411629e-08 6.061509559538e-08 2.228984330263e-08 8.593079293401e-09 1.786590466327e-09 1.681571098939e-10 4.439773797371e-12 7.012344769067e-15 
4.285844810238e-11 1.474336621862e-09 9.050058804157e-09 2.228984330263e-08 5.618564072371e-08 1.931364876738e-08 7.127391698941e-09 1.194593077914e-09 5.856490509640e-11 2.034297805795e-13 
2.582534362737e-12 1.765225550552e-10 1.954082155206e-09 8.593079293401e-09 1.931364876738e-08 5.224019544153e-08 1.615440193624e-08 5.031678765703e-09 4.829062337949e-10 3.879084242421e-12 
8.693532007360e-14 1.193586692095e-11 2.332480113686e-10 1.786590466327e-09 7.127391698941e-09 1.615440193624e-08 4.863783680586e-08 1.259004455956e-08 2.585952439107e-09 5.361187279431e-11 
1.228711627982e-15 3.545827506077e-13 1.255027416357e-11 1.681571098939e-10 1.194593077914e-09 5.031678765703e-09 1.259004455956e-08 4.498931855082e-08 8.458102431523e-09 5.454923525660e-10 
3.993542505626e-18 2.610895780224e-15 1.797999146124e-13 4.439773797371e-12 5.856490509640e-11 4.829062337949e-10 2.585952439107e-09 8.458102431523e-09 4.128026476936e-08 3.717894061852e-09 
4.645234008242e-22 8.029026308463e-19 1.286611844925e-16 7.012344769067e-15 2.034297805795e-13 3.879084242421e-12 5.361187279431e-11 5.454923525660e-10 3.717894061852e-09 3.539497618875e-08 
