8.0085407497237456e-08 2.3747779862927968e-08 4.7138385035420658e-09 6.1571038313033927e-10 5.6372037984860335e-11 3.3608175956526623e-12 1.1198414807456553e-13 1.5727191434089080e-15 5.0723979894257589e-18 5.8938210640452591e-22 
2.3747779862927968e-08 8.5863274839005875e-08 3.3572021045892895e-08 1.0199091273165151e-08 1.9263694234770282e-09 2.2831847850890727e-10 1.5321186508992683e-11 4.5262559939504779e-13 3.3106693111550946e-15 1.0188493610259861e-18 
4.7138385035420658e-09 3.3572021045892895e-08 7.7671963655751871e-08 3.2295506083133585e-08 1.1750418605725756e-08 2.5160869652735136e-09 2.9869608680810189e-10 1.5978884569357303e-11 2.2786653790061910e-13 1.6322077363726083e-16 
6.1571038313033927e-10 1.0199091273165151e-08 3.2295506083133585e-08 7.0343738284623770e-08 2.8760581494277445e-08 1.1026308806915653e-08 2.2822793704197073e-09 2.1360731428231663e-10 5.6275722180030481e-12 8.8906691919898574e-15 
5.6372037984860335e-11 1.9263694234770282e-09 1.1750418605725756e-08 2.8760581494277445e-08 6.4134298727647127e-08 2.4709737174071580e-08 9.0772686728320225e-09 1.5149196780600902e-09 7.4270202980105001e-11 2.5773770332661251e-13 
3.3608175956526623e-12 2.2831847850890727e-10 2.5160869652735136e-09 1.1026308806915653e-08 2.4709737174071580e-08 5.8843084518536239e-08 2.0508905190427407e-08 6.3772358290450275e-09 6.1267832426634082e-10 4.9121168193376664e-12 
1.1198414807456553e-13 1.5321186508992683e-11 2.9869608680810189e-10 2.2822793704197073e-09 9.0772686728320225e-09 2.0508905190427407e-08 5.4102207836690225e-08 1.5966911597470040e-08 3.2800102367186386e-09 6.7906958625118616e-11 
1.5727191434089080e-15 4.5262559939504779e-13 1.5978884569357303e-11 2.1360731428231663e-10 1.5149196780600902e-09 6.3772358290450275e-09 1.5966911597470040e-08 4.9499077948280993e-08 1.0715130879866896e-08 6.9264667984797731e-10 
5.0723979894257589e-18 3.3106693111550946e-15 2.2786653790061910e-13 5.6275722180030481e-12 7.4270202980105001e-11 6.1267832426634082e-10 3.2800102367186386e-09 1.0715130879866896e-08 4.4786554602868606e-08 4.7551497225366946e-09 
5.8938210640452591e-22 1.0188493610259861e-18 1.6322077363726083e-16 8.8906691919898574e-15 2.5773770332661251e-13 4.9121168193376664e-12 6.7906958625118616e-11 6.9264667984797731e-10 4.7551497225366946e-09 3.7491180084649818e-08 
