6.7769522692748375e-08 1.8601805791596772e-08 3.7518313982665242e-09 4.9619987061220117e-10 4.5878446831205882e-11 2.7571289902188338e-12 9.2486913114198659e-14 1.3061480801048681e-15 4.2289419523253031e-18 4.9208931188702228e-22 
1.8601805791596772e-08 7.3973393301776683e-08 2.6971476295980155e-08 8.2752127717705521e-09 1.5758065410303559e-09 1.8804984794899095e-10 1.2690896905852213e-11 3.7658880873311161e-13 2.7617826464502959e-15 8.5067871081051834e-19 
3.7518313982665242e-09 2.6971476295980155e-08 6.8287108125057615e-08 2.6363565342235649e-08 9.6541792414970482e-09 2.0788231792723286e-09 2.4794674617506924e-10 1.3310183402730355e-11 1.9015479192615820e-13 1.3627586263892486e-16 
4.9619987061220117e-10 8.2752127717705521e-09 2.6363565342235649e-08 6.2795155517821132e-08 2.3726369023427947e-08 9.1362260008964677e-09 1.8979498089163667e-09 1.7808150595012548e-10 4.6973522781621375e-12 7.4224587930000685e-15 
4.5878446831205882e-11 1.5758065410303559e-09 9.6541792414970482e-09 2.3726369023427947e-08 5.7956066077962760e-08 2.0527557518818551e-08 7.5603033659667872e-09 1.2637610693249664e-09 6.2004063103793685e-11 2.1514655184932162e-13 
2.7571289902188338e-12 1.8804984794899095e-10 2.0788231792723286e-09 9.1362260008964677e-09 2.0527557518818551e-08 5.3713261758168782e-08 1.7101374690072162e-08 5.3223933230185216e-09 5.1153763768092461e-10 4.0993135041251120e-12 
9.2486913114198659e-14 1.2690896905852213e-11 2.4794674617506924e-10 1.8979498089163667e-09 7.5603033659667872e-09 1.7101374690072162e-08 4.9815808695967578e-08 1.3329944750510209e-08 2.7384694558044444e-09 5.6637403821117738e-11 
1.3061480801048681e-15 3.7658880873311161e-13 1.3310183402730355e-11 1.7808150595012548e-10 1.2637610693249664e-09 5.3223933230185216e-09 1.3329944750510209e-08 4.5983970135587529e-08 8.9434682118475538e-09 5.7687644302880095e-10 
4.2289419523253031e-18 2.7617826464502959e-15 1.9015479192615820e-13 4.6973522781621375e-12 6.2004063103793685e-11 5.1153763768092461e-10 2.7384694558044444e-09 8.9434682118475538e-09 4.2025517939058733e-08 3.9465989667015294e-09 
4.9208931188702228e-22 8.5067871081051834e-19 1.3627586263892486e-16 7.4224587930000685e-15 2.1514655184932162e-13 4.0993135041251120e-12 5.6637403821117738e-11 5.7687644302880095e-10 3.9465989667015294e-09 3.5848568478903839e-08 
