8.108543679229e-08 2.413753167828e-08 4.785961828545e-09 6.247322553438e-10 5.715632352553e-11 3.406364030791e-12 1.135631110070e-13 1.592446538194e-15 5.142223028886e-18 5.954369928609e-22 
2.413753167828e-08 8.675654752237e-08 3.406691746930e-08 1.034457868211e-08 1.952394928132e-09 2.315160838734e-10 1.552599020294e-11 4.583472538022e-13 3.356107608726e-15 1.029339847688e-18 
4.785961828545e-09 3.406691746930e-08 7.838360305929e-08 3.273525179969e-08 1.191160737186e-08 2.551195459126e-09 3.025000480803e-10 1.619007140629e-11 2.308329533690e-13 1.650025196194e-16 
6.247322553438e-10 1.034457868211e-08 3.273525179969e-08 7.091746668767e-08 2.916542054580e-08 1.117279544699e-08 2.311042242336e-09 2.165260108331e-10 5.695000971091e-12 8.997175322277e-15 
5.715632352553e-11 1.952394928132e-09 1.191160737186e-08 2.916542054580e-08 6.461911565507e-08 2.502044822321e-08 9.196511637886e-09 1.535482705517e-09 7.508418324181e-11 2.611571861014e-13 
3.406364030791e-12 2.315160838734e-10 2.551195459126e-09 1.117279544699e-08 2.502044822321e-08 5.923924745570e-08 2.079075812373e-08 6.457304782086e-09 6.190649668494e-10 4.983398163191e-12 
1.135631110070e-13 1.552599020294e-11 3.025000480803e-10 2.311042242336e-09 9.196511637886e-09 2.079075812373e-08 5.443927542103e-08 1.614115868467e-08 3.316691155852e-09 6.894504036571e-11 
1.592446538194e-15 4.583472538022e-13 1.619007140629e-11 2.165260108331e-10 1.535482705517e-09 6.457304782086e-09 1.614115868467e-08 4.972632841437e-08 1.086091163179e-08 7.028041614564e-10 
5.142223028886e-18 3.356107608726e-15 2.308329533690e-13 5.695000971091e-12 7.508418324181e-11 6.190649668494e-10 3.316691155852e-09 1.086091163179e-08 4.503403981104e-08 4.811247215787e-09 
5.954369928609e-22 1.029339847688e-18 1.650025196194e-16 8.997175322277e-15 2.611571861014e-13 4.983398163191e-12 6.894504036571e-11 7.028041614564e-10 4.811247215787e-09 3.762155539350e-08 
