1.5932513699031995e-07 5.3495415396375824e-08 1.0065379120901907e-08 1.2684504409564869e-09 1.1331587075315725e-10 6.6426463718313062e-12 2.1895633837406067e-13 3.0603048587971082e-15 9.8968779129981101e-18 1.1723084485988666e-21 
5.3495415396375824e-08 1.5236535221680794e-07 6.9757204306045279e-08 2.0652537453061593e-08 3.8295316465329219e-09 4.4822697933032543e-10 2.9863087267299698e-11 8.8080908087933265e-13 6.4768711170392745e-15 2.0367851652931923e-18 
1.0065379120901907e-08 6.9757204306045279e-08 1.2870132407568554e-07 6.4483207687374746e-08 2.3163646829766873e-08 4.9177878588247995e-09 5.8140505037376635e-10 3.1126368055954462e-11 4.4722148042278671e-13 3.2801014235542956e-16 
1.2684504409564869e-09 2.0652537453061593e-08 6.4483207687374746e-08 1.1140647559184605e-07 5.6325304350026314e-08 2.1486875959926986e-08 4.4411629450997338e-09 4.1684567003383511e-10 1.1087879512763196e-11 1.7969322750140438e-14 
1.1331587075315725e-10 3.8295316465329219e-09 2.3163646829766873e-08 5.6325304350026314e-08 9.8257965392594938e-08 4.8083384692747025e-08 1.7679896991395357e-08 2.9647593670757440e-09 1.4704808978799055e-10 5.2430651493634803e-13 
6.6426463718313062e-12 4.4822697933032543e-10 4.9177878588247995e-09 2.1486875959926986e-08 4.8083384692747025e-08 8.7853710959282621e-08 4.0046623283748338e-08 1.2537556974721076e-08 1.2209759541057248e-09 1.0070021734684329e-11 
2.1895633837406067e-13 2.9863087267299698e-11 5.8140505037376635e-10 4.4411629450997338e-09 1.7679896991395357e-08 4.0046623283748338e-08 7.9026631588683870e-08 3.1619001667489733e-08 6.5973648000244837e-09 1.4061963179006290e-10 
3.0603048587971082e-15 8.8080908087933265e-13 3.1126368055954462e-11 4.1684567003383511e-10 2.9647593670757440e-09 1.2537556974721076e-08 3.1619001667489733e-08 7.0856404479055199e-08 2.1853825496199407e-08 1.4557317396858583e-09 
9.8968779129981101e-18 6.4768711170392745e-15 4.4722148042278671e-13 1.1087879512763196e-11 1.4704808978799055e-10 1.2209759541057248e-09 6.5973648000244837e-09 2.1853825496199407e-08 6.2778419945843410e-08 1.0245582746689969e-08 
1.1723084485988666e-21 2.0367851652931923e-18 3.2801014235542956e-16 1.7969322750140438e-14 5.2430651493634803e-13 1.0070021734684329e-11 1.4061963179006290e-10 1.4557317396858583e-09 1.0245582746689969e-08 4.9152141097734563e-08 
