3.751955330445e-06 1.581762495414e-06 3.161056331953e-07 4.362229894845e-08 4.234340502025e-09 2.637261001652e-10 9.045124099352e-12 1.296413015747e-13 4.269804761448e-16 5.171292164613e-20 
1.581762495414e-06 3.872803526082e-06 2.339068691878e-06 7.521215468978e-07 1.489210278586e-07 1.823814466543e-08 1.250882578516e-09 3.759886511833e-11 2.808165227218e-13 9.020268996620e-17 
3.161056331953e-07 2.339068691878e-06 3.646540436461e-06 2.468450421414e-06 9.284602102417e-07 2.035071466840e-07 2.457895765588e-08 1.336164988834e-09 1.947457336222e-11 1.458202301645e-14 
4.362229894845e-08 7.521215468978e-07 2.468450421414e-06 3.343830273881e-06 2.312700716763e-06 9.012786868127e-07 1.891913123600e-07 1.798463545263e-08 4.849023976282e-10 8.019557618529e-13 
4.234340502025e-09 1.489210278586e-07 9.284602102417e-07 2.312700716763e-06 2.958079178381e-06 2.039432817333e-06 7.584859406705e-07 1.285833743664e-07 6.460634948033e-09 2.349589282598e-11 
2.637261001652e-10 1.823814466543e-08 2.035071466840e-07 9.012786868127e-07 2.039432817333e-06 2.582294820050e-06 1.730168803253e-06 5.469944425080e-07 5.393726615875e-08 4.533606434696e-10 
9.045124099352e-12 1.250882578516e-09 2.457895765588e-08 1.891913123600e-07 7.584859406705e-07 1.730168803253e-06 2.240823089838e-06 1.389431624646e-06 2.934442904325e-07 6.366766710193e-09 
1.296413015747e-13 3.759886511833e-11 1.336164988834e-09 1.798463545263e-08 1.285833743664e-07 5.469944425080e-07 1.389431624646e-06 1.919640194229e-06 9.808174476510e-07 6.642363823757e-08 
4.269804761448e-16 2.808165227218e-13 1.947457336222e-11 4.849023976282e-10 6.460634948033e-09 5.393726615875e-08 2.934442904325e-07 9.808174476510e-07 1.599242215948e-06 4.728335492426e-07 
5.171292164613e-20 9.020268996620e-17 1.458202301645e-14 8.019557618529e-13 2.349589282598e-11 4.533606434696e-10 6.366766710193e-09 6.642363823757e-08 4.728335492426e-07 1.008130745055e-06 
