2.5076535047718706e-07 8.4824438046116689e-08 1.5665902413798125e-08 1.9603984256580432e-09 1.7507777875123396e-10 1.0309643432215766e-11 3.4286672120807024e-13 4.8601316988887632e-15 1.6060699389394591e-17 1.9729561503349750e-21 
8.4824438046116689e-08 2.2192262101015362e-07 1.0793965773426021e-07 3.1896233167322698e-08 5.9310789789872077e-09 6.9891584817106678e-10 4.7064720274757367e-11 1.4095037395117995e-12 1.0592297667934002e-14 3.4502125515126676e-18 
1.5665902413798125e-08 1.0793965773426021e-07 1.8340261889689874e-07 9.9750402082686091e-08 3.6009927474883367e-08 7.7079296457830500e-09 9.2203786178952019e-10 5.0158604529223364e-11 7.3661950890459461e-13 5.5911041143989859e-16 
1.9603984256580432e-09 3.1896233167322698e-08 9.9750402082686091e-08 1.5742423870720759e-07 8.8041594188919116e-08 3.3893267803074968e-08 7.0922001055753661e-09 6.7657400550855956e-10 1.8393838049798105e-11 3.0825287496903727e-14 
1.7507777875123396e-10 5.9310789789872077e-09 3.6009927474883367e-08 8.8041594188919116e-08 1.3852031104250013e-07 7.6459467769536232e-08 2.8467802609008633e-08 4.8513224610289605e-09 2.4583279746620623e-10 9.0554305284425977e-13 
1.0309643432215766e-11 6.9891584817106678e-10 7.7079296457830500e-09 3.3893267803074968e-08 7.6459467769536232e-08 1.2401312782158548e-07 6.5132672682005908e-08 2.0716166430842940e-08 2.0597228741567283e-09 1.7526249400761319e-11 
3.4286672120807024e-13 4.7064720274757367e-11 9.2203786178952019e-10 7.0922001055753661e-09 2.8467802609008633e-08 6.5132672682005908e-08 1.1188735590361088e-07 5.2875050268853344e-08 1.1255255400080603e-08 2.4705984063394748e-10 
4.8601316988887632e-15 1.4095037395117995e-12 5.0158604529223364e-11 6.7657400550855956e-10 4.8513224610289605e-09 2.0716166430842940e-08 5.2875050268853344e-08 1.0061395687594150e-07 3.7839652442289829e-08 2.5906210443963760e-09 
1.6060699389394591e-17 1.0592297667934002e-14 7.3661950890459461e-13 1.8393838049798105e-11 2.4583279746620623e-10 2.0597228741567283e-09 1.1255255400080603e-08 3.7839652442289829e-08 8.9312982974398606e-08 1.8581486468232215e-08 
1.9729561503349750e-21 3.4502125515126676e-18 5.5911041143989859e-16 3.0825287496903727e-14 9.0554305284425977e-13 1.7526249400761319e-11 2.4705984063394748e-10 2.5906210443963760e-09 1.8581486468232215e-08 6.7364575409605931e-08 
