1.4503700280584948e-07 4.8415975441251196e-08 9.1629742927879057e-09 1.1585826039695361e-09 1.0369089225992550e-10 6.0832334318253117e-12 2.0049457660177543e-13 2.7988833032060294e-15 9.0284662549753897e-18 1.0635926735631269e-21 
4.8415975441251196e-08 1.4113597840548230e-07 6.3667400556115291e-08 1.8888928915888376e-08 3.5062631275781334e-09 4.1049234515221390e-10 2.7332069608918933e-11 8.0489256200310617e-13 5.9023615807560021e-15 1.8459330295939131e-18 
9.1629742927879057e-09 6.3667400556115291e-08 1.2009809530352438e-07 5.9027962891735328e-08 2.1213552419763628e-08 4.5027916891107418e-09 5.3181213377144266e-10 2.8420080506663462e-11 4.0712974635941289e-13 2.9696974569507710e-16 
1.1585826039695361e-09 1.8888928915888376e-08 5.9027962891735328e-08 1.0440023828709877e-07 5.1579664425956075e-08 1.9664203717300162e-08 4.0593153830458148e-09 3.8025664726085675e-10 1.0082848574208233e-11 1.6251718975585490e-14 
1.0369089225992550e-10 3.5062631275781334e-09 2.1213552419763628e-08 5.1579664425956075e-08 9.2325028706167024e-08 4.3969739018853123e-08 1.6144242618689028e-08 2.7015356218936051e-09 1.3355545325284986e-10 4.7365147390567382e-13 
6.0832334318253117e-12 4.1049234515221390e-10 4.5027916891107418e-09 1.9664203717300162e-08 4.3969739018853123e-08 8.2688901053172048e-08 3.6521669772624681e-08 1.1408093966925012e-08 1.1073199920468059e-09 9.0850965265018386e-12 
2.0049457660177543e-13 2.7332069608918933e-11 5.3181213377144266e-10 4.0593153830458148e-09 1.6144242618689028e-08 3.6521669772624681e-08 7.4472625261248649e-08 2.8716430781125623e-08 5.9721922594733576e-09 1.2664850209592795e-10 
2.7988833032060294e-15 8.0489256200310617e-13 2.8420080506663462e-11 3.8025664726085675e-10 2.7015356218936051e-09 1.1408093966925012e-08 2.8716430781125623e-08 6.6845913816324936e-08 1.9733784729602735e-08 1.3077423334577667e-09 
9.0284662549753897e-18 5.9023615807560021e-15 4.0712974635941289e-13 1.0082848574208233e-11 1.3355545325284986e-10 1.1073199920468059e-09 5.9721922594733576e-09 1.9733784729602735e-08 5.9306172250300496e-08 9.1646206030466033e-09 
1.0635926735631269e-21 1.8459330295939131e-18 2.9696974569507710e-16 1.6251718975585490e-14 4.7365147390567382e-13 9.0850965265018386e-12 1.2664850209592795e-10 1.3077423334577667e-09 9.1646206030466033e-09 4.6812366159245490e-08 
