1.344791797452e-07 4.460019942844e-08 8.487005136883e-09 1.076922116903e-09 9.656164414741e-11 5.674416470524e-12 1.871411465766e-13 2.609933799207e-15 8.425520884886e-18 9.860525044630e-22 
4.460019942844e-08 1.327172953521e-07 5.912976514175e-08 1.758217158613e-08 3.268345567393e-09 3.831577670311e-10 2.549510093223e-11 7.509105533772e-13 5.502179709912e-15 1.711195955372e-18 
8.487005136883e-09 5.912976514175e-08 1.137215833543e-07 5.499856703209e-08 1.979357239525e-08 4.202380352347e-09 4.959503242002e-10 2.652374621610e-11 3.789132963192e-13 2.753563773051e-16 
1.076922116903e-09 1.758217158613e-08 5.499856703209e-08 9.928669368126e-08 4.814698392965e-08 1.834194395316e-08 3.786514276403e-09 3.548015384144e-10 9.368329559673e-12 1.507208589392e-14 
9.656164414741e-11 3.268345567393e-09 1.979357239525e-08 4.814698392965e-08 8.802125491494e-08 4.100542575068e-08 1.506635157912e-08 2.517842585350e-09 1.239192451859e-10 4.392108055444e-13 
5.674416470524e-12 3.831577670311e-10 4.202380352347e-09 1.834194395316e-08 4.100542575068e-08 7.904669891115e-08 3.407120949854e-08 1.060949289229e-08 1.026645559238e-09 8.417412297115e-12 
1.871411465766e-13 2.549510093223e-11 4.959503242002e-10 3.786514276403e-09 1.506635157912e-08 3.407120949854e-08 7.126837417900e-08 2.664350402935e-08 5.537412576878e-09 1.170947827495e-10 
2.609933799207e-15 7.509105533772e-13 2.652374621610e-11 3.548015384144e-10 2.517842585350e-09 1.060949289229e-08 2.664350402935e-08 6.403091084211e-08 1.829095095074e-08 1.203943897227e-09 
8.425520884886e-18 5.502179709912e-15 3.789132963192e-13 9.368329559673e-12 1.239192451859e-10 1.026645559238e-09 5.537412576878e-09 1.829095095074e-08 5.690028338275e-08 8.387898776536e-09 
9.860525044630e-22 1.711195955372e-18 2.753563773051e-16 1.507208589392e-14 4.392108055444e-13 8.417412297115e-12 1.170947827495e-10 1.203943897227e-09 8.387898776536e-09 4.520679188776e-08 
