7.8024182050240697e-08 2.2901024523177092e-08 4.5568412302905605e-09 5.9630647044030377e-10 5.4673314340023503e-11 3.2632672615151164e-12 1.0883400527164120e-13 1.5295047433002521e-15 4.9320382377213683e-18 5.7258654205543768e-22 
2.2901024523177092e-08 8.3920381780037517e-08 3.2499092336043925e-08 9.8873882903056723e-09 1.8696886855079214e-09 2.2181326174798055e-10 1.4895830509768420e-11 4.4022682839753882e-13 3.2180838471672779e-15 9.8984989796603034e-19 
4.5568412302905605e-09 3.2499092336043925e-08 7.6150868983426456e-08 3.1335947936869556e-08 1.1411734360296551e-08 2.4454293431443603e-09 2.9047214562458487e-10 1.5539769298462153e-11 2.2143905297159803e-13 1.5858792681346676e-16 
5.9630647044030377e-10 9.8873882903056723e-09 3.1335947936869556e-08 6.9124015094795923e-08 2.7947273663549739e-08 1.0720572683142493e-08 2.2197103136652351e-09 2.0769302922828832e-10 5.4678977631491801e-12 8.6394277108948464e-15 
5.4673314340023503e-11 1.8696886855079214e-09 1.1411734360296551e-08 2.7947273663549739e-08 6.3135298604385813e-08 2.4031085631252163e-08 8.8279388131291034e-09 1.4725338806771108e-09 7.2156025644923009e-11 2.5049737281511630e-13 
3.2632672615151164e-12 2.2181326174798055e-10 2.4454293431443603e-09 1.0720572683142493e-08 2.4031085631252163e-08 5.8002839156936297e-08 1.9939606703940090e-08 6.1968728011905089e-09 5.9523330518694464e-10 4.7750668350002597e-12 
1.0883400527164120e-13 1.4895830509768420e-11 2.9047214562458487e-10 2.2197103136652351e-09 8.8279388131291034e-09 1.9939606703940090e-08 5.3372132364703263e-08 1.5512371690932583e-08 3.1870155114063122e-09 6.6023483487540676e-11 
1.5295047433002521e-15 4.4022682839753882e-13 1.5539769298462153e-11 2.0769302922828832e-10 1.4725338806771108e-09 6.1968728011905089e-09 1.5512371690932583e-08 4.8893852873545562e-08 1.0414772577373381e-08 6.7342708792789145e-10 
4.9320382377213683e-18 3.2180838471672779e-15 2.2143905297159803e-13 5.4678977631491801e-12 7.2156025644923009e-11 5.9523330518694464e-10 3.1870155114063122e-09 1.0414772577373381e-08 4.4326434131456094e-08 4.6209999820758486e-09 
5.7258654205543768e-22 9.8984989796603034e-19 1.5858792681346676e-16 8.6394277108948464e-15 2.5049737281511630e-13 4.7750668350002597e-12 6.6023483487540676e-11 6.7342708792789145e-10 4.6209999820758486e-09 3.7217076322161999e-08 
