8.0085407497237456e-08 2.3747779862927948e-08 4.7138385035411402e-09 6.1571038311400090e-10 5.6372037859651408e-11 3.3608171707094616e-12 1.1198362616922934e-13 1.5725666555901631e-15 5.0679734152921924e-18 5.8826979477883736e-22 
2.3747779862927948e-08 8.5863274838994863e-08 3.3572021045239085e-08 1.0199091261507897e-08 1.9263693330739607e-09 2.2831816602411775e-10 1.5320790331042957e-11 4.5250239173925783e-13 3.3064693847001117e-15 1.0169920645554612e-18 
4.7138385035411402e-09 3.3572021045239085e-08 7.7671963616640813e-08 3.2295505378683924e-08 1.1750413069238387e-08 2.5160674234289420e-09 2.9867037070559024e-10 1.5970259719718925e-11 2.2750935208797874e-13 1.6294417395866461e-16 
6.1571038311400090e-10 1.0199091261507897e-08 3.2295505378683924e-08 7.0343725444599117e-08 2.8760478969788672e-08 1.1025937683525941e-08 2.2817679781595337e-09 2.1341856454319754e-10 5.6176441052953593e-12 8.8773571931725304e-15 
5.6372037859651408e-11 1.9263693330739607e-09 1.1750413069238387e-08 2.8760478969788672e-08 6.4133462434484244e-08 2.4706603777477546e-08 9.0726660113988886e-09 1.5129783985588528e-09 7.4131762989891126e-11 2.5742118489139880e-13 
3.3608171707094616e-12 2.2831816602411775e-10 2.5160674234289420e-09 1.1025937683525941e-08 2.4706603777477546e-08 5.8830665235296801e-08 2.0488644109429736e-08 6.3666707175245791e-09 6.1154602599640460e-10 4.9077342080157854e-12 
1.1198362616922934e-13 1.5320790331042957e-11 2.9867037070559024e-10 2.2817679781595337e-09 9.0726660113988886e-09 2.0488644109429736e-08 5.4062128129143030e-08 1.5937123574313096e-08 3.2746151836104767e-09 6.7872130121754688e-11 
1.5725666555901631e-15 4.5250239173925783e-13 1.5970259719718925e-11 2.1341856454319754e-10 1.5129783985588528e-09 6.3666707175245791e-09 1.5937123574313096e-08 4.9461600756317851e-08 1.0703185679394886e-08 6.9252527531395953e-10 
5.0679734152921924e-18 3.3064693847001117e-15 2.2750935208797874e-13 5.6176441052953593e-12 7.4131762989891126e-11 6.1154602599640460e-10 3.2746151836104767e-09 1.0703185679394886e-08 4.4780528090317983e-08 4.7550635351923932e-09 
5.8826979477883736e-22 1.0169920645554612e-18 1.6294417395866461e-16 8.8773571931725304e-15 2.5742118489139880e-13 4.9077342080157854e-12 6.7872130121754688e-11 6.9252527531395953e-10 4.7550635351923932e-09 3.7491178467461256e-08 
