2.653397077407e-09 1.720625225689e-10 1.927321927376e-10 2.051871066534e-10 2.141273920594e-10 2.212350450279e-10 2.273258180071e-10 2.329328053763e-10 2.386229042124e-10 2.464146177948e-10 
1.720625225689e-10 2.831489288774e-09 3.483552417211e-10 3.830469262884e-10 4.079495623560e-10 4.277156958005e-10 4.446543874326e-10 4.602489203625e-10 4.760747797487e-10 4.977464392441e-10 
1.927321927376e-10 3.483552417211e-10 2.970839523203e-09 4.893141225058e-10 5.308501793321e-10 5.636813733327e-10 5.917664044484e-10 6.176235285083e-10 6.438663266185e-10 6.798036220308e-10 
2.051871066534e-10 3.830469262884e-10 4.893141225058e-10 3.106745311764e-09 6.290420205459e-10 6.774523634078e-10 7.186239605407e-10 7.564492973189e-10 7.948399277299e-10 8.474180954783e-10 
2.141273920594e-10 4.079495623560e-10 5.308501793321e-10 6.290420205459e-10 3.249089410745e-09 7.782288073852e-10 8.358343385896e-10 8.883819738194e-10 9.416142075961e-10 1.014542114869e-09 
2.212350450279e-10 4.277156958005e-10 5.636813733327e-10 6.774523634078e-10 7.782288073852e-10 3.405576084614e-09 9.451393376311e-10 1.016078179589e-09 1.087272763388e-09 1.184747760267e-09 
2.273258180071e-10 4.446543874326e-10 5.917664044484e-10 7.186239605407e-10 8.358343385896e-10 9.451393376311e-10 3.585337086373e-09 1.141857569780e-09 1.235657746120e-09 1.362638203171e-09 
2.329328053763e-10 4.602489203625e-10 6.176235285083e-10 7.564492973189e-10 8.883819738194e-10 1.016078179589e-09 1.141857569780e-09 3.806392543235e-09 1.394838743784e-09 1.558550736928e-09 
2.386229042124e-10 4.760747797487e-10 6.438663266185e-10 7.948399277299e-10 9.416142075961e-10 1.087272763388e-09 1.235657746120e-09 1.394838743784e-09 4.114387538084e-09 1.802080282470e-09 
2.464146177948e-10 4.977464392441e-10 6.798036220308e-10 8.474180954783e-10 1.014542114869e-09 1.184747760267e-09 1.362638203171e-09 1.558550736928e-09 1.802080282470e-09 4.749719097927e-09 
