2.542448770664e-09 6.773243184373e-12 7.897241502817e-12 8.577739800994e-12 9.066098523272e-12 9.454329748802e-12 9.787022380369e-12 1.009329033461e-11 1.040409769858e-11 1.082959563336e-11 
6.773243184373e-12 2.552198682067e-09 1.736409188164e-11 1.968675005115e-11 2.135412129434e-11 2.267690506076e-11 2.381051252885e-11 2.485419066049e-11 2.591335213941e-11 2.736348268548e-11 
7.897241502817e-12 1.736409188164e-11 2.561824631623e-09 2.753349654952e-11 3.059975641321e-11 3.302126954289e-11 3.509237729244e-11 3.699927271419e-11 3.893462665875e-11 4.158452339471e-11 
8.577739800994e-12 1.968675005115e-11 2.753349654952e-11 2.572103780688e-09 3.836852458560e-11 4.214926162976e-11 4.536344258449e-11 4.831650614984e-11 5.131377132273e-11 5.541812629359e-11 
9.066098523272e-12 2.135412129434e-11 3.059975641321e-11 3.836852458560e-11 2.583410960993e-09 5.038857045995e-11 5.503600345806e-11 5.927739055847e-11 6.357525863992e-11 6.946241956363e-11 
9.454329748802e-12 2.267690506076e-11 3.302126954289e-11 4.214926162976e-11 5.038857045995e-11 2.596150162514e-09 6.405895591673e-11 6.987147782307e-11 7.571634905162e-11 8.371952698202e-11 
9.787022380369e-12 2.381051252885e-11 3.509237729244e-11 4.536344258449e-11 5.503600345806e-11 6.405895591673e-11 2.610887222847e-09 8.019375773964e-11 8.792552780877e-11 9.842743810205e-11 
1.009329033461e-11 2.485419066049e-11 3.699927271419e-11 4.831650614984e-11 5.927739055847e-11 6.987147782307e-11 8.019375773964e-11 2.628894150241e-09 1.007349854709e-10 1.142940332426e-10 
1.040409769858e-11 2.591335213941e-11 3.893462665875e-11 5.131377132273e-11 6.357525863992e-11 7.571634905162e-11 8.792552780877e-11 1.007349854709e-10 2.653396540048e-09 1.331668381584e-10 
1.082959563336e-11 2.736348268548e-11 4.158452339471e-11 5.541812629359e-11 6.946241956363e-11 8.371952698202e-11 9.842743810205e-11 1.142940332426e-10 1.331668381584e-10 2.701421128582e-09 
