2.541713805951e-09 5.540574943044e-12 6.469107014855e-12 7.031446571402e-12 7.434994129357e-12 7.755800494941e-12 8.030714281465e-12 8.283792746236e-12 8.540622595889e-12 8.892318298558e-12 
5.540574943044e-12 2.549770198610e-09 1.433062699241e-11 1.627042800590e-11 1.766285862134e-11 1.876740856037e-11 1.971399236399e-11 2.058548856367e-11 2.146991521175e-11 2.268104968037e-11 
6.469107014855e-12 1.433062699241e-11 2.557825560937e-09 2.287050205759e-11 2.545187999422e-11 2.748985806896e-11 2.923277767683e-11 3.083751835397e-11 3.246621682862e-11 3.469660648665e-11 
7.031446571402e-12 1.627042800590e-11 2.287050205759e-11 2.566501678396e-09 3.204338719867e-11 3.524787730501e-11 3.797144646090e-11 4.047354805098e-11 4.301311198455e-11 4.649121434360e-11 
7.434994129357e-12 1.766285862134e-11 2.545187999422e-11 3.204338719867e-11 2.576112908061e-09 4.228814675435e-11 4.625167439008e-11 4.986767482884e-11 5.353160969253e-11 5.855112515144e-11 
7.755800494941e-12 1.876740856037e-11 2.748985806896e-11 3.524787730501e-11 4.228814675435e-11 2.587008531486e-09 5.400789337491e-11 5.899071264114e-11 6.399984228213e-11 7.085943176227e-11 
8.030714281465e-12 1.971399236399e-11 2.923277767683e-11 3.797144646090e-11 4.625167439008e-11 5.400789337491e-11 2.599677945508e-09 6.790751739643e-11 7.456622294291e-11 8.360893987881e-11 
8.283792746236e-12 2.058548856367e-11 3.083751835397e-11 4.047354805098e-11 4.986767482884e-11 5.899071264114e-11 6.790751739643e-11 2.615235111635e-09 8.568942491667e-11 9.741256659639e-11 
8.540622595889e-12 2.146991521175e-11 3.246621682862e-11 4.301311198455e-11 5.353160969253e-11 6.399984228213e-11 7.456622294291e-11 8.568942491667e-11 2.636502770923e-09 1.138751604511e-10 
8.892318298558e-12 2.268104968037e-11 3.469660648665e-11 4.649121434360e-11 5.855112515144e-11 7.085943176227e-11 8.360893987881e-11 9.741256659639e-11 1.138751604511e-10 2.678400587604e-09 
