2.547901061818e-09 1.573643771815e-11 1.821072242306e-11 1.970638625977e-11 2.077989496728e-11 2.163333006258e-11 2.236467072955e-11 2.303792221474e-11 2.372115233034e-11 2.465648892018e-11 
1.573643771815e-11 2.569333880487e-09 3.849550169236e-11 4.333298925173e-11 4.680659098991e-11 4.956340658265e-11 5.192592932699e-11 5.410098771101e-11 5.630830803832e-11 5.933038707394e-11 
1.821072242306e-11 3.849550169236e-11 2.589185656466e-09 5.912662021183e-11 6.527972179265e-11 7.014400631407e-11 7.430564422298e-11 7.813723318989e-11 8.202593962863e-11 8.735031482501e-11 
1.970638625977e-11 4.333298925173e-11 5.912662021183e-11 2.609575569519e-09 8.033903419547e-11 8.770349398660e-11 9.397089918068e-11 9.973076668154e-11 1.055767218251e-10 1.135817854628e-10 
2.077989496728e-11 4.680659098991e-11 6.527972179265e-11 8.033903419547e-11 2.631338780040e-09 1.032180355426e-10 1.120461055012e-10 1.201111456716e-10 1.282850168357e-10 1.394808340505e-10 
2.163333006258e-11 4.956340658265e-11 7.014400631407e-11 8.770349398660e-11 1.032180355426e-10 2.655269204552e-09 1.286644387739e-10 1.394814869378e-10 1.503689046971e-10 1.652764552466e-10 
2.236467072955e-11 5.192592932699e-11 7.430564422298e-11 9.397089918068e-11 1.120461055012e-10 1.286644387739e-10 2.682411512542e-09 1.581501038149e-10 1.722959742678e-10 1.915218234471e-10 
2.303792221474e-11 5.410098771101e-11 7.813723318989e-11 9.973076668154e-11 1.201111456716e-10 1.394814869378e-10 1.581501038149e-10 2.715010520597e-09 1.950963477011e-10 2.195441294909e-10 
2.372115233034e-11 5.630830803832e-11 8.202593962863e-11 1.055767218251e-10 1.282850168357e-10 1.503689046971e-10 1.722959742678e-10 1.950963477011e-10 2.758707110297e-09 2.526097521697e-10 
2.465648892018e-11 5.933038707394e-11 8.735031482501e-11 1.135817854628e-10 1.394808340505e-10 1.652764552466e-10 1.915218234471e-10 2.195441294909e-10 2.526097521697e-10 2.843161850075e-09 
