2.545164302839e-09 1.127798926754e-11 1.309574618118e-11 1.419526184921e-11 1.498439637126e-11 1.561174811856e-11 1.614935104724e-11 1.664425338541e-11 1.714649097146e-11 1.783405410447e-11 
1.127798926754e-11 2.560919586214e-09 2.817256669147e-11 3.181141271332e-11 3.442411869511e-11 3.649739160109e-11 3.827414255178e-11 3.990992201405e-11 4.156996604666e-11 4.384277046207e-11 
1.309574618118e-11 2.817256669147e-11 2.575914210720e-09 4.386108441577e-11 4.856070004430e-11 5.227454943885e-11 5.545158974519e-11 5.837669492997e-11 6.134542194988e-11 6.541019113464e-11 
1.419526184921e-11 3.181141271332e-11 4.386108441577e-11 2.591559500838e-09 6.022243409285e-11 6.591361073119e-11 7.075525071663e-11 7.520439682647e-11 7.972007207442e-11 8.590359426075e-11 
1.498439637126e-11 3.442411869511e-11 4.856070004430e-11 6.022243409285e-11 2.608455459558e-09 7.806031151890e-11 8.494856852293e-11 9.123921531177e-11 9.761438384671e-11 1.063466843091e-10 
1.561174811856e-11 3.649739160109e-11 5.227454943885e-11 6.591361073119e-11 7.806031151890e-11 2.627205420653e-09 9.806629612767e-11 1.065711108471e-10 1.151288635221e-10 1.268466738415e-10 
1.614935104724e-11 3.827414255178e-11 5.545158974519e-11 7.075525071663e-11 8.494856852293e-11 9.806629612767e-11 2.648625485692e-09 1.214002740878e-10 1.325918923480e-10 1.478002101033e-10 
1.664425338541e-11 3.990992201405e-11 5.837669492997e-11 7.520439682647e-11 9.123921531177e-11 1.065711108471e-10 1.214002740878e-10 2.674507170644e-09 1.508020290929e-10 1.702468532617e-10 
1.714649097146e-11 4.156996604666e-11 6.134542194988e-11 7.972007207442e-11 9.761438384671e-11 1.151288635221e-10 1.325918923480e-10 1.508020290929e-10 2.709370843288e-09 1.967766638486e-10 
1.783405410447e-11 4.384277046207e-11 6.541019113464e-11 8.590359426075e-11 1.063466843091e-10 1.268466738415e-10 1.478002101033e-10 1.702468532617e-10 1.967766638486e-10 2.777020809842e-09 
