2.541336953288e-09 4.921603527353e-12 5.754792071299e-12 6.259478890984e-12 6.621645566108e-12 6.909554167286e-12 7.156276660519e-12 7.383402966244e-12 7.613895681827e-12 7.929443507318e-12 
4.921603527353e-12 2.548567538913e-09 1.283065265826e-11 1.458203231122e-11 1.583912318197e-11 1.683625750149e-11 1.769078961890e-11 1.847753825729e-11 1.927595955062e-11 2.036910622549e-11 
5.754792071299e-12 1.283065265826e-11 2.555848476472e-09 2.056406989213e-11 2.290468180518e-11 2.475231204887e-11 2.633235719598e-11 2.778713870271e-11 2.926364248973e-11 3.128528715020e-11 
6.259478890984e-12 1.458203231122e-11 2.056406989213e-11 2.563726757410e-09 2.890743264604e-11 3.182421678015e-11 3.430278679554e-11 3.657971102815e-11 3.889073253424e-11 4.205540096995e-11 
6.621645566108e-12 1.583912318197e-11 2.290468180518e-11 2.890743264604e-11 2.572489436348e-09 3.826160674023e-11 4.188153239253e-11 4.518354453915e-11 4.852918859808e-11 5.311213900015e-11 
6.909554167286e-12 1.683625750149e-11 2.475231204887e-11 3.182421678015e-11 3.826160674023e-11 2.582456233928e-09 4.899688290915e-11 5.356156707844e-11 5.814933871604e-11 6.443126897517e-11 
7.156276660519e-12 1.769078961890e-11 2.633235719598e-11 3.430278679554e-11 4.188153239253e-11 4.899688290915e-11 2.594081672857e-09 6.176610899184e-11 6.788102224085e-11 7.618352509385e-11 
7.383402966244e-12 1.847753825729e-11 2.778713870271e-11 3.657971102815e-11 4.518354453915e-11 5.356156707844e-11 6.176610899184e-11 2.608394560376e-09 7.814363344371e-11 8.893434519825e-11 
7.613895681827e-12 1.927595955062e-11 2.926364248973e-11 3.889073253424e-11 4.852918859808e-11 5.814933871604e-11 6.788102224085e-11 7.814363344371e-11 2.628020003795e-09 1.041725608286e-10 
7.929443507318e-12 2.036910622549e-11 3.128528715020e-11 4.205540096995e-11 5.311213900015e-11 6.443126897517e-11 7.618352509385e-11 8.893434519825e-11 1.041725608286e-10 2.666784859668e-09 
