2.544512569772e-09 1.020145189107e-11 1.185549007856e-11 1.285616418245e-11 1.357434755847e-11 1.414529181387e-11 1.463455738792e-11 1.508496179907e-11 1.554204193466e-11 1.616778531570e-11 
1.020145189107e-11 2.558851247486e-09 2.561844485271e-11 2.895158057471e-11 3.134470298418e-11 3.324363516708e-11 3.487098449831e-11 3.636921989072e-11 3.788968003561e-11 3.997137938589e-11 
1.185549007856e-11 2.561844485271e-11 2.572602492876e-09 4.003465467739e-11 4.435869789298e-11 4.777534901953e-11 5.069805681788e-11 5.338900181445e-11 5.612008224760e-11 5.985947176846e-11 
1.285616418245e-11 2.895158057471e-11 4.003465467739e-11 2.587017688122e-09 5.513314340197e-11 6.038835672690e-11 6.485851237550e-11 6.896613962908e-11 7.313520526660e-11 7.884411427426e-11 
1.357434755847e-11 3.134470298418e-11 4.435869789298e-11 5.513314340197e-11 2.602641836893e-09 7.165073334715e-11 7.803040710572e-11 8.385595239266e-11 8.975967302871e-11 9.784625633883e-11 
1.414529181387e-11 3.324363516708e-11 4.777534901953e-11 6.038835672690e-11 7.165073334715e-11 2.620030743160e-09 9.022418874592e-11 9.812064050260e-11 1.060653151095e-10 1.169436200877e-10 
1.463455738792e-11 3.487098449831e-11 5.069805681788e-11 6.485851237550e-11 7.803040710572e-11 9.022418874592e-11 2.639942946988e-09 1.119369108269e-10 1.223489175971e-10 1.364968577989e-10 
1.508496179907e-11 3.636921989072e-11 5.338900181445e-11 6.896613962908e-11 8.385595239266e-11 9.812064050260e-11 1.119369108269e-10 2.664052309733e-09 1.393433814068e-10 1.574647496143e-10 
1.554204193466e-11 3.788968003561e-11 5.612008224760e-11 7.313520526660e-11 8.975967302871e-11 1.060653151095e-10 1.223489175971e-10 1.393433814068e-10 2.696583192751e-09 1.822803523324e-10 
1.616778531570e-11 3.997137938589e-11 5.985947176846e-11 7.884411427426e-11 9.784625633883e-11 1.169436200877e-10 1.364968577989e-10 1.574647496143e-10 1.822803523324e-10 2.759814467160e-09 
