2.542798260228e-09 7.361904395798e-12 8.579776266964e-12 9.317008434749e-12 9.846089781506e-12 1.026669582903e-11 1.062713157650e-11 1.095893903455e-11 1.129566443666e-11 1.175664414533e-11 
7.361904395798e-12 2.553361348283e-09 1.881570244002e-11 2.132096295354e-11 2.311948231245e-11 2.454637688900e-11 2.576920303642e-11 2.689501946751e-11 2.803753746790e-11 2.960179297599e-11 
8.579776266964e-12 1.881570244002e-11 2.563735109018e-09 2.975849189674e-11 3.305451799652e-11 3.565778495600e-11 3.788441156883e-11 3.993449255318e-11 4.201516489772e-11 4.486402964784e-11 
9.317008434749e-12 2.132096295354e-11 2.975849189674e-11 2.574771963834e-09 4.137740950037e-11 4.542947853571e-11 4.887476140299e-11 5.204027358942e-11 5.525315625550e-11 5.965275969812e-11 
9.846089781506e-12 2.311948231245e-11 3.305451799652e-11 4.137740950037e-11 2.586875747720e-09 5.422908873282e-11 5.919712738724e-11 6.373165425341e-11 6.832664749528e-11 7.462077146763e-11 
1.026669582903e-11 2.454637688900e-11 3.565778495600e-11 4.542947853571e-11 5.422908873282e-11 2.600477316028e-09 6.881112498901e-11 7.501095483702e-11 8.124605140227e-11 8.978360118994e-11 
1.062713157650e-11 2.576920303642e-11 3.788441156883e-11 4.887476140299e-11 5.919712738724e-11 6.881112498901e-11 2.616178256803e-09 8.598529191086e-11 9.421669535153e-11 1.053984071661e-10 
1.095893903455e-11 2.689501946751e-11 3.993449255318e-11 5.204027358942e-11 6.373165425341e-11 7.501095483702e-11 8.598529191086e-11 2.635323743414e-09 1.078109446496e-10 1.222238690180e-10 
1.129566443666e-11 2.803753746790e-11 4.201516489772e-11 5.525315625550e-11 6.832664749528e-11 8.124605140227e-11 9.421669535153e-11 1.078109446496e-10 2.661330270752e-09 1.422061525818e-10 
1.175664414533e-11 2.960179297599e-11 4.486402964784e-11 5.965275969812e-11 7.462077146763e-11 8.978360118994e-11 1.053984071661e-10 1.222238690180e-10 1.422061525818e-10 2.712197670783e-09 
