1.0141413823690304e-07 4.9134472469638437e-08 3.6313034673965514e-08 2.8650307951792944e-08 2.3148255614759664e-08 1.8776739191783337e-08 1.5039013880757737e-08 1.1616750951501253e-08 8.1890332331430265e-09 3.6399035704927695e-09 
4.9134472469638437e-08 2.7184294206082350e-08 1.8332640778709622e-08 1.4559524473162046e-08 1.1850808191144120e-08 9.6987058398334782e-09 7.8582795837447906e-09 6.1727055898423219e-09 4.4840526991358643e-09 2.2468625565266513e-09 
3.6313034673965514e-08 1.8332640778709622e-08 1.6235351945174865e-08 1.0926236535553825e-08 8.9373978040168770e-09 7.3572634260825810e-09 6.0058108110787867e-09 4.7678241771510607e-09 3.5273689993099036e-09 1.8860096443653897e-09 
2.8650307951792944e-08 1.4559524473162046e-08 1.0926236535553825e-08 1.1293260785178949e-08 7.1962150172663583e-09 5.9578908724060243e-09 4.8986423391496029e-09 3.9281426280988428e-09 2.9555464361715257e-09 1.6702749894323264e-09 
2.3148255614759664e-08 1.1850808191144120e-08 8.9373978040168770e-09 7.1962150172663583e-09 8.4852109698053936e-09 4.9539554291625138e-09 4.1045459653724364e-09 3.3261117856021596e-09 2.5458676625835534e-09 1.5163228407327389e-09 
1.8776739191783337e-08 9.6987058398334782e-09 7.3572634260825810e-09 5.9578908724060243e-09 4.9539554291625138e-09 6.6948391811038561e-09 3.4737600391809882e-09 2.8479071052683649e-09 2.2204389507132939e-09 1.3940555270098157e-09 
1.5039013880757737e-08 7.8582795837447906e-09 6.0058108110787867e-09 4.8986423391496029e-09 4.1045459653724364e-09 3.4737600391809882e-09 5.4723626737564642e-09 2.4386134971897750e-09 1.9416634679204808e-09 1.2888260540024757e-09 
1.1616750951501253e-08 6.1727055898423219e-09 4.7678241771510607e-09 3.9281426280988428e-09 3.3261117856021596e-09 2.8479071052683649e-09 2.4386134971897750e-09 4.6016918011190569e-09 1.6860394633830006e-09 1.1915822327428758e-09 
8.1890332331430265e-09 4.4840526991358643e-09 3.5273689993099036e-09 2.9555464361715257e-09 2.5458676625835534e-09 2.2204389507132939e-09 1.9416634679204808e-09 1.6860394633830006e-09 3.9685923009523940e-09 1.0943344889492497e-09 
3.6399035704927695e-09 2.2468625565266513e-09 1.8860096443653897e-09 1.6702749894323264e-09 1.5163228407327389e-09 1.3940555270098157e-09 1.2888260540024757e-09 1.1915822327428758e-09 1.0943344889492497e-09 3.5133451799587991e-09 
