3.6878736493446168e-08 1.6907924757523214e-08 1.2415329686473057e-08 9.7307127568408745e-09 7.8030041006807019e-09 6.2715665774677935e-09 4.9627434988683462e-09 3.7654013166066565e-09 2.5674526148602284e-09 9.7207372563181615e-10 
1.6907924757523214e-08 1.0962411917455620e-08 6.2370331221893074e-09 4.9302079733805415e-09 3.9920905831229349e-09 3.2468646594102221e-09 2.6098461837440597e-09 2.0269424994314953e-09 1.4437245132532276e-09 6.6883097234797506e-10 
1.2415329686473057e-08 6.2370331221893074e-09 7.1827388473516746e-09 3.6924574297060947e-09 3.0093047384399373e-09 2.4666421240845025e-09 2.0027196981384923e-09 1.5781342319960832e-09 1.1533086339852655e-09 5.8981809603976089e-10 
9.7307127568408745e-09 4.9302079733805415e-09 3.6924574297060947e-09 5.4913094597173212e-09 2.4220560616863947e-09 2.0004263215585948e-09 1.6399258423736740e-09 1.3099401331989172e-09 9.7976213698671643e-10 5.4259511163240123e-10 
7.8030041006807019e-09 3.9920905831229349e-09 3.0093047384399373e-09 2.4220560616863947e-09 4.5392457037848880e-09 1.6661055982601068e-09 1.3798833170442116e-09 1.1178285003859811e-09 8.5562531683144073e-10 5.0919036131228257e-10 
6.2715665774677935e-09 3.2468646594102221e-09 2.4666421240845025e-09 2.0004263215585948e-09 1.6661055982601068e-09 3.9390584903445740e-09 1.1734103371598413e-09 9.6531453713580856e-10 7.5709050030844166e-10 4.8273047528344087e-10 
4.9627434988683462e-09 2.6098461837440597e-09 2.0027196981384923e-09 1.6399258423736740e-09 1.3798833170442116e-09 1.1734103371598413e-09 3.5352371463267695e-09 8.3483662881062333e-10 6.7269779399569527e-10 4.5986823644108416e-10 
3.7654013166066565e-09 2.0269424994314953e-09 1.5781342319960832e-09 1.3099401331989172e-09 1.1178285003859811e-09 9.6531453713580856e-10 8.3483662881062333e-10 3.2537761293470789e-09 5.9544137456001466e-10 4.3868535514503077e-10 
2.5674526148602284e-09 1.4437245132532276e-09 1.1533086339852655e-09 9.7976213698671643e-10 8.5562531683144073e-10 7.5709050030844166e-10 6.7269779399569527e-10 5.9544137456001466e-10 3.0569159664218589e-09 4.1781899305321361e-10 
9.7207372563181615e-10 6.6883097234797506e-10 5.8981809603976089e-10 5.4259511163240123e-10 5.0919036131228257e-10 4.8273047528344087e-10 4.5986823644108416e-10 4.3868535514503077e-10 4.1781899305321361e-10 2.9327381847771381e-09 
