2.3245688149714399e-08 1.0143239040220971e-08 7.4209452454908414e-09 5.7943420689086121e-09 4.6263844663122098e-09 3.6986217761898012e-09 2.9059661693064754e-09 2.1812797314073754e-09 1.4569227293850509e-09 4.9056361246665679e-10 
1.0143239040220971e-08 7.5694808185343176e-09 3.7133012471813415e-09 2.9259479528505347e-09 2.3607745754092378e-09 1.9118680084999604e-09 1.5282623081924290e-09 1.1774719768445469e-09 8.2687078873615701e-10 3.6037836724345378e-10 
7.4209452454908414e-09 3.7133012471813415e-09 5.2959770590948988e-09 2.1863778934004547e-09 1.7764928229466660e-09 1.4509473824450981e-09 1.1727257272642657e-09 9.1826473649252736e-10 6.6395589992392015e-10 3.2624353766778014e-10 
5.7943420689086121e-09 2.9259479528505347e-09 2.1863778934004547e-09 4.2829553887318877e-09 1.4273914297841145e-09 1.1755472259484797e-09 9.6028370047928153e-10 7.6337639804481024e-10 5.6660153220904071e-10 3.0583389727096910e-10 
4.6263844663122098e-09 2.3607745754092378e-09 1.7764928229466660e-09 1.4273914297841145e-09 3.7154653650518383e-09 9.7810324379791802e-10 8.0805603254535706e-10 6.5247589381923423e-10 4.9702063685933931e-10 2.9151843478817249e-10 
3.6986217761898012e-09 1.9118680084999604e-09 1.4509473824450981e-09 1.1755472259484797e-09 9.7810324379791802e-10 3.3597989705465138e-09 6.8722098874166069e-10 5.6446389767964861e-10 4.4181552943961416e-10 2.8020974087919604e-10 
2.9059661693064754e-09 1.5282623081924290e-09 1.1727257272642657e-09 9.6028370047928153e-10 8.0805603254535706e-10 6.8722098874166069e-10 3.1223477008849498e-09 4.8919610091778039e-10 3.9454496879278111e-10 2.7039806934835270e-10 
2.1812797314073754e-09 1.1774719768445469e-09 9.1826473649252736e-10 7.6337639804481024e-10 6.5247589381923423e-10 5.6446389767964861e-10 4.8919610091778039e-10 2.9587758771316373e-09 3.5132714889550273e-10 2.6128239849662508e-10 
1.4569227293850509e-09 8.2687078873615701e-10 6.6395589992392015e-10 5.6660153220904071e-10 4.9702063685933931e-10 4.4181552943961416e-10 3.9454496879278111e-10 3.5132714889550273e-10 2.8468762674161832e-09 2.5246746830912078e-10 
4.9056361246665679e-10 3.6037836724345378e-10 3.2624353766778014e-10 3.0583389727096910e-10 2.9151843478817249e-10 2.8020974087919604e-10 2.7039806934835270e-10 2.6128239849662508e-10 2.5246746830912078e-10 2.7820413007250784e-09 
