2.585604215305e-09 7.360231469808e-11 8.339300925294e-11 8.929496797912e-11 9.353165788406e-11 9.689993146031e-11 9.978632410093e-11 1.024434707345e-10 1.051400298711e-10 1.088326437365e-10 
7.360231469808e-11 2.670109817707e-09 1.586884791234e-10 1.756442327444e-10 1.878196153095e-10 1.974858808721e-10 2.057695172443e-10 2.133957772957e-10 2.211352237240e-10 2.317337172288e-10 
8.339300925294e-11 1.586884791234e-10 2.738377127812e-09 2.277287813154e-10 2.480137342617e-10 2.640614295464e-10 2.777935177426e-10 2.904362853929e-10 3.032675343196e-10 3.208391588339e-10 
8.929496797912e-11 1.756442327444e-10 2.277287813154e-10 2.804521430671e-09 2.953714162164e-10 3.187323113363e-10 3.386238660076e-10 3.569057700821e-10 3.754607790050e-10 4.008728612856e-10 
9.353165788406e-11 1.878196153095e-10 2.480137342617e-10 2.953714162164e-10 2.872673517992e-09 3.662121358634e-10 3.935066714953e-10 4.184439969463e-10 4.437162303396e-10 4.783370063015e-10 
9.689993146031e-11 1.974858808721e-10 2.640614295464e-10 3.187323113363e-10 3.662121358634e-10 2.946014190608e-09 4.436711468865e-10 4.765838894683e-10 5.096907211277e-10 5.550242621488e-10 
9.978632410093e-11 2.057695172443e-10 2.777935177426e-10 3.386238660076e-10 3.935066714953e-10 4.436711468865e-10 3.028248265774e-09 5.327200163871e-10 5.753621463386e-10 6.332417315542e-10 
1.024434707345e-10 2.133957772957e-10 2.904362853929e-10 3.569057700821e-10 4.184439969463e-10 4.765838894683e-10 5.327200163871e-10 3.126735976908e-09 6.442885823598e-10 7.174676187632e-10 
1.051400298711e-10 2.211352237240e-10 3.032675343196e-10 3.754607790050e-10 4.437162303396e-10 5.096907211277e-10 5.753621463386e-10 6.442885823598e-10 3.259711706533e-09 8.188397105111e-10 
1.088326437365e-10 2.317337172288e-10 3.208391588339e-10 4.008728612856e-10 4.783370063015e-10 5.550242621488e-10 6.332417315542e-10 7.174676187632e-10 8.188397105111e-10 3.522307867357e-09 
