6.3431560492653479e-07 3.1488592291805800e-07 2.3319304034110880e-07 1.8436706837357314e-07 1.4931312745351604e-07 1.2146424519103483e-07 9.7649630102000527e-08 7.5839799770283459e-08 5.4022041166849518e-08 2.5213389850683210e-08 
3.1488592291805800e-07 1.6053886937371071e-07 1.1755174097684968e-07 9.3375685084149955e-08 7.6020502672297643e-08 6.2232220505322931e-08 5.0439369080087032e-08 3.9636318098432660e-08 2.8825135904005027e-08 1.4571123965638324e-08 
2.3319304034110880e-07 1.1755174097684968e-07 9.0273207362998829e-08 6.9912714565003276e-08 5.7119515850419940e-08 4.6955437146846406e-08 3.8261347953941001e-08 3.0295463657722963e-08 2.2321385580807824e-08 1.1818986931017644e-08 
1.8436706837357314e-07 9.3375685084149955e-08 6.9912714565003276e-08 5.8426980797744330e-08 4.5821998362209093e-08 3.7823850378883363e-08 3.0981626415828841e-08 2.4711341248993734e-08 1.8432860152113812e-08 1.0172598367485713e-08 
1.4931312745351604e-07 7.6020502672297643e-08 5.7119515850419940e-08 4.5821998362209093e-08 4.0252147937551142e-08 3.1271032613440960e-08 2.5758412692497090e-08 2.0705405631230713e-08 1.5644299175006205e-08 8.9938880790461056e-09 
1.2146424519103483e-07 6.2232220505322931e-08 4.6955437146846406e-08 3.7823850378883363e-08 3.1271032613440960e-08 2.8603075235435986e-08 2.1608704489406588e-08 1.7522623308095152e-08 1.3428328987805942e-08 8.0566929225305804e-09 
9.7649630102000527e-08 5.0439369080087032e-08 3.8261347953941001e-08 3.0981626415828841e-08 2.5758412692497090e-08 2.1608704489406588e-08 2.0595489440564117e-08 1.4798471754275114e-08 1.1530314149530004e-08 7.2512481168731324e-09 
7.5839799770283459e-08 3.9636318098432660e-08 3.0295463657722963e-08 2.4711341248993734e-08 2.0705405631230713e-08 1.7522623308095152e-08 1.4798471754275114e-08 1.4838088305855562e-08 9.7896926971787781e-09 6.5080670280292542e-09 
5.4022041166849518e-08 2.8825135904005027e-08 2.2321385580807824e-08 1.8432860152113812e-08 1.5644299175006205e-08 1.3428328987805942e-08 1.1530314149530004e-08 9.7896926971787781e-09 1.0584626525566404e-08 5.7623402703222666e-09 
2.5213389850683210e-08 1.4571123965638324e-08 1.1818986931017644e-08 1.0172598367485713e-08 8.9938880790461056e-09 8.0566929225305804e-09 7.2512481168731324e-09 6.5080670280292542e-09 5.7623402703222666e-09 7.3713717998378078e-09 
