1.5734134181620754e-07 7.7107426699992409e-08 5.7079180678315547e-08 4.5108847257015708e-08 3.6514033021841769e-08 2.9685110073162493e-08 2.3845680254813786e-08 1.8498288544861974e-08 1.3141652702207447e-08 6.0407508119005715e-09 
7.7107426699992409e-08 4.1268025700288857e-08 2.8835290057823207e-08 2.2921653475973453e-08 1.8676226963372149e-08 1.5303082905577778e-08 1.2418174396412503e-08 9.7755733855428589e-09 7.1276508592628766e-09 3.6231011887386304e-09 
5.7079180678315547e-08 2.8835290057823207e-08 2.4091587668474735e-08 1.7200597982748672e-08 1.4076158823443131e-08 1.1593684172083124e-08 9.4702790125962594e-09 7.5248240221200368e-09 5.5750559401182894e-09 2.9974298879657360e-09 
4.5108847257015708e-08 2.2921653475973453e-08 1.7200597982748672e-08 1.6319670094007092e-08 1.1326781375098495e-08 9.3765959673591888e-09 7.7082748214440239e-09 6.1794631750382871e-09 4.6469512243456893e-09 2.6233034788437484e-09 
3.6514033021841769e-08 1.8676226963372149e-08 1.4076158823443131e-08 1.1326781375098495e-08 1.1892120211873887e-08 7.7858027387994304e-09 6.4442714073046899e-09 5.2146124787394528e-09 3.9817200464390973e-09 2.3558909523287026e-09 
2.9685110073162493e-08 1.5303082905577778e-08 1.1593684172083124e-08 9.3765959673591888e-09 7.7858027387994304e-09 9.0603529292616479e-09 5.4401095961619378e-09 4.4481091101986427e-09 3.4531977472586909e-09 2.1434178784726214e-09 
2.3845680254813786e-08 1.2418174396412503e-08 9.4702790125962594e-09 7.7082748214440239e-09 6.4442714073046899e-09 5.4401095961619378e-09 7.1190915154174821e-09 3.7920100669229110e-09 3.0004382095661728e-09 1.9606724627058912e-09 
1.8498288544861974e-08 9.7755733855428589e-09 7.5248240221200368e-09 6.1794631750382871e-09 5.2146124787394528e-09 4.4481091101986427e-09 3.7920100669229110e-09 5.7285942480951768e-09 2.5851513779432488e-09 1.7918654833433375e-09 
1.3141652702207447e-08 7.1276508592628766e-09 5.5750559401182894e-09 4.6469512243456893e-09 3.9817200464390973e-09 3.4531977472586909e-09 3.0004382095661728e-09 2.5851513779432488e-09 4.7075051134448507e-09 1.6226948108911569e-09 
6.0407508119005715e-09 3.6231011887386304e-09 2.9974298879657360e-09 2.6233034788437484e-09 2.3558909523287026e-09 2.1434178784726214e-09 1.9606724627058912e-09 1.7918654833433375e-09 1.6226948108911569e-09 3.9509335212745134e-09 
