2.561332947942e-09 3.693790090278e-11 4.228668208382e-11 4.551447811870e-11 4.783145357169e-11 4.967349045648e-11 5.125200095671e-11 5.270514209252e-11 5.417983718102e-11 5.619926530999e-11 
3.693790090278e-11 2.607578507875e-09 8.462328512919e-11 9.438707234150e-11 1.013985959494e-10 1.069647683653e-10 1.117348086875e-10 1.161263233389e-10 1.205830164423e-10 1.266860880402e-10 
4.228668208382e-11 8.462328512919e-11 2.647196263518e-09 1.250988332461e-10 1.370485245429e-10 1.465011890324e-10 1.545898767621e-10 1.620369936459e-10 1.695951328984e-10 1.799455752173e-10 
4.551447811870e-11 9.438707234150e-11 1.250988332461e-10 2.686369621119e-09 1.653720532150e-10 1.792980221350e-10 1.911565594733e-10 2.020561401845e-10 2.131185831583e-10 2.282691603336e-10 
4.783145357169e-11 1.013985959494e-10 1.370485245429e-10 1.653720532150e-10 2.727128091519e-09 2.078490768760e-10 2.242179465091e-10 2.391776994554e-10 2.543401163161e-10 2.751109554519e-10 
4.967349045648e-11 1.069647683653e-10 1.465011890324e-10 1.792980221350e-10 2.078490768760e-10 2.771160014706e-09 2.543795302882e-10 2.741525904299e-10 2.940575887605e-10 3.213152853391e-10 
5.125200095671e-11 1.117348086875e-10 1.545898767621e-10 1.911565594733e-10 2.242179465091e-10 2.543795302882e-10 2.820493342986e-09 3.077427919652e-10 3.333419150396e-10 3.681291346739e-10 
5.270514209252e-11 1.161263233389e-10 1.620369936459e-10 2.020561401845e-10 2.391776994554e-10 2.741525904299e-10 3.077427919652e-10 2.879289229853e-09 3.741987529849e-10 4.180859470638e-10 
5.417983718102e-11 1.205830164423e-10 1.695951328984e-10 2.131185831583e-10 2.543401163161e-10 2.940575887605e-10 3.333419150396e-10 3.741987529849e-10 2.957819468934e-09 4.772455020731e-10 
5.619926530999e-11 1.266860880402e-10 1.799455752173e-10 2.282691603336e-10 2.751109554519e-10 3.213152853391e-10 3.681291346739e-10 4.180859470638e-10 4.772455020731e-10 3.109885362483e-09 
