2.549954417534e-09 1.903544646569e-11 2.197853665886e-11 2.375690133044e-11 2.503335574187e-11 2.604814299856e-11 2.691775621602e-11 2.771830326667e-11 2.853072459976e-11 2.964324759143e-11 
1.903544646569e-11 2.575438038789e-09 4.592831494168e-11 5.159822264923e-11 5.566970616904e-11 5.890126585376e-11 6.167064161595e-11 6.422027997245e-11 6.680776273839e-11 7.035111551472e-11 
2.197853665886e-11 4.592831494168e-11 2.598648292552e-09 6.995588770047e-11 7.710448317047e-11 8.275667987765e-11 8.759271818780e-11 9.204524011301e-11 9.656417039534e-11 1.027526071331e-10 
2.375690133044e-11 5.159822264923e-11 6.995588770047e-11 2.622276415192e-09 9.446577439689e-11 1.029659083419e-10 1.102011984403e-10 1.168508631985e-10 1.235999634372e-10 1.328432489209e-10 
2.503335574187e-11 5.566970616904e-11 7.710448317047e-11 9.446577439689e-11 2.647333845519e-09 1.207489951991e-10 1.308867394051e-10 1.401494615910e-10 1.495375633799e-10 1.623983451030e-10 
2.604814299856e-11 5.890126585376e-11 8.275667987765e-11 1.029659083419e-10 1.207489951991e-10 2.674757071398e-09 1.498569661857e-10 1.622288057395e-10 1.746830021448e-10 1.917379289914e-10 
2.691775621602e-11 6.167064161595e-11 8.759271818780e-11 1.102011984403e-10 1.308867394051e-10 1.498569661857e-10 2.705744230781e-09 1.834751048240e-10 1.996062509732e-10 2.215321874526e-10 
2.771830326667e-11 6.422027997245e-11 9.204524011301e-11 1.168508631985e-10 1.401494615910e-10 1.622288057395e-10 1.834751048240e-10 2.742863950646e-09 2.254975255118e-10 2.532971917703e-10 
2.853072459976e-11 6.680776273839e-11 9.656417039534e-11 1.235999634372e-10 1.495375633799e-10 1.746830021448e-10 1.996062509732e-10 2.254975255118e-10 2.792499649983e-09 2.907705314221e-10 
2.964324759143e-11 7.035111551472e-11 1.027526071331e-10 1.328432489209e-10 1.623983451030e-10 1.917379289914e-10 2.215321874526e-10 2.532971917703e-10 2.907705314221e-10 2.888365507088e-09 
