1.8604408781391067e-08 7.8516572886744264e-09 5.7349160041058394e-09 4.4701835855805945e-09 3.5620853876716921e-09 2.8407847315242415e-09 2.2246221668066246e-09 1.6614900524697823e-09 1.0989554228333330e-09 3.4798214808463370e-10 
7.8516572886744264e-09 6.4241879927376575e-09 2.8634811731130274e-09 2.2526971495428233e-09 1.8142822158279494e-09 1.4660808356141089e-09 1.1685786525295558e-09 8.9662344815741415e-10 6.2499470016381307e-10 2.6339686813579066e-10 
5.7349160041058394e-09 2.8634811731130274e-09 4.6617287181344909e-09 1.6809512289850314e-09 1.3635315114022112e-09 1.1114434297028931e-09 8.9603557797548837e-10 6.9909593071668444e-10 5.0241219322066314e-10 2.4112553331211877e-10 
4.4701835855805945e-09 2.2526971495428233e-09 1.6809512289850314e-09 3.8778129075832601e-09 1.0942182223570020e-09 8.9954966494321727e-10 7.3318386161567934e-10 5.8106152843646067e-10 4.2915487595562632e-10 2.2780038722008004e-10 
3.5620853876716921e-09 1.8142822158279494e-09 1.3635315114022112e-09 1.0942182223570020e-09 3.4395338217715418e-09 7.4764753270509438e-10 6.1650269396759443e-10 4.9656088759236636e-10 3.7681126974073036e-10 2.1850200819036426e-10 
2.8407847315242415e-09 1.4660808356141089e-09 1.1114434297028931e-09 8.9954966494321727e-10 7.4764753270509438e-10 3.1655176801201973e-09 5.2389517292684926e-10 4.2951016116121945e-10 3.3529028449444542e-10 2.1116890191266224e-10 
2.2246221668066246e-09 1.1685786525295558e-09 8.9603557797548837e-10 7.3318386161567934e-10 6.1650269396759443e-10 5.2389517292684926e-10 2.9831780686586306e-09 3.7218000735721775e-10 2.9974231144174127e-10 2.0478874535405966e-10 
1.6614900524697823e-09 8.9662344815741415e-10 6.9909593071668444e-10 5.8106152843646067e-10 4.9656088759236636e-10 4.2951016116121945e-10 3.7218000735721775e-10 2.8582041190656160e-09 2.6726510217289944e-10 1.9885042358683732e-10 
1.0989554228333330e-09 6.2499470016381307e-10 5.0241219322066314e-10 4.2915487595562632e-10 3.7681126974073036e-10 3.3529028449444542e-10 2.9974231144174127e-10 2.6726510217289944e-10 2.7735448532143025e-09 1.9318605071884287e-10 
3.4798214808463370e-10 2.6339686813579066e-10 2.4112553331211877e-10 2.2780038722008004e-10 2.1850200819036426e-10 2.1116890191266224e-10 2.0478874535405966e-10 1.9885042358683732e-10 1.9318605071884287e-10 2.7264400881211313e-09 
