1.289979538364e-07 4.258726252812e-08 8.128039371245e-09 1.033205939335e-09 9.277077547831e-11 5.452368871571e-12 1.800166766636e-13 2.509212877415e-15 8.091049268848e-18 9.458206927483e-22 
4.258726252812e-08 1.282518598818e-07 5.670412055263e-08 1.688550411375e-08 3.140491457893e-09 3.683514732111e-10 2.452973260763e-11 7.211701483574e-13 5.287895698594e-15 1.638778479969e-18 
8.128039371245e-09 5.670412055263e-08 1.103177804750e-07 5.284671916713e-08 1.902195149353e-08 4.042430340632e-09 4.768867868383e-10 2.546498475651e-11 3.643349954316e-13 2.633550134886e-16 
1.033205939335e-09 1.688550411375e-08 5.284671916713e-08 9.651022585247e-08 4.630064194483e-08 1.764625852850e-08 3.637649633749e-09 3.407459547156e-10 9.006545428386e-12 1.440311441166e-14 
9.277077547831e-11 3.140491457893e-09 1.902195149353e-08 4.630064194483e-08 8.575701527558e-08 3.941546233032e-08 1.446526248283e-08 2.419783390438e-09 1.190195411405e-10 4.196195769860e-13 
5.452368871571e-12 3.683514732111e-10 4.042430340632e-09 1.764625852850e-08 3.941546233032e-08 7.702103789158e-08 3.272671864381e-08 1.020074658448e-08 9.842381314152e-10 8.045087527259e-12 
1.800166766636e-13 2.452973260763e-11 4.768867868383e-10 3.637649633749e-09 1.446526248283e-08 3.272671864381e-08 6.960909078564e-08 2.558814020842e-08 5.296679597213e-09 1.120212749679e-10 
2.509212877415e-15 7.211701483574e-13 2.546498475651e-11 3.407459547156e-10 2.419783390438e-09 1.020074658448e-08 2.558814020842e-08 6.250182962239e-08 1.747990364138e-08 1.152847441086e-09 
8.091049268848e-18 5.287895698594e-15 3.643349954316e-13 9.006545428386e-12 1.190195411405e-10 9.842381314152e-10 5.296679597213e-09 1.747990364138e-08 5.567043462345e-08 8.012330972635e-09 
9.458206927483e-22 1.638778479969e-18 2.633550134886e-16 1.440311441166e-14 4.196195769860e-13 8.045087527259e-12 1.120212749679e-10 1.152847441086e-09 8.012330972635e-09 4.433567863043e-08 
