1.880152612957e-07 6.351609178593e-08 1.185190129617e-08 1.487377834051e-09 1.327056065492e-10 7.781053766226e-12 2.568568669764e-13 3.608892169276e-15 1.171928218292e-17 1.409777915474e-21 
6.351609178593e-08 1.745738649107e-07 8.187081742851e-08 2.418969284607e-08 4.485437843110e-09 5.253055744082e-10 3.511821919951e-11 1.040525876070e-12 7.687038444892e-15 2.454321919700e-18 
1.185190129617e-08 8.187081742851e-08 1.459271584462e-07 7.552206230153e-08 2.713730475342e-08 5.771321263786e-09 6.852458383451e-10 3.681214454515e-11 5.324022239330e-13 3.957270557734e-16 
1.487377834051e-09 2.418969284607e-08 7.552206230153e-08 1.256723701241e-07 6.604579543049e-08 2.527576508549e-08 5.244031733816e-09 4.936965510908e-10 1.324623961092e-11 2.169191714786e-14 
1.327056065492e-10 4.485437843110e-09 2.713730475342e-08 6.604579543049e-08 1.105571821213e-07 5.671846357400e-08 2.090709223985e-08 3.520031918110e-09 1.763203449923e-10 6.330375884625e-13 
7.781053766226e-12 5.253055744082e-10 5.771321263786e-09 2.527576508549e-08 5.671846357400e-08 9.871313253359e-08 4.745258946264e-08 1.494888136945e-08 1.469134050622e-09 1.215877514380e-11 
2.568568669764e-13 3.511821919951e-11 6.852458383451e-10 5.244031733816e-09 2.090709223985e-08 4.745258946264e-08 8.870119819812e-08 3.791877702029e-08 7.958343431614e-09 1.698489131676e-10 
3.608892169276e-15 1.040525876070e-12 3.681214454515e-11 4.936965510908e-10 3.520031918110e-09 1.494888136945e-08 3.791877702029e-08 7.961195268969e-08 2.638589071336e-08 1.761366873148e-09 
1.171928218292e-17 7.687038444892e-15 5.324022239330e-13 1.324623961092e-11 1.763203449923e-10 1.469134050622e-09 7.958343431614e-09 2.638589071336e-08 7.000079845282e-08 1.245447391682e-08 
1.409777915474e-21 2.454321919700e-18 3.957270557734e-16 2.169191714786e-14 6.330375884625e-13 1.215877514380e-11 1.698489131676e-10 1.761366873148e-09 1.245447391682e-08 5.391256397262e-08 
