1.238857105722e-07 4.070955503193e-08 7.791975203278e-09 9.921816248288e-10 8.922205774828e-11 5.245929501634e-12 1.732561353961e-13 2.417275916193e-15 7.774905453349e-18 9.100521766783e-22 
4.070955503193e-08 1.240724699484e-07 5.443196146196e-08 1.623103884299e-08 3.021655472975e-09 3.544022827926e-10 2.362642063350e-11 6.941250990680e-13 5.081971743685e-15 1.575217016369e-18 
7.791975203278e-09 5.443196146196e-08 1.071178970862e-07 5.084201878170e-08 1.830132146176e-08 3.891113146311e-09 4.593860102751e-10 2.448630746101e-11 3.503634949320e-13 2.527785340209e-16 
9.921816248288e-10 1.623103884299e-08 5.084201878170e-08 9.392410393040e-08 4.455403557331e-08 1.699684951675e-08 3.502155548855e-09 3.274750993934e-10 8.666367321824e-12 1.380264976718e-14 
8.922205774828e-11 3.021655472975e-09 1.830132146176e-08 4.455403557331e-08 8.363211717172e-08 3.796478687996e-08 1.391095287721e-08 2.325819648034e-09 1.145454150687e-10 4.015510017835e-13 
5.245929501634e-12 3.544022827926e-10 3.891113146311e-09 1.699684951675e-08 3.796478687996e-08 7.516519163913e-08 3.144986873679e-08 9.812271126797e-09 9.465626615812e-10 7.691494140371e-12 
1.732561353961e-13 2.362642063350e-11 4.593860102751e-10 3.502155548855e-09 1.391095287721e-08 3.144986873679e-08 6.802068644739e-08 2.462620264930e-08 5.082896336749e-09 1.070929131791e-10 
2.417275916193e-15 6.941250990680e-13 2.448630746101e-11 3.274750993934e-10 2.325819648034e-09 9.812271126797e-09 2.462620264930e-08 6.115132850387e-08 1.672495046374e-08 1.103495766363e-09 
7.774905453349e-18 5.081971743685e-15 3.503634949320e-13 8.666367321824e-12 1.145454150687e-10 9.465626615812e-10 5.082896336749e-09 1.672495046374e-08 5.447948355496e-08 7.679632101683e-09 
9.100521766783e-22 1.575217016369e-18 2.527785340209e-16 1.380264976718e-14 4.015510017835e-13 7.691494140371e-12 1.070929131791e-10 1.103495766363e-09 7.679632101683e-09 4.357177899261e-08 
