3.710200660423e-07 1.261394727101e-07 2.333877223297e-08 2.940061331686e-09 2.650395588468e-10 1.582795886261e-11 5.358821635663e-13 7.758174084120e-15 2.631600808704e-17 3.346466526066e-21 
1.261394727101e-07 3.165365185069e-07 1.615690872147e-07 4.811663291769e-08 9.053874231457e-09 1.083740195521e-09 7.431927067536e-11 2.271784896178e-12 1.750327659911e-14 5.883668595430e-18 
2.333877223297e-08 1.615690872147e-07 2.619995838541e-07 1.517089993652e-07 5.548552187372e-08 1.206440640127e-08 1.468919905127e-09 8.152296924419e-11 1.226052075555e-12 9.585023454905e-16 
2.940061331686e-09 4.811663291769e-08 1.517089993652e-07 2.268818035296e-07 1.371481713226e-07 5.358833040936e-08 1.140122432331e-08 1.108750931812e-09 3.081969012009e-11 5.313772857957e-14 
2.650395588468e-10 9.053874231457e-09 5.548552187372e-08 1.371481713226e-07 2.021867432715e-07 1.222486594892e-07 4.622567545941e-08 8.020690380560e-09 4.146759170739e-10 1.570273626557e-12 
1.582795886261e-11 1.083740195521e-09 1.206440640127e-08 5.358833040936e-08 1.222486594892e-07 1.833218493635e-07 1.069838634426e-07 3.458308160605e-08 3.500668714409e-09 3.058915509797e-11 
5.358821635663e-13 7.431927067536e-11 1.468919905127e-09 1.140122432331e-08 4.622567545941e-08 1.069838634426e-07 1.674401662315e-07 8.921061159605e-08 1.931130546578e-08 4.343451117362e-10 
7.758174084120e-15 2.271784896178e-12 8.152296924419e-11 1.108750931812e-09 8.020690380560e-09 3.458308160605e-08 8.921061159605e-08 1.519246314072e-07 6.575532281217e-08 4.591723767883e-09 
2.631600808704e-17 1.750327659911e-14 1.226052075555e-12 3.081969012009e-11 4.146759170739e-10 3.500668714409e-09 1.931130546578e-08 6.575532281217e-08 1.360446952008e-07 3.322958573998e-08 
3.346466526066e-21 5.883668595430e-18 9.585023454905e-16 5.313772857957e-14 1.570273626557e-12 3.058915509797e-11 4.343451117362e-10 4.591723767883e-09 3.322958573998e-08 9.945392861767e-08 
