1.282503601775e-06 5.123312668919e-07 1.031502973019e-07 1.397955330479e-08 1.319922592826e-09 8.204715194782e-11 2.944242442609e-12 4.546517540318e-14 1.598972314998e-16 2.001405410783e-20 
5.123312668919e-07 1.283206856165e-06 7.547084894316e-07 2.365167388413e-07 4.618662147340e-08 5.798734145421e-09 4.223061335163e-10 1.357895577449e-11 1.064158255476e-13 3.502637739976e-17 
1.031502973019e-07 7.547084894316e-07 1.170542654381e-06 7.659906319682e-07 2.909305828224e-07 6.660662423756e-08 8.559407366523e-09 4.924429176159e-10 7.435679002090e-12 5.682205395815e-15 
1.397955330479e-08 2.365167388413e-07 7.659906319682e-07 1.062980689833e-06 7.451406805442e-07 3.056354863507e-07 6.779205154977e-08 6.731941500643e-09 1.861571300862e-10 3.137953659084e-13 
1.319922592826e-09 4.618662147340e-08 2.909305828224e-07 7.451406805442e-07 1.012876680758e-06 7.187698245185e-07 2.789377971164e-07 4.873528340762e-08 2.491747094623e-09 9.241440072063e-12 
8.204715194782e-11 5.798734145421e-09 6.660662423756e-08 3.056354863507e-07 7.187698245185e-07 9.612171864414e-07 6.500874800603e-07 2.093645265698e-07 2.090156547640e-08 1.795585695863e-10 
2.944242442609e-12 4.223061335163e-10 8.559407366523e-09 6.779205154977e-08 2.789377971164e-07 6.500874800603e-07 8.726198125995e-07 5.359428912839e-07 1.144388254542e-07 2.547602152233e-09 
4.546517540318e-14 1.357895577449e-11 4.924429176159e-10 6.731941500643e-09 4.873528340762e-08 2.093645265698e-07 5.359428912839e-07 7.636536899073e-07 3.867542431357e-07 2.703897899830e-08 
1.598972314998e-16 1.064158255476e-13 7.435679002090e-12 1.861571300862e-10 2.491747094623e-09 2.090156547640e-08 1.144388254542e-07 3.867542431357e-07 6.619763964759e-07 1.986506058709e-07 
2.001405410783e-20 3.502637739976e-17 5.682205395815e-15 3.137953659084e-13 9.241440072063e-12 1.795585695863e-10 2.547602152233e-09 2.703897899830e-08 1.986506058709e-07 4.637449527242e-07 
