6.858401510918e-08 1.893572355930e-08 3.813368772213e-09 5.039271846647e-10 4.654766326885e-11 2.798003870401e-12 9.375420460783e-14 1.324008817016e-15 4.290295106380e-18 4.987686958312e-22 
1.893572355930e-08 7.473517995611e-08 2.739757247641e-08 8.398309441073e-09 1.598911075149e-09 1.907550125938e-10 1.285852871754e-11 3.820766693983e-13 2.799136562845e-15 8.630476470994e-19 
3.813368772213e-09 2.739757247641e-08 6.888901479155e-08 2.674764922383e-08 9.796189940780e-09 2.107194392318e-09 2.513123190103e-10 1.350743159132e-11 1.925735929061e-13 1.383610571216e-16 
5.039271846647e-10 8.398309441073e-09 2.674764922383e-08 6.330578274462e-08 2.405948599510e-08 9.257218384927e-09 1.925112716815e-09 1.806462252310e-10 4.755821690640e-12 7.538758202737e-15 
4.654766326885e-11 1.598911075149e-09 9.796189940780e-09 2.405948599510e-08 5.834982652858e-08 2.081168733757e-08 7.672223158084e-09 1.280802021216e-09 6.279991117232e-11 2.184827902340e-13 
2.798003870401e-12 1.907550125938e-10 2.107194392318e-09 9.257218384927e-09 2.081168733757e-08 5.409014231225e-08 1.734428218813e-08 5.389408273217e-09 5.186441594286e-10 4.159635775566e-12 
9.375420460783e-14 1.285852871754e-11 2.513123190103e-10 1.925112716815e-09 7.672223158084e-09 1.734428218813e-08 5.009216743396e-08 1.350167617648e-08 2.780022288887e-09 5.738586809419e-11 
1.324008817016e-15 3.820766693983e-13 1.350743159132e-11 1.806462252310e-10 1.280802021216e-09 5.389408273217e-09 1.350167617648e-08 4.624610033342e-08 9.078663767695e-09 5.834473401182e-10 
4.290295106380e-18 2.799136562845e-15 1.925735929061e-13 4.755821690640e-12 6.279991117232e-11 5.186441594286e-10 2.780022288887e-09 9.078663767695e-09 4.219591225520e-08 3.994353286853e-09 
4.987686958312e-22 8.630476470994e-19 1.383610571216e-16 7.538758202737e-15 2.184827902340e-13 4.159635775566e-12 5.738586809419e-11 5.834473401182e-10 3.994353286853e-09 3.597145179585e-08 
