5.676889750862e-07 1.983811609182e-07 3.757598944288e-08 4.869313890635e-09 4.516128922347e-10 2.768591778455e-11 9.599685242646e-13 1.421221662034e-14 4.975282241907e-17 6.462614175309e-21 
1.983811609182e-07 4.902130969801e-07 2.654738102642e-07 8.123677756090e-08 1.568375834256e-08 1.922516280855e-09 1.345923644470e-10 4.209719133410e-12 3.337454765559e-14 1.137285957307e-17 
3.757598944288e-08 2.654738102642e-07 4.213581719268e-07 2.610120669045e-07 9.757102157190e-08 2.164362466975e-08 2.685473674935e-09 1.526433052149e-10 2.350739470985e-12 1.854876940405e-15 
4.869313890635e-09 8.123677756090e-08 2.610120669045e-07 3.764650497562e-07 2.447077927759e-07 9.718180498666e-08 2.106170367494e-08 2.096051052499e-09 5.930306720326e-11 1.030218480137e-13 
4.516128922347e-10 1.568375834256e-08 9.757102157190e-08 2.447077927759e-07 3.428929123202e-07 2.243881689166e-07 8.645149030325e-08 1.529584694185e-08 7.997771397818e-10 3.053700498648e-12 
2.768591778455e-11 1.922516280855e-09 2.164362466975e-08 9.718180498666e-08 2.243881689166e-07 3.172592802983e-07 2.027620828632e-07 6.641486080792e-08 6.763016292909e-09 5.978555106896e-11 
9.599685242646e-13 1.345923644470e-10 2.685473674935e-09 2.106170367494e-08 8.645149030325e-08 2.027620828632e-07 2.950667124856e-07 1.720633725900e-07 3.739204279076e-08 8.561597059031e-10 
1.421221662034e-14 4.209719133410e-12 1.526433052149e-10 2.096051052499e-09 1.529584694185e-08 6.641486080792e-08 1.720633725900e-07 2.674697663449e-07 1.281343346096e-07 9.186692551487e-09 
4.975282241907e-17 3.337454765559e-14 2.350739470985e-12 5.930306720326e-11 7.997771397818e-10 6.763016292909e-09 3.739204279076e-08 1.281343346096e-07 2.423192542525e-07 6.797986421885e-08 
6.462614175309e-21 1.137285957307e-17 1.854876940405e-15 1.030218480137e-13 3.053700498648e-12 5.978555106896e-11 8.561597059031e-10 9.186692551487e-09 6.797986421885e-08 1.737315154838e-07 
