9.357566012893e-08 2.915050155017e-08 5.705544220790e-09 7.376098507695e-10 6.705129933333e-11 3.973273185388e-12 1.317927480220e-13 1.846333394303e-15 5.927675551304e-18 6.904844518273e-22 
2.915050155017e-08 9.815282818549e-08 4.032109817737e-08 1.215674092627e-08 2.282693109475e-09 2.691331286210e-10 1.801119746287e-11 5.303839185641e-13 3.868376615611e-15 1.193563068952e-18 
5.705544220790e-09 4.032109817737e-08 8.722265028130e-08 3.832996160262e-08 1.387585937910e-08 2.960825043606e-09 3.507423426306e-10 1.869439351823e-11 2.664196576367e-13 1.911569856555e-16 
7.376098507695e-10 1.215674092627e-08 3.832996160262e-08 7.800087946499e-08 3.386849313887e-08 1.296011604322e-08 2.675756399643e-09 2.496642854282e-10 6.585360391131e-12 1.040951098343e-14 
6.705129933333e-11 2.282693109475e-09 1.387585937910e-08 3.386849313887e-08 7.044716607292e-08 2.899920997807e-08 1.062181582704e-08 1.770387171390e-09 8.697512836164e-11 3.017765170731e-13 
3.973273185388e-12 2.691331286210e-10 2.960825043606e-09 1.296011604322e-08 2.899920997807e-08 6.407475349035e-08 2.396664025040e-08 7.459054181111e-09 7.177282071750e-10 5.755681256805e-12 
1.317927480220e-13 1.801119746287e-11 3.507423426306e-10 2.675756399643e-09 1.062181582704e-08 2.396664025040e-08 5.848366897408e-08 1.869866425694e-08 3.841458628768e-09 7.973882153829e-11 
1.846333394303e-15 5.303839185641e-13 1.869439351823e-11 2.496642854282e-10 1.770387171390e-09 7.459054181111e-09 1.869866425694e-08 5.314703551487e-08 1.255125893845e-08 8.170876732997e-10 
5.927675551304e-18 3.868376615611e-15 2.664196576367e-13 6.585360391131e-12 8.697512836164e-11 7.177282071750e-10 3.841458628768e-09 1.255125893845e-08 4.771931903673e-08 5.648785321984e-09 
6.904844518273e-22 1.193563068952e-18 1.911569856555e-16 1.040951098343e-14 3.017765170731e-13 5.755681256805e-12 7.973882153829e-11 8.170876732997e-10 5.648785321984e-09 3.930846965343e-08 
