1.067279281034e-07 3.425747250859e-08 6.632351957332e-09 8.511159001852e-10 7.688748544192e-11 4.541206095727e-12 1.501663378811e-13 2.096535101433e-15 6.751518836925e-18 7.842186923673e-22 
3.425747250859e-08 1.096586532897e-07 4.660782210467e-08 1.396867255489e-08 2.611199614033e-09 3.071686402004e-10 2.047268214595e-11 6.029742873888e-13 4.402169908146e-15 1.358542432298e-18 
6.632351957332e-09 4.660782210467e-08 9.607873729335e-08 4.388249467142e-08 1.585160382708e-08 3.372380079041e-09 3.983608420154e-10 2.127934110952e-11 3.027251109168e-13 2.181755561666e-16 
8.511159001852e-10 1.396867255489e-08 4.388249467142e-08 8.510637537026e-08 3.862028001520e-08 1.472935476044e-08 3.040861982854e-09 2.842923996057e-10 7.473985274019e-12 1.191481892400e-14 
7.688748544192e-11 2.611199614033e-09 1.585160382708e-08 3.862028001520e-08 7.623394978262e-08 3.293698969531e-08 1.208872636956e-08 2.014252939889e-09 9.870156148002e-11 3.462866219648e-13 
4.541206095727e-12 3.071686402004e-10 3.372380079041e-09 1.472935476044e-08 3.293698969531e-08 6.901290475044e-08 2.728961006238e-08 8.470944015876e-09 8.159293152163e-10 6.615811091778e-12 
1.501663378811e-13 2.047268214595e-11 3.983608420154e-10 3.040861982854e-09 1.208872636956e-08 2.728961006238e-08 6.261204692559e-08 2.122038785251e-08 4.385779453263e-09 9.167556827850e-11 
2.096535101433e-15 6.029742873888e-13 2.127934110952e-11 2.842923996057e-10 2.014252939889e-09 8.470944015876e-09 2.122038785251e-08 5.662566244255e-08 1.440617082012e-08 9.377138123359e-10 
6.751518836925e-18 4.402169908146e-15 3.027251109168e-13 7.473985274019e-12 9.870156148002e-11 8.159293152163e-10 4.385779453263e-09 1.440617082012e-08 5.061740361735e-08 6.483721181694e-09 
7.842186923673e-22 1.358542432298e-18 2.181755561666e-16 1.191481892400e-14 3.462866219648e-13 6.615811091778e-12 9.167556827850e-11 9.377138123359e-10 6.483721181694e-09 4.114275886544e-08 
