9.655030227061e-08 3.031271726876e-08 5.918269295822e-09 7.637670722058e-10 6.932972373596e-11 4.102919400280e-12 1.360835508531e-13 1.903458163035e-15 6.115796722761e-18 7.115739048740e-22 
3.031271726876e-08 1.007904177403e-07 4.176703063103e-08 1.257650687163e-08 2.358071703670e-09 2.779053380143e-10 1.858572049174e-11 5.466333478433e-13 3.993447616582e-15 1.229677414237e-18 
5.918269295822e-09 4.176703063103e-08 8.927312028050e-08 3.960984836998e-08 1.432813573683e-08 3.056856259941e-09 3.616679500037e-10 1.927481144944e-11 2.750329729406e-13 1.969718167201e-16 
7.637670722058e-10 1.257650687163e-08 3.960984836998e-08 7.962520094384e-08 3.497137635671e-08 1.337225901286e-08 2.757947876453e-09 2.575821303126e-10 6.795234596412e-12 1.073285618493e-14 
6.932972373596e-11 2.358071703670e-09 1.432813573683e-08 3.497137635671e-08 7.179940866280e-08 2.989512444009e-08 1.095091341539e-08 1.827478778896e-09 8.968616813833e-11 3.114799059162e-13 
4.102919400280e-12 2.779053380143e-10 3.056856259941e-09 1.337225901286e-08 2.989512444009e-08 6.517970581122e-08 2.473138960705e-08 7.698698511414e-09 7.396476532381e-10 5.948811150386e-12 
1.360835508531e-13 1.858572049174e-11 3.616679500037e-10 2.757947876453e-09 1.095091341539e-08 2.473138960705e-08 5.946141542524e-08 1.928069864962e-08 3.959303921126e-09 8.252370952076e-11 
1.903458163035e-15 5.466333478433e-13 1.927481144944e-11 2.575821303126e-10 1.827478778896e-09 7.698698511414e-09 1.928069864962e-08 5.390624312620e-08 1.296077712396e-08 8.459987248465e-10 
6.115796722761e-18 3.993447616582e-15 2.750329729406e-13 6.795234596412e-12 8.968616813833e-11 7.396476532381e-10 3.959303921126e-09 1.296077712396e-08 4.840389180385e-08 5.839896851531e-09 
7.115739048740e-22 1.229677414237e-18 1.969718167201e-16 1.073285618493e-14 3.114799059162e-13 5.948811150386e-12 8.252370952076e-11 8.459987248465e-10 5.839896851531e-09 3.970001079552e-08 
