7.900224220591e-08 2.328087157366e-08 4.626971732591e-09 6.050340765716e-10 5.544872819756e-11 3.306969414207e-12 1.103820123366e-13 1.549335717680e-15 5.000782246209e-18 5.799580172112e-22 
2.328087157366e-08 8.478877146268e-08 3.297817721583e-08 1.002997841509e-08 1.895105106783e-09 2.248822408883e-10 1.510286120842e-11 4.457582819031e-13 3.265984211039e-15 1.001889423152e-18 
4.626971732591e-09 3.297817721583e-08 7.684574674407e-08 3.176925489775e-08 1.156606136885e-08 2.480004061451e-09 2.943001374967e-10 1.574249812487e-11 2.247908297939e-13 1.604791751757e-16 
6.050340765716e-10 1.002997841509e-08 3.176925489775e-08 6.967451666104e-08 2.833966300104e-08 1.086864163285e-08 2.247847386248e-09 2.105883996142e-10 5.548445518770e-12 8.744893110439e-15 
5.544872819756e-11 1.895105106783e-09 1.156606136885e-08 2.833966300104e-08 6.362381077519e-08 2.434108776764e-08 8.942433795977e-09 1.494341848574e-09 7.315428889720e-11 2.537449087705e-13 
3.306969414207e-12 2.248822408883e-10 2.480004061451e-09 1.086864163285e-08 2.434108776764e-08 5.838282321099e-08 2.022310038391e-08 6.289591954117e-09 6.028096684789e-10 4.842231936711e-12 
1.103820123366e-13 1.510286120842e-11 2.943001374967e-10 2.247847386248e-09 8.942433795977e-09 2.022310038391e-08 5.375153634443e-08 1.572603029896e-08 3.225787033284e-09 6.702991296561e-11 
1.549335717680e-15 4.457582819031e-13 1.574249812487e-11 2.105883996142e-10 1.494341848574e-09 6.289591954117e-09 1.572603029896e-08 4.914671778454e-08 1.055403842998e-08 6.839896944572e-10 
5.000782246209e-18 3.265984211039e-15 2.247908297939e-13 5.548445518770e-12 7.315428889720e-11 6.028096684789e-10 3.225787033284e-09 1.055403842998e-08 4.457522878641e-08 4.683178318234e-09 
5.799580172112e-22 1.001889423152e-18 1.604791751757e-16 8.744893110439e-15 2.537449087705e-13 4.842231936711e-12 6.702991296561e-11 6.839896944572e-10 4.683178318234e-09 3.733496763654e-08 
