6.323966809347e-08 1.663428550907e-08 3.377418469719e-09 4.491673906346e-10 4.172740221373e-11 2.516302830039e-12 8.480192300321e-14 1.200092876778e-15 3.899714125960e-18 4.544092454977e-22 
1.663428550907e-08 6.935940953508e-08 2.437839442024e-08 7.516041990022e-09 1.436260676367e-09 1.720819370644e-10 1.165308322355e-11 3.462549702812e-13 2.550993795825e-15 7.850737017951e-19 
3.377418469719e-09 2.437839442024e-08 6.458658524303e-08 2.400821446721e-08 8.819407362496e-09 1.906372915765e-09 2.277966490377e-10 1.225401238394e-11 1.757868553102e-13 1.257357445017e-16 
4.491673906346e-10 7.516041990022e-09 2.400821446721e-08 5.978630965314e-08 2.173645428249e-08 8.389943021312e-09 1.744746957156e-09 1.642186018125e-10 4.342782648967e-12 6.849615243372e-15 
4.172740221373e-11 1.436260676367e-09 8.819407362496e-09 2.173645428249e-08 5.552000050428e-08 1.886291962717e-08 6.959238631423e-09 1.167259846186e-09 5.729573948957e-11 1.986567468258e-13 
2.516302830039e-12 1.720819370644e-10 1.906372915765e-09 8.389943021312e-09 1.886291962717e-08 5.167362860118e-08 1.577761892562e-08 4.920457412393e-09 4.723059979013e-10 3.788339849723e-12 
8.480192300321e-14 1.165308322355e-11 2.277966490377e-10 1.744746957156e-09 6.959238631423e-09 1.577761892562e-08 4.818112549667e-08 1.231713784982e-08 2.527154546199e-09 5.238481032464e-11 
1.200092876778e-15 3.462549702812e-13 1.225401238394e-11 1.642186018125e-10 1.167259846186e-09 4.920457412393e-09 1.231713784982e-08 4.461331248312e-08 8.260622851493e-09 5.335380046775e-10 
3.899714125960e-18 2.550993795825e-15 1.757868553102e-13 4.342782648967e-12 5.729573948957e-11 4.723059979013e-10 2.527154546199e-09 8.260622851493e-09 4.098741854778e-08 3.638556995932e-09 
4.544092454977e-22 7.850737017951e-19 1.257357445017e-16 6.849615243372e-15 1.986567468258e-13 3.788339849723e-12 5.238481032464e-11 5.335380046775e-10 3.638556995932e-09 3.522307682578e-08 
