4.0419734795675023e-07 1.3777413664213135e-07 2.5574061762179636e-08 3.2440663027918806e-09 2.9487365539209848e-10 1.7723906192912439e-11 6.0335685028258807e-13 8.7870054569258619e-15 2.9977962817333689e-17 3.8533494656466183e-21 
1.3777413664213135e-07 3.4389587071393909e-07 1.7787903345288426e-07 5.3391832245276137e-08 1.0115293846631666e-08 1.2174110597881266e-09 8.3915990770368560e-11 2.5797277576422921e-12 1.9965632124912398e-14 6.7881296938292623e-18 
2.5574061762179636e-08 1.7787903345288426e-07 2.8733074789207522e-07 1.6921101354109459e-07 6.2206173592296656e-08 1.3588874613187009e-08 1.6627726232436293e-09 9.2738049415408358e-11 1.4008768946363782e-12 1.1069380726140184e-15 
3.2440663027918806e-09 5.3391832245276137e-08 1.6921101354109459e-07 2.5078673477213792e-07 1.5427240246665329e-07 6.0529936773914899e-08 1.2937584603623454e-08 1.2630513478036857e-09 3.5295154892445251e-11 6.1364570343148070e-14 
2.9487365539209848e-10 1.0115293846631666e-08 6.2206173592296656e-08 1.5427240246665329e-07 2.2458481533335674e-07 1.3852130786634578e-07 5.2575116081337910e-08 9.1509588505614981e-09 4.7625676518650103e-10 1.8115865448494418e-12 
1.7723906192912439e-11 1.2174110597881266e-09 1.3588874613187009e-08 6.0529936773914899e-08 1.3852130786634578e-07 2.0452531619385804e-07 1.2191667153662591e-07 3.9554791194251094e-08 4.0329608519073796e-09 3.5230550433280228e-11 
6.0335685028258807e-13 8.3915990770368560e-11 1.6627726232436293e-09 1.2937584603623454e-08 5.2575116081337910e-08 1.2191667153662591e-07 1.8729062040229232e-07 1.0247375302380184e-07 2.2292853451930071e-08 4.9942922572499337e-10 
8.7870054569258619e-15 2.5797277576422921e-12 9.2738049415408358e-11 1.2630513478036857e-09 9.1509588505614981e-09 3.9554791194251094e-08 1.0247375302380184e-07 1.7095601428363108e-07 7.5808439550253425e-08 5.2850904433795927e-09 
2.9977962817333689e-17 1.9965632124912398e-14 1.4008768946363782e-12 3.5295154892445251e-11 4.7625676518650103e-10 4.0329608519073796e-09 2.2292853451930071e-08 7.5808439550253425e-08 1.5226579811010534e-07 3.8646393178356535e-08 
3.8533494656466183e-21 6.7881296938292623e-18 1.1069380726140184e-15 6.1364570343148070e-14 1.8115865448494418e-12 3.5230550433280228e-11 4.9942922572499337e-10 5.2850904433795927e-09 3.8646393178356535e-08 1.1176119732318022e-07 
