6.5178531419574829e-08 1.7503294772885115e-08 3.5455119635905244e-09 4.7055437648206947e-10 4.3631462297249446e-11 2.6283739226189956e-12 8.8349560686455275e-14 1.2500421797544839e-15 4.0538627871981225e-18 4.7231082897096369e-22 
1.7503294772885115e-08 7.1424765003910183e-08 2.5554924025683066e-08 7.8628639256223367e-09 1.5009182841736862e-09 1.7948468716177105e-10 1.2134785348717196e-11 3.6065867085122434e-13 2.6484766733900814e-15 8.1650448336797991e-19 
3.5455119635905244e-09 2.5554924025683066e-08 6.6274927698334278e-08 2.5095035568263425e-08 9.2075308743824661e-09 1.9860832884510570e-09 2.3725631182344937e-10 1.2753577518313591e-11 1.8240827335523917e-13 1.3079119505049470e-16 
4.7055437648206947e-10 7.8628639256223367e-09 2.5095035568263425e-08 6.1185827184368431e-08 2.2657039442156170e-08 8.7368156407737820e-09 1.8173286257012553e-09 1.7070833508587456e-10 4.5071055257178300e-12 7.1224377568522922e-15 
4.3631462297249446e-11 1.5009182841736862e-09 9.2075308743824661e-09 2.2657039442156170e-08 5.6649212536486060e-08 1.9647990376552489e-08 7.2437499173813633e-09 1.2119328557129405e-09 5.9504540809379775e-11 2.0639026032961433e-13 
2.6283739226189956e-12 1.7948468716177105e-10 1.9860832884510570e-09 8.7368156407737820e-09 1.9647990376552489e-08 5.2641067290380953e-08 1.6395185357404660e-08 5.1061382493277286e-09 4.9096996150996459e-10 3.9308984744385767e-12 
8.8349560686455275e-14 1.2134785348717196e-11 2.3725631182344937e-10 1.8173286257012553e-09 7.2437499173813633e-09 1.6395185357404660e-08 4.8935108056849744e-08 1.2792680985028074e-08 2.6280930613017194e-09 5.4282766877903030e-11 
1.2500421797544839e-15 3.6065867085122434e-13 1.2753577518313591e-11 1.7070833508587456e-10 1.2119328557129405e-09 5.1061382493277286e-09 1.2792680985028074e-08 4.5268832429143280e-08 8.5782514862529314e-09 5.5256075588257334e-10 
4.0538627871981225e-18 2.6484766733900814e-15 1.8240827335523917e-13 4.5071055257178300e-12 5.9504540809379775e-11 4.9096996150996459e-10 2.6280930613017194e-09 8.5782514862529314e-09 4.1447353148170637e-08 3.7773931191275244e-09 
4.7231082897096369e-22 8.1650448336797991e-19 1.3079119505049470e-16 7.1224377568522922e-15 2.0639026032961433e-13 3.9308984744385767e-12 5.4282766877903030e-11 5.5256075588257334e-10 3.7773931191275244e-09 3.5507743180729286e-08 
