1.9408508502149424e-06 8.1059484311132633e-07 1.6450835381572448e-07 2.2765769606875727e-08 2.1819914250396173e-09 1.3320405400048699e-10 4.5467777820600536e-12 6.7243900999662428e-14 2.3916153192097870e-16 3.2511834936882713e-20 
8.1059484311132633e-07 2.0253752326378417e-06 1.2211249518374789e-06 3.8977744832043007e-07 7.5770742600359180e-08 9.1620299347413235e-09 6.3576873970926591e-10 2.0009203138060550e-11 1.6174938889580240e-13 5.7594931852841910e-17 
1.6450835381572448e-07 1.2211249518374789e-06 1.9073663502519896e-06 1.2627407686065125e-06 4.6780138953338771e-07 1.0249371335337866e-07 1.2701881534801021e-08 7.2936174506663929e-10 1.1494312070618107e-11 9.4340511212804760e-15 
2.2765769606875727e-08 3.8977744832043007e-07 1.2627407686065125e-06 1.7014448734721084e-06 1.1619726143792131e-06 4.5909744253060416e-07 9.9983088212067898e-08 1.0080221141040962e-08 2.9277938769196888e-10 5.2497156177639016e-13 
2.1819914250396173e-09 7.5770742600359180e-08 4.6780138953338771e-07 1.1619726143792131e-06 1.5148739082766309e-06 1.0625436506743902e-06 4.1283522865620827e-07 7.4202084873027216e-08 3.9894287935208402e-09 1.5547038641550995e-11 
1.3320405400048699e-10 9.1620299347413235e-09 1.0249371335337866e-07 4.5909744253060416e-07 1.0625436506743902e-06 1.4058523046803586e-06 9.7704039642510140e-07 3.2615256787285473e-07 3.4090403093714947e-08 3.0303344021885561e-10 
4.5467777820600536e-12 6.3576873970926591e-10 1.2701881534801021e-08 9.9983088212067898e-08 4.1283522865620827e-07 9.7704039642510140e-07 1.3327005036892339e-06 8.5865435262002308e-07 1.9004306527913701e-07 4.2971384018999658e-09 
6.7243900999662428e-14 2.0009203138060550e-11 7.2936174506663929e-10 1.0080221141040962e-08 7.4202084873027216e-08 3.2615256787285473e-07 8.5865435262002308e-07 1.2410959226834202e-06 6.5090068818592494e-07 4.5234355477857188e-08 
2.3916153192097870e-16 1.6174938889580240e-13 1.1494312070618107e-11 2.9277938769196888e-10 3.9894287935208402e-09 3.4090403093714947e-08 1.9004306527913701e-07 6.5090068818592494e-07 1.0929050189189782e-06 3.2383220517379529e-07 
3.2511834936882713e-20 5.7594931852841910e-17 9.4340511212804760e-15 5.2497156177639016e-13 1.5547038641550995e-11 3.0303344021885561e-10 4.2971384018999658e-09 4.5234355477857188e-08 3.2383220517379529e-07 6.9449095825075246e-07 
