1.106424753911e-07 3.574422663332e-08 6.900320651800e-09 8.836837103932e-10 7.973275636029e-11 4.705238858276e-12 1.553935566662e-13 2.171413803137e-15 6.982600337258e-18 8.138945547761e-22 
3.574422663332e-08 1.129876944064e-07 4.841768389885e-08 1.448933510341e-08 2.706635756119e-09 3.179914313102e-10 2.119230582647e-11 6.244154176118e-13 4.551853254962e-15 1.410494468741e-18 
6.900320651800e-09 4.841768389885e-08 9.861883729818e-08 4.549579911895e-08 1.641893581776e-08 3.490078699868e-09 4.125320049792e-10 2.202234603997e-11 3.131811922505e-13 2.264895845991e-16 
8.836837103932e-10 1.448933510341e-08 4.549579911895e-08 8.715434069108e-08 3.997098618447e-08 1.524783592793e-08 3.149145812678e-09 2.940454250935e-10 7.740028211394e-12 1.236268642532e-14 
7.973275636029e-11 2.706635756119e-09 1.641893581776e-08 3.997098618447e-08 7.791828276439e-08 3.411214927297e-08 1.251188225880e-08 2.083046431042e-09 1.023384276679e-10 3.590513642191e-13 
4.705238858276e-12 3.179914313102e-10 3.490078699868e-09 1.524783592793e-08 3.411214927297e-08 7.045101270516e-08 2.822203645938e-08 8.767494406571e-09 8.468218202347e-10 6.854902554755e-12 
1.553935566662e-13 2.119230582647e-11 4.125320049792e-10 3.149145812678e-09 1.251188225880e-08 2.822203645938e-08 6.380122348281e-08 2.200356891842e-08 4.552084302677e-09 9.496207564908e-11 
2.171413803137e-15 6.244154176118e-13 2.202234603997e-11 2.940454250935e-10 2.083046431042e-09 8.767494406571e-09 2.200356891842e-08 5.770723829731e-08 1.493428324643e-08 9.726142077495e-10 
6.982600337258e-18 4.551853254962e-15 3.131811922505e-13 7.740028211394e-12 1.023384276679e-10 8.468218202347e-10 4.552084302677e-09 1.493428324643e-08 5.143661778493e-08 6.756384584538e-09 
8.138945547761e-22 1.410494468741e-18 2.264895845991e-16 1.236268642532e-14 3.590513642191e-13 6.854902554755e-12 9.496207564908e-11 9.726142077495e-10 6.756384584538e-09 4.170842637757e-08 
