8.0331278250204754e-08 2.3868104206794947e-08 4.7386168209073065e-09 6.1903814635493536e-10 5.6683502652858797e-11 3.3797358014683036e-12 1.1262472041949505e-13 1.5817167184062391e-15 5.0979553463202247e-18 5.9176592248777337e-22 
2.3868104206794947e-08 8.6164522508289984e-08 3.3752218135649924e-08 1.0255055390708546e-08 1.9371396655047901e-09 2.2961606628393788e-10 1.5409221347515915e-11 4.5515263636026118e-13 3.3261193273969600e-15 1.0229650330424438e-18 
4.7386168209073065e-09 3.3752218135649924e-08 7.7942576354167870e-08 3.2475195716603331e-08 1.1816801873414346e-08 2.5304876043577596e-09 3.0040562101547647e-10 1.6064287289823191e-11 2.2886596955654851e-13 1.6388122419121948e-16 
6.1903814635493536e-10 1.0255055390708546e-08 3.2475195716603331e-08 7.0581278815752515e-08 2.8924650187028763e-08 1.1089639395366145e-08 2.2951082351817002e-09 2.1468114932769234e-10 5.6512046052563703e-12 8.9267367735671850e-15 
5.6683502652858797e-11 1.9371396655047901e-09 1.1816801873414346e-08 2.8924650187028763e-08 6.4340638519570848e-08 2.4850516242014270e-08 9.1260519149247322e-09 1.5219714331736170e-09 7.4574018541788658e-11 2.5878624218488432e-13 
3.3797358014683036e-12 2.2961606628393788e-10 2.5304876043577596e-09 1.1089639395366145e-08 2.4850516242014270e-08 5.9010548130655288e-08 2.0610012198293097e-08 6.4046708112559200e-09 6.1515740024565710e-10 4.9321594494630882e-12 
1.1262472041949505e-13 1.5409221347515915e-11 3.0040562101547647e-10 2.2951082351817002e-09 9.1260519149247322e-09 2.0610012198293097e-08 5.4216282310477324e-08 1.6032211149164152e-08 3.2932894589242516e-09 6.8184910526358477e-11 
1.5817167184062391e-15 4.5515263636026118e-13 1.6064287289823191e-11 2.1468114932769234e-10 1.5219714331736170e-09 6.4046708112559200e-09 1.6032211149164152e-08 4.9585198292679047e-08 1.0758761342012077e-08 6.9549165002799371e-10 
5.0979553463202247e-18 3.3261193273969600e-15 2.2886596955654851e-13 5.6512046052563703e-12 7.4574018541788658e-11 6.1515740024565710e-10 3.2932894589242516e-09 1.0758761342012077e-08 4.4854531648571824e-08 4.7747501587898498e-09 
5.9176592248777337e-22 1.0229650330424438e-18 1.6388122419121948e-16 8.9267367735671850e-15 2.5878624218488432e-13 4.9321594494630882e-12 6.8184910526358477e-11 6.9549165002799371e-10 4.7747501587898498e-09 3.7529450293554524e-08 
