1.8582351284848951e-08 7.8408465677786132e-09 5.7270083164041255e-09 4.4640142327289137e-09 3.5571680737708206e-09 2.8368648157170458e-09 2.2215559181225336e-09 1.6592037926084321e-09 1.0974440374651595e-09 3.4749476676173329e-10 
7.8408465677786132e-09 6.4188020562567189e-09 2.8594960786443542e-09 2.2495509037821508e-09 1.8117398082778296e-09 1.4640193774279712e-09 1.1669289658652374e-09 8.9535012087358403e-10 6.2409513335441235e-10 2.6298851170428728e-10 
5.7270083164041255e-09 2.8594960786443542e-09 4.6587568279359746e-09 1.6785860849638991e-09 1.3616029938526249e-09 1.1098626405730036e-09 8.9475255553244401e-10 6.9808513005681917e-10 5.0167166633403828e-10 2.4073876369967287e-10 
4.4640142327289137e-09 2.2495509037821508e-09 1.6785860849638991e-09 3.8759154810936115e-09 1.0926572637241102e-09 8.9825668585027382e-10 7.3212041151025573e-10 5.8020795548330043e-10 4.2850961498308234e-10 2.2742658472086772e-10 
3.5571680737708206e-09 1.8117398082778296e-09 1.3616029938526249e-09 1.0926572637241102e-09 3.4382370810598137e-09 7.4656123712937184e-10 6.1559676248841030e-10 4.9581993517415489e-10 3.7623398853744897e-10 2.1813687636093699e-10 
2.8368648157170458e-09 1.4640193774279712e-09 1.1098626405730036e-09 8.9825668585027382e-10 7.4656123712937184e-10 3.1645959142536185e-09 5.2311452618560289e-10 4.2885874305964956e-10 3.3476702025132077e-10 2.1081055230513041e-10 
2.2215559181225336e-09 1.1669289658652374e-09 8.9475255553244401e-10 7.3212041151025573e-10 6.1559676248841030e-10 5.2311452618560289e-10 2.9825048510104225e-09 3.7160530246341890e-10 2.9926544669097034e-10 2.0443648867816145e-10 
1.6592037926084321e-09 8.9535012087358403e-10 6.9808513005681917e-10 5.8020795548330043e-10 4.9581993517415489e-10 4.2885874305964956e-10 3.7160530246341890e-10 2.8576995787570854e-09 2.6683045973493243e-10 1.9850396678452300e-10 
1.0974440374651595e-09 6.2409513335441235e-10 5.0167166633403828e-10 4.2850961498308234e-10 3.7623398853744897e-10 3.3476702025132077e-10 2.9926544669097034e-10 2.6683045973493243e-10 2.7731512813495832e-09 1.9284440413505046e-10 
3.4749476676173329e-10 2.6298851170428728e-10 2.4073876369967287e-10 2.2742658472086772e-10 2.1813687636093699e-10 2.1081055230513041e-10 2.0443648867816145e-10 1.9850396678452300e-10 1.9284440413505046e-10 2.7260981323591610e-09 
