2.2538714863165301e-08 9.7935494901996272e-09 7.1633319742615781e-09 5.5917505210748477e-09 4.4633000716551522e-09 3.5669243905828147e-09 2.8011005568013292e-09 2.1009793065793571e-09 1.4012364885852051e-09 4.6762587529477697e-10 
9.7935494901996272e-09 7.3945035425647009e-09 3.5833573201831473e-09 2.8229142466701193e-09 2.2770582246078170e-09 1.8434978394802123e-09 1.4730135328580017e-09 1.1342391955786509e-09 7.9567949902546154e-10 3.4517768529035236e-10 
7.1633319742615781e-09 3.5833573201831473e-09 5.1989445275886816e-09 2.1090119476742603e-09 1.7132423299781366e-09 1.3989101670578154e-09 1.1302772735945156e-09 8.8459878203633976e-10 6.3909190344962688e-10 3.1305232079569979e-10 
5.5917505210748477e-09 2.8229142466701193e-09 2.1090119476742603e-09 4.2209269150037693e-09 1.3763695244123909e-09 1.1332690815431536e-09 9.2548354556572285e-10 7.3542657747112593e-10 5.4551783378949135e-10 2.9384280062765710e-10 
4.4633000716551522e-09 2.2770582246078170e-09 1.7132423299781366e-09 1.3763695244123909e-09 3.6732164831441415e-09 9.4282386260832535e-10 7.7873874079014620e-10 6.2862149307343637e-10 4.7864211642908482e-10 2.8037939616936493e-10 
3.5669243905828147e-09 1.8434978394802123e-09 1.3989101670578154e-09 1.1332690815431536e-09 9.4282386260832535e-10 3.3300787364640844e-09 6.6225778534604905e-10 5.4386143435625703e-10 4.2558481258564765e-10 2.6974635798492309e-10 
2.8011005568013292e-09 1.4730135328580017e-09 1.1302772735945156e-09 9.2548354556572285e-10 7.7873874079014620e-10 6.6225778534604905e-10 3.1011105766098689e-09 4.7137658692113738e-10 3.8015410825402685e-10 2.6051719012648040e-10 
2.1009793065793571e-09 1.1342391955786509e-09 8.8459878203633976e-10 7.3542657747112593e-10 6.2862149307343637e-10 5.4386143435625703e-10 4.7137658692113738e-10 2.9435082243665523e-09 3.3862272804472094e-10 2.5194041347425610e-10 
1.4012364885852051e-09 7.9567949902546154e-10 6.3909190344962688e-10 5.4551783378949135e-10 4.7864211642908482e-10 4.2558481258564765e-10 3.8015410825402685e-10 3.3862272804472094e-10 2.8358588971772390e-09 2.4366219077324518e-10 
4.6762587529477697e-10 3.4517768529035236e-10 3.1305232079569979e-10 2.9384280062765710e-10 2.8037939616936493e-10 2.6974635798492309e-10 2.6051719012648040e-10 2.5194041347425610e-10 2.4366219077324518e-10 2.7738785250026613e-09 
