2.0659979453744011e-07 1.0177451811263178e-07 7.5406476699889507e-08 5.9646856929789679e-08 4.8331571959115938e-08 3.9341151164271267e-08 3.1653128717112943e-08 2.4612514669420671e-08 1.7559294579161100e-08 8.2123313367154015e-09 
1.0177451811263178e-07 5.3695586556448938e-08 3.8107145069252641e-08 3.0307287281220428e-08 2.4707771691369499e-08 2.0258737105449645e-08 1.6453528282315179e-08 1.2967710766610670e-08 9.4745545130296323e-09 4.8524354083423647e-09 
7.5406476699889507e-08 3.8107145069252641e-08 3.1028554468522877e-08 2.2741927355023033e-08 1.8615617691004287e-08 1.5337093320320574e-08 1.2532682124939496e-08 9.9631262065177780e-09 7.3875860900720725e-09 3.9832907229131578e-09 
5.9646856929789679e-08 3.0307287281220428e-08 2.2741927355023033e-08 2.0758590764118278e-08 1.4974357667267125e-08 1.2395371149015476e-08 1.0189056719708699e-08 8.1671015769688554e-09 6.1399841926615504e-09 3.4635296303948730e-09 
4.8331571959115938e-08 2.4707771691369499e-08 1.8615617691004287e-08 1.4974357667267125e-08 1.4899532766141714e-08 1.0284519981521070e-08 8.5076742892006703e-09 6.8788871173927358e-09 5.2455608281301917e-09 3.0917553921868679e-09 
3.9341151164271267e-08 2.0258737105449645e-08 1.5337093320320574e-08 1.2395371149015476e-08 1.0284519981521070e-08 1.1145828922498930e-08 7.1718795831309998e-09 5.8554392822808355e-09 4.5348936534693053e-09 2.7963066849960695e-09 
3.1653128717112943e-08 1.6453528282315179e-08 1.2532682124939496e-08 1.0189056719708699e-08 8.5076742892006703e-09 7.1718795831309998e-09 8.5669844377917810e-09 4.9793838926511027e-09 3.9261060612453821e-09 2.5422780369094485e-09 
2.4612514669420671e-08 1.2967710766610670e-08 9.9631262065177780e-09 8.1671015769688554e-09 6.8788871173927358e-09 5.8554392822808355e-09 4.9793838926511027e-09 6.7141171212071282e-09 3.3676346053272554e-09 2.3076794505869366e-09 
1.7559294579161100e-08 9.4745545130296323e-09 7.3875860900720725e-09 6.1399841926615504e-09 5.2455608281301917e-09 4.5348936534693053e-09 3.9261060612453821e-09 3.3676346053272554e-09 5.3462732336252374e-09 2.0723263572198575e-09 
8.2123313367154015e-09 4.8524354083423647e-09 3.9832907229131578e-09 3.4635296303948730e-09 3.0917553921868679e-09 2.7963066849960695e-09 2.5422780369094485e-09 2.3076794505869366e-09 2.0723263572198575e-09 4.3166798240288246e-09 
