2.552548882704e-09 2.319061485625e-11 2.671685718234e-11 2.884674275094e-11 3.037553988032e-11 3.159094158564e-11 3.263246185844e-11 3.359125548444e-11 3.456426116745e-11 3.589666168262e-11 
2.319061485625e-11 2.583069635171e-09 5.518711026584e-11 6.187499962421e-11 6.667757825754e-11 7.048967633239e-11 7.375653039842e-11 7.676414029604e-11 7.981636139396e-11 8.399605699317e-11 
2.671685718234e-11 5.518711026584e-11 2.610374473540e-09 8.333774010576e-11 9.169218141543e-11 9.829907081703e-11 1.039521493501e-10 1.091568484806e-10 1.144391095418e-10 1.216727478894e-10 
2.884674275094e-11 6.187499962421e-11 8.333774010576e-11 2.637914588877e-09 1.118229894328e-10 1.216922372029e-10 1.300941758884e-10 1.378163415380e-10 1.456538658750e-10 1.563875851626e-10 
3.037553988032e-11 6.667757825754e-11 9.169218141543e-11 1.118229894328e-10 2.666936645567e-09 1.421958738521e-10 1.539070930409e-10 1.646091042478e-10 1.754559366419e-10 1.903146667252e-10 
3.159094158564e-11 7.048967633239e-11 9.829907081703e-11 1.216922372029e-10 1.421958738521e-10 2.698549741816e-09 1.756977784259e-10 1.899374858501e-10 2.042724063933e-10 2.239024682377e-10 
3.263246185844e-11 7.375653039842e-11 1.039521493501e-10 1.300941758884e-10 1.539070930409e-10 1.756977784259e-10 2.734157930587e-09 2.142797109212e-10 2.327915535996e-10 2.579538023558e-10 
3.359125548444e-11 7.676414029604e-11 1.091568484806e-10 1.378163415380e-10 1.646091042478e-10 1.899374858501e-10 2.142797109212e-10 2.776702929199e-09 2.624069818867e-10 2.942439327120e-10 
3.456426116745e-11 7.981636139396e-11 1.144391095418e-10 1.456538658750e-10 1.754559366419e-10 2.042724063933e-10 2.327915535996e-10 2.624069818867e-10 2.833538491217e-09 3.370704169828e-10 
3.589666168262e-11 8.399605699317e-11 1.216727478894e-10 1.563875851626e-10 1.903146667252e-10 2.239024682377e-10 2.579538023558e-10 2.942439327120e-10 3.370704169828e-10 2.943235734231e-09 
