2.6565064348702296e-08 1.1786247116984190e-08 8.6318904643832843e-09 6.7470703131388368e-09 5.3936789736420639e-09 4.3185747380356519e-09 3.3999464075753830e-09 2.5599275806105969e-09 1.7200355348947643e-09 6.0009747568770291e-10 
1.1786247116984190e-08 8.3922022813052367e-09 4.3245664171846067e-09 3.4108398075950464e-09 2.7549373649431704e-09 2.2339430883209608e-09 1.7886928094481703e-09 1.3814499913366839e-09 9.7428951936839930e-10 4.3276275466069996e-10 
8.6318904643832843e-09 4.3245664171846067e-09 5.7526371002454233e-09 2.5506407732707372e-09 2.0744295641399090e-09 1.6961872790651143e-09 1.3728974723000772e-09 1.0771567598920704e-09 7.8148601990145530e-10 3.8897894826471421e-10 
6.7470703131388368e-09 3.4108398075950464e-09 2.5506407732707372e-09 4.5751292699087619e-09 1.6678252391794990e-09 1.3748720397341208e-09 1.1244459878421587e-09 8.9532643709147705e-10 6.6627216056751789e-10 3.6280568690042582e-10 
5.3936789736420639e-09 2.7549373649431704e-09 2.0744295641399090e-09 1.6678252391794990e-09 3.9146400537550022e-09 1.1444958126123847e-09 9.4640105916631891e-10 7.6512069027011832e-10 5.8390963964270528e-10 3.4439730664428126e-10 
4.3185747380356519e-09 2.2339430883209608e-09 1.6961872790651143e-09 1.3748720397341208e-09 1.1444958126123847e-09 3.5000296061451130e-09 8.0506114661817977e-10 6.6177748701275814e-10 5.1855497622843617e-10 3.2984241845739087e-10 
3.3999464075753830e-09 1.7886928094481703e-09 1.3728974723000772e-09 1.1244459878421587e-09 9.4640105916631891e-10 8.0506114661817977e-10 3.2226380199725407e-09 5.7338797822135294e-10 4.6258884840703775e-10 3.1723155695733727e-10 
2.5599275806105969e-09 1.3814499913366839e-09 1.0771567598920704e-09 8.9532643709147705e-10 7.6512069027011832e-10 6.6177748701275814e-10 5.7338797822135294e-10 3.0309351787407580e-09 4.1140100553668339e-10 3.0552574207175840e-10 
1.7200355348947643e-09 9.7428951936839930e-10 7.8148601990145530e-10 6.6627216056751789e-10 5.8390963964270528e-10 5.1855497622843617e-10 4.6258884840703775e-10 4.1140100553668339e-10 2.8989807613100915e-09 2.9413334739827872e-10 
6.0009747568770291e-10 4.3276275466069996e-10 3.8897894826471421e-10 3.6280568690042582e-10 3.4439730664428126e-10 3.2984241845739087e-10 3.1723155695733727e-10 3.0552574207175840e-10 2.9413334739827872e-10 2.8206372432683962e-09 
