2.1244906247827460e-08 9.1542907696315119e-09 6.6927661845339103e-09 5.2219971351077036e-09 4.1659422583574347e-09 3.3270881700366646e-09 2.6104388300430898e-09 1.9553323784208377e-09 1.3006788916547160e-09 4.2705969386994649e-10 
9.1542907696315119e-09 7.0748265308581553e-09 3.3460596485884347e-09 2.6348467706422132e-09 2.1243341583898133e-09 1.7188540688291284e-09 1.3723798036330140e-09 1.0555900495722092e-09 7.3905342150806821e-10 3.1779297586515576e-10 
6.6927661845339103e-09 3.3460596485884347e-09 5.0217842222438620e-09 1.9677899153203158e-09 1.5978169789077770e-09 1.3039794071947226e-09 1.0528724663373424e-09 8.2324428378736326e-10 5.9381694684205415e-10 2.8909547583025738e-10 
5.2219971351077036e-09 2.6348467706422132e-09 1.9677899153203158e-09 4.1076986476260886e-09 1.2832319134554003e-09 1.0560931254345041e-09 8.6195902783973802e-10 6.8440612846750796e-10 5.0702502994941185e-10 2.7193313036467575e-10 
4.1659422583574347e-09 2.1243341583898133e-09 1.5978169789077770e-09 1.2832319134554003e-09 3.5960693228808333e-09 8.7838097368396373e-10 7.2516431311657778e-10 5.8500433133266614e-10 4.4500140082308648e-10 2.5992056768844892e-10 
3.3270881700366646e-09 1.7188540688291284e-09 1.3039794071947226e-09 1.0560931254345041e-09 8.7838097368396373e-10 3.2757503927965792e-09 6.1658519183006857e-10 5.0612280420896055e-10 3.9579632866442028e-10 2.5043749055234846e-10 
2.6104388300430898e-09 1.3723798036330140e-09 1.0528724663373424e-09 8.6195902783973802e-10 7.2516431311657778e-10 6.1658519183006857e-10 3.0622004650864999e-09 4.3866878685456681e-10 3.5366581282383101e-10 2.4220067866287694e-10 
1.9553323784208377e-09 1.0555900495722092e-09 8.2324428378736326e-10 6.8440612846750796e-10 5.8500433133266614e-10 5.0612280420896055e-10 4.3866878685456681e-10 2.9154128184201211e-09 3.1515846388329662e-10 2.3454263022870136e-10 
1.3006788916547160e-09 7.3905342150806821e-10 5.9381694684205415e-10 5.0702502994941185e-10 4.4500140082308648e-10 3.9579632866442028e-10 3.5366581282383101e-10 3.1515846388329662e-10 2.8154162723693351e-09 2.2717608921501029e-10 
4.2705969386994649e-10 3.1779297586515576e-10 2.8909547583025738e-10 2.7193313036467575e-10 2.5992056768844892e-10 2.5043749055234846e-10 2.4220067866287694e-10 2.3454263022870136e-10 2.2717608921501029e-10 2.7584626219059611e-09 
