2.572037794122e-09 5.327876756168e-11 6.066062463682e-11 6.511251006696e-11 6.830822544739e-11 7.084887752169e-11 7.302604097772e-11 7.503027324772e-11 7.706421386788e-11 7.984940679140e-11 
5.327876756168e-11 2.635802990924e-09 1.181759849053e-10 1.312616496064e-10 1.406583957848e-10 1.481184625609e-10 1.545114493883e-10 1.603970624671e-10 1.663699697417e-10 1.745492052805e-10 
6.066062463682e-11 1.181759849053e-10 2.688661944613e-09 1.718501952868e-10 1.876469165839e-10 2.001439301999e-10 2.108378475077e-10 2.206834348696e-10 2.306756931038e-10 2.443592504639e-10 
6.511251006696e-11 1.312616496064e-10 1.718501952868e-10 2.740270744987e-09 2.247231580024e-10 2.429901608331e-10 2.585460252840e-10 2.728437957065e-10 2.873550123980e-10 3.072284774977e-10 
6.830822544739e-11 1.406583957848e-10 1.876469165839e-10 2.247231580024e-10 2.793609767988e-09 2.802066751020e-10 3.015859854571e-10 3.211239739144e-10 3.409257205764e-10 3.680514551512e-10 
7.084887752169e-11 1.481184625609e-10 2.001439301999e-10 2.429901608331e-10 2.802066751020e-10 2.851049239397e-09 3.408547741096e-10 3.666266190613e-10 3.925635507643e-10 4.280794144630e-10 
7.302604097772e-11 1.545114493883e-10 2.108378475077e-10 2.585460252840e-10 3.015859854571e-10 3.408547741096e-10 2.915336513226e-09 4.103815516037e-10 4.437098921616e-10 4.889773400094e-10 
7.503027324772e-11 1.603970624671e-10 2.206834348696e-10 2.728437957065e-10 3.211239739144e-10 3.666266190613e-10 4.103815516037e-10 2.991996188670e-09 4.970547597858e-10 5.541220778122e-10 
7.706421386788e-11 1.663699697417e-10 2.306756931038e-10 2.873550123980e-10 3.409257205764e-10 3.925635507643e-10 4.437098921616e-10 4.970547597858e-10 3.094728289827e-09 6.318047682364e-10 
7.984940679140e-11 1.745492052805e-10 2.443592504639e-10 3.072284774977e-10 3.680514551512e-10 4.280794144630e-10 4.889773400094e-10 5.541220778122e-10 6.318047682364e-10 3.295275187531e-09 
