2.599299301573e-09 9.379094909967e-11 1.058818739869e-10 1.131686901532e-10 1.183994791710e-10 1.225580654136e-10 1.261216828134e-10 1.294022430142e-10 1.327314303151e-10 1.372902598369e-10 
9.379094909967e-11 2.703595789544e-09 1.980696355546e-10 2.187063663570e-10 2.335237710707e-10 2.452872613592e-10 2.553680603835e-10 2.646488061226e-10 2.740672047190e-10 2.869646243508e-10 
1.058818739869e-10 1.980696355546e-10 2.786530827833e-09 2.817752637304e-10 3.063512055435e-10 3.257911357992e-10 3.424250758117e-10 3.577393689250e-10 3.732818617580e-10 3.945659733516e-10 
1.131686901532e-10 2.187063663570e-10 2.817752637304e-10 2.866615333966e-09 3.636383507541e-10 3.919164972273e-10 4.159899729890e-10 4.381134540119e-10 4.605672408440e-10 4.913184695008e-10 
1.183994791710e-10 2.335237710707e-10 3.063512055435e-10 3.636383507541e-10 2.949156116027e-09 4.495075332735e-10 4.826056136010e-10 5.128346245613e-10 5.434665730468e-10 5.854296601315e-10 
1.225580654136e-10 2.452872613592e-10 3.257911357992e-10 3.919164972273e-10 4.495075332735e-10 3.038238919884e-09 5.437434832347e-10 5.837854686193e-10 6.240415118363e-10 6.791620917571e-10 
1.261216828134e-10 2.553680603835e-10 3.424250758117e-10 4.159899729890e-10 4.826056136010e-10 5.437434832347e-10 3.138566739450e-09 6.526196237215e-10 7.047039572341e-10 7.753527736057e-10 
1.294022430142e-10 2.646488061226e-10 3.577393689250e-10 4.381134540119e-10 5.128346245613e-10 5.837854686193e-10 6.526196237215e-10 3.259435252892e-09 7.898735880103e-10 8.795984532664e-10 
1.327314303151e-10 2.740672047190e-10 3.732818617580e-10 4.605672408440e-10 5.434665730468e-10 6.240415118363e-10 7.047039572341e-10 7.898735880103e-10 3.423933118242e-09 1.006170249943e-09 
1.372902598369e-10 2.869646243508e-10 3.945659733516e-10 4.913184695008e-10 5.854296601315e-10 6.791620917571e-10 7.753527736057e-10 8.795984532664e-10 1.006170249943e-09 3.752491548389e-09 
