2.599314666066e-09 9.381320293830e-11 1.059064316074e-10 1.131946242258e-10 1.184263998521e-10 1.225857704122e-10 1.261500597439e-10 1.294312376318e-10 1.327610467465e-10 1.373192968708e-10 
9.381320293830e-11 2.703631455557e-09 1.981107908399e-10 2.187508519632e-10 2.335706082400e-10 2.453359594351e-10 2.554183541206e-10 2.647005675696e-10 2.741204452639e-10 2.870168992271e-10 
1.059064316074e-10 1.981107908399e-10 2.786579911811e-09 2.818294905270e-10 3.064090157621e-10 3.258517145509e-10 3.424880192114e-10 3.578044903103e-10 3.733491803354e-10 3.946321879123e-10 
1.131946242258e-10 2.187508519632e-10 2.818294905270e-10 2.866676585908e-09 3.637047863890e-10 3.919868561714e-10 4.160635908411e-10 4.381900563596e-10 4.606468599474e-10 4.913971004279e-10 
1.184263998521e-10 2.335706082400e-10 3.064090157621e-10 3.637047863890e-10 2.949229674040e-09 4.495867415119e-10 4.826893708473e-10 5.129224122789e-10 5.435584194250e-10 5.855209789851e-10 
1.225857704122e-10 2.453359594351e-10 3.258517145509e-10 3.919868561714e-10 4.495867415119e-10 3.038325860918e-09 5.438368505586e-10 5.838842786001e-10 6.241455932678e-10 6.792663488949e-10 
1.261500597439e-10 2.554183541206e-10 3.424880192114e-10 4.160635908411e-10 4.826893708473e-10 5.438368505586e-10 3.138668941388e-09 6.527295595971e-10 7.048206933445e-10 7.754703746293e-10 
1.294312376318e-10 2.647005675696e-10 3.578044903103e-10 4.381900563596e-10 5.129224122789e-10 5.838842786001e-10 6.527295595971e-10 3.259556491819e-09 7.900047408942e-10 8.797304925800e-10 
1.327610467465e-10 2.741204452639e-10 3.733491803354e-10 4.606468599474e-10 5.435584194250e-10 6.241455932678e-10 7.048206933445e-10 7.900047408942e-10 3.424081720279e-09 1.006322418894e-09 
1.373192968708e-10 2.870168992271e-10 3.946321879123e-10 4.913971004279e-10 5.855209789851e-10 6.792663488949e-10 7.754703746293e-10 8.797304925800e-10 1.006322418894e-09 3.752670258900e-09 
