2.568738905583e-09 4.829178893676e-11 5.506828704393e-11 5.915573642120e-11 6.208982979608e-11 6.442248508227e-11 6.642141045742e-11 6.826156213241e-11 7.012899002867e-11 7.268616979011e-11 
4.829178893676e-11 2.627290308381e-09 1.080917389564e-10 1.201976713353e-10 1.288909360616e-10 1.357924617778e-10 1.417068018173e-10 1.471517574331e-10 1.526774718931e-10 1.602443308441e-10 
5.506828704393e-11 1.080917389564e-10 2.676248036115e-09 1.578791059095e-10 1.725426410021e-10 1.841430555792e-10 1.940696396877e-10 2.032087743200e-10 2.124840596249e-10 2.251857882797e-10 
5.915573642120e-11 1.201976713353e-10 1.578791059095e-10 2.724192562156e-09 2.070380781272e-10 2.240244592454e-10 2.384895528321e-10 2.517848938095e-10 2.652787424313e-10 2.837588944490e-10 
6.208982979608e-11 1.288909360616e-10 1.725426410021e-10 2.070380781272e-10 2.773816527614e-09 2.586732578303e-10 2.785695031596e-10 2.967529478824e-10 3.151821494447e-10 3.404276266862e-10 
6.442248508227e-11 1.357924617778e-10 1.841430555792e-10 2.240244592454e-10 2.586732578303e-10 2.827280823369e-09 3.151347540628e-10 3.391301531640e-10 3.632815433713e-10 3.963526937403e-10 
6.642141045742e-11 1.417068018173e-10 1.940696396877e-10 2.384895528321e-10 2.785695031596e-10 3.151347540628e-10 2.887134744183e-09 3.798656593158e-10 4.109017724406e-10 4.530626748914e-10 
6.826156213241e-11 1.471517574331e-10 2.032087743200e-10 2.517848938095e-10 2.967529478824e-10 3.391301531640e-10 3.798656593158e-10 2.958474454603e-09 4.605021099941e-10 5.136429073339e-10 
7.012899002867e-11 1.526774718931e-10 2.124840596249e-10 2.652787424313e-10 3.151821494447e-10 3.632815433713e-10 4.109017724406e-10 4.605021099941e-10 3.053939277882e-09 5.857092467694e-10 
7.268616979011e-11 1.602443308441e-10 2.251857882797e-10 2.837588944490e-10 3.404276266862e-10 3.963526937403e-10 4.530626748914e-10 5.136429073339e-10 5.857092467694e-10 3.239788843051e-09 
