2.543948154422e-09 9.267494726322e-12 1.077888283401e-11 1.169341895784e-11 1.234977054641e-11 1.287155765957e-11 1.331869884929e-11 1.373032480277e-11 1.414805172798e-11 1.471992113584e-11 
9.267494726322e-12 2.557052144420e-09 2.339378417952e-11 2.645886407867e-11 2.865947212786e-11 3.040555888519e-11 3.190192428183e-11 3.327957173711e-11 3.467765558547e-11 3.659180852925e-11 
1.077888283401e-11 2.339378417952e-11 2.569711830362e-09 3.669084037176e-11 4.068427909133e-11 4.383926744958e-11 4.653805511535e-11 4.902284483345e-11 5.154469997816e-11 5.499762306647e-11 
1.169341895784e-11 2.645886407867e-11 3.669084037176e-11 2.583042802686e-09 5.067464885791e-11 5.554459079571e-11 5.968656387223e-11 6.349247998737e-11 6.735533188661e-11 7.264494304866e-11 
1.234977054641e-11 2.865947212786e-11 4.068427909133e-11 5.067464885791e-11 2.597541592019e-09 6.602276542359e-11 7.195224133111e-11 7.736590733050e-11 8.285213258830e-11 9.036690959544e-11 
1.287155765957e-11 3.040555888519e-11 4.383926744958e-11 5.554459079571e-11 6.602276542359e-11 2.613725092674e-09 8.332664409647e-11 9.068306973801e-11 9.808374839292e-11 1.082171555029e-10 
1.331869884929e-11 3.190192428183e-11 4.653805511535e-11 5.968656387223e-11 7.195224133111e-11 8.332664409647e-11 2.632298146320e-09 1.035982935572e-10 1.133184760760e-10 1.265248490262e-10 
1.373032480277e-11 3.327957173711e-11 4.902284483345e-11 6.349247998737e-11 7.736590733050e-11 9.068306973801e-11 1.035982935572e-10 2.654834922331e-09 1.292362180017e-10 1.461795819108e-10 
1.414805172798e-11 3.467765558547e-11 5.154469997816e-11 6.735533188661e-11 8.285213258830e-11 9.808374839292e-11 1.133184760760e-10 1.292362180017e-10 2.685292156837e-09 1.694635924592e-10 
1.471992113584e-11 3.659180852925e-11 5.499762306647e-11 7.264494304866e-11 9.036690959544e-11 1.082171555029e-10 1.265248490262e-10 1.461795819108e-10 1.694635924592e-10 2.744608323976e-09 
