2.543449287417e-09 8.440910873799e-12 9.825222783346e-12 1.066300671583e-11 1.126426444813e-11 1.174225145320e-11 1.215185886851e-11 1.252893241444e-11 1.291159530536e-11 1.343560270325e-11 
8.440910873799e-12 2.555453185829e-09 2.141220330300e-11 2.423601895482e-11 2.626335453887e-11 2.787188846279e-11 2.925037317273e-11 3.051949553202e-11 3.180744602433e-11 3.357116451200e-11 
9.825222783346e-12 2.141220330300e-11 2.567128614603e-09 3.369722554389e-11 3.739130543735e-11 4.030942428035e-11 4.280549399665e-11 4.510364900974e-11 4.743609171124e-11 5.063020335096e-11 
1.066300671583e-11 2.423601895482e-11 3.369722554389e-11 2.579475830506e-09 4.666817898337e-11 5.118783295595e-11 5.503145242774e-11 5.856311594963e-11 6.214761892376e-11 6.705678558807e-11 
1.126426444813e-11 2.626335453887e-11 3.739130543735e-11 4.666817898337e-11 2.592949729987e-09 6.094888105822e-11 6.646754425621e-11 7.150545304619e-11 7.661075327221e-11 8.360468805904e-11 
1.174225145320e-11 2.787188846279e-11 4.030942428035e-11 5.118783295595e-11 6.094888105822e-11 2.608031061143e-09 7.709171215936e-11 8.395434760329e-11 9.085750734626e-11 1.003107988267e-10 
1.215185886851e-11 2.925037317273e-11 4.280549399665e-11 5.503145242774e-11 6.646754425621e-11 7.709171215936e-11 2.625378744294e-09 9.604206743605e-11 1.051278520541e-10 1.174724695836e-10 
1.252893241444e-11 3.051949553202e-11 4.510364900974e-11 5.856311594963e-11 7.150545304619e-11 8.395434760329e-11 9.604206743605e-11 2.646471143441e-09 1.200582596469e-10 1.359248078986e-10 
1.291159530536e-11 3.180744602433e-11 4.743609171124e-11 6.214761892376e-11 7.661075327221e-11 9.085750734626e-11 1.051278520541e-10 1.200582596469e-10 2.675032370479e-09 1.577986399146e-10 
1.343560270325e-11 3.357116451200e-11 5.063020335096e-11 6.705678558807e-11 8.360468805904e-11 1.003107988267e-10 1.174724695836e-10 1.359248078986e-10 1.577986399146e-10 2.730756250438e-09 
