2.634382531499e-09 1.447418703554e-10 1.624524156461e-10 1.731236095053e-10 1.807836577504e-10 1.868735263238e-10 1.920921228082e-10 1.968962090066e-10 2.017715053299e-10 2.084474805544e-10 
1.447418703554e-10 2.787018558210e-09 2.960295936487e-10 3.257741922591e-10 3.471273159508e-10 3.640773201189e-10 3.786027252211e-10 3.919754266879e-10 4.055464873983e-10 4.241304723188e-10 
1.624524156461e-10 2.960295936487e-10 2.906414345911e-09 4.165631522419e-10 4.520137983537e-10 4.800420476258e-10 5.040208615791e-10 5.260974276628e-10 5.485031524575e-10 5.791858866154e-10 
1.731236095053e-10 3.257741922591e-10 4.165631522419e-10 3.022174135781e-09 5.352679986255e-10 5.763488272160e-10 6.112992720690e-10 6.434115814506e-10 6.760035123324e-10 7.206398562567e-10 
1.807836577504e-10 3.471273159508e-10 4.520137983537e-10 5.352679986255e-10 3.142624826307e-09 6.611692844880e-10 7.097533766712e-10 7.540839426022e-10 7.989959423604e-10 8.605247462495e-10 
1.868735263238e-10 3.640773201189e-10 4.800420476258e-10 5.763488272160e-10 6.611692844880e-10 3.274185735429e-09 8.010722059513e-10 8.605040555462e-10 9.201849760165e-10 1.001902423510e-09 
1.920921228082e-10 3.786027252211e-10 5.040208615791e-10 6.112992720690e-10 7.097533766712e-10 8.010722059513e-10 3.424248487504e-09 9.648507098006e-10 1.043069211135e-09 1.149037889717e-09 
1.968962090066e-10 3.919754266879e-10 5.260974276628e-10 6.434115814506e-10 7.540839426022e-10 8.605040555462e-10 9.648507098006e-10 3.607745484830e-09 1.174564141202e-09 1.310778403627e-09 
2.017715053299e-10 4.055464873983e-10 5.485031524575e-10 6.760035123324e-10 7.989959423604e-10 9.201849760165e-10 1.043069211135e-09 1.174564141202e-09 3.862017617668e-09 1.509611855207e-09 
2.084474805544e-10 4.241304723188e-10 5.791858866154e-10 7.206398562567e-10 8.605247462495e-10 1.001902423510e-09 1.149037889717e-09 1.310778403627e-09 1.509611855207e-09 4.379974636898e-09 
