2.542453942407e-09 6.782080124629e-12 7.907539630752e-12 8.588921918652e-12 9.077915129259e-12 9.466650771379e-12 9.799775656621e-12 1.010644153129e-11 1.041765271348e-11 1.084370347837e-11 
6.782080124629e-12 2.552216523127e-09 1.738657954828e-11 1.971218627189e-11 2.138167536074e-11 2.270614012005e-11 2.384118816879e-11 2.488619256514e-11 2.594669997927e-11 2.739867328058e-11 
7.907539630752e-12 1.738657954828e-11 2.561854622618e-09 2.756867385787e-11 3.063872542532e-11 3.306323749326e-11 3.513691147675e-11 3.704616962089e-11 3.898392148287e-11 4.163710143232e-11 
8.588921918652e-12 1.971218627189e-11 2.756867385787e-11 2.572146348426e-09 3.841678885845e-11 4.220206562065e-11 4.542011303126e-11 4.837673096608e-11 5.137760360602e-11 5.548689833273e-11 
9.077915129259e-12 2.138167536074e-11 3.063872542532e-11 3.841678885845e-11 2.583466910278e-09 5.045085777819e-11 5.510369549818e-11 5.935002628490e-11 6.365290634997e-11 6.954693176155e-11 
9.466650771379e-12 2.270614012005e-11 3.306323749326e-11 4.220206562065e-11 5.045085777819e-11 2.596220676457e-09 6.413664420728e-11 6.995571317430e-11 7.580718663045e-11 8.381940514892e-11 
9.799775656621e-12 2.384118816879e-11 3.513691147675e-11 4.542011303126e-11 5.510369549818e-11 6.413664420728e-11 2.610974001955e-09 8.028898231664e-11 8.802919509882e-11 9.854260500710e-11 
1.010644153129e-11 2.488619256514e-11 3.704616962089e-11 4.837673096608e-11 5.935002628490e-11 6.995571317430e-11 8.028898231664e-11 2.629000055652e-09 1.008516896260e-10 1.144251217491e-10 
1.041765271348e-11 2.594669997927e-11 3.898392148287e-11 5.137760360602e-11 6.365290634997e-11 7.580718663045e-11 8.802919509882e-11 1.008516896260e-10 2.653527323551e-09 1.333161003126e-10 
1.084370347837e-11 2.739867328058e-11 4.163710143232e-11 5.548689833273e-11 6.954693176155e-11 8.381940514892e-11 9.854260500710e-11 1.144251217491e-10 1.333161003126e-10 2.701597933640e-09 
