2.543216469722e-09 8.057444978936e-12 9.383387726787e-12 1.018591388169e-11 1.076186339102e-11 1.121973012347e-11 1.161209578161e-11 1.197329698204e-11 1.233985178560e-11 1.284166757142e-11 
8.057444978936e-12 2.554715168546e-09 2.049817550174e-11 2.321092954300e-11 2.515849704362e-11 2.670371075048e-11 2.802793141795e-11 2.924709580072e-11 3.048434618386e-11 3.217830090281e-11 
9.383387726787e-12 2.049817550174e-11 2.565937078663e-09 3.231599959911e-11 3.587167097262e-11 3.868031323492e-11 4.108269102640e-11 4.329458498625e-11 4.553948002088e-11 4.861319549424e-11 
1.018591388169e-11 2.321092954300e-11 3.231599959911e-11 2.577828832811e-09 4.481745566107e-11 4.917478134771e-11 5.288013029214e-11 5.628469975613e-11 5.974020669461e-11 6.447203868263e-11 
1.076186339102e-11 2.515849704362e-11 3.587167097262e-11 4.481745566107e-11 2.590827227519e-09 5.860233827014e-11 6.393009543265e-11 6.879347265876e-11 7.372183068974e-11 8.047254792156e-11 
1.121973012347e-11 2.670371075048e-11 3.868031323492e-11 4.917478134771e-11 5.860233827014e-11 2.605395548490e-09 7.420445058680e-11 8.083743118427e-11 8.750913999992e-11 9.664450447734e-11 
1.161209578161e-11 2.802793141795e-11 4.108269102640e-11 5.288013029214e-11 6.393009543265e-11 7.420445058680e-11 2.622172731466e-09 9.253923718238e-11 1.013291841156e-10 1.132703788266e-10 
1.197329698204e-11 2.924709580072e-11 4.329458498625e-11 5.628469975613e-11 6.879347265876e-11 8.083743118427e-11 9.253923718238e-11 2.642590584603e-09 1.157974969148e-10 1.311604435058e-10 
1.233985178560e-11 3.048434618386e-11 4.553948002088e-11 5.974020669461e-11 7.372183068974e-11 8.750913999992e-11 1.013291841156e-10 1.157974969148e-10 2.670267779201e-09 1.523771804870e-10 
1.284166757142e-11 3.217830090281e-11 4.861319549424e-11 6.447203868263e-11 8.047254792156e-11 9.664450447734e-11 1.132703788266e-10 1.311604435058e-10 1.523771804870e-10 2.724305862312e-09 
