2.541849153868e-09 5.767314607397e-12 6.731930451705e-12 7.316089185316e-12 7.735297851571e-12 8.068554734597e-12 8.354137829831e-12 8.617038159858e-12 8.883835462994e-12 9.249180227475e-12 
5.767314607397e-12 2.550218195262e-09 1.489149056877e-11 1.690280470216e-11 1.834659710507e-11 1.949191122877e-11 2.047342949347e-11 2.137708806458e-11 2.229415413752e-11 2.354998487789e-11 
6.731930451705e-12 1.489149056877e-11 2.558567486777e-09 2.373728439564e-11 2.640986992948e-11 2.851996978016e-11 3.032460621383e-11 3.198616852543e-11 3.367253529844e-11 3.598189717549e-11 
7.316089185316e-12 1.690280470216e-11 2.373728439564e-11 2.567545712400e-09 3.322392932025e-11 3.653724810936e-11 3.935347783665e-11 4.194074227150e-11 4.456674269168e-11 4.816322182766e-11 
7.735297851571e-12 1.834659710507e-11 2.640986992948e-11 3.322392932025e-11 2.577477698678e-09 4.380514943158e-11 4.789835537752e-11 5.163289793371e-11 5.541700517814e-11 6.060113451121e-11 
8.068554734597e-12 1.949191122877e-11 2.851996978016e-11 3.653724810936e-11 4.380514943158e-11 2.588723567073e-09 5.589570181288e-11 6.103616607825e-11 6.620413583273e-11 7.328121969362e-11 
8.354137829831e-12 2.047342949347e-11 3.032460621383e-11 3.935347783665e-11 4.789835537752e-11 5.589570181288e-11 2.601786177750e-09 7.022109021908e-11 7.708439532151e-11 8.640538674462e-11 
8.617038159858e-12 2.137708806458e-11 3.198616852543e-11 4.194074227150e-11 5.163289793371e-11 6.103616607825e-11 7.022109021908e-11 2.617811122825e-09 8.852979700763e-11 1.006029513106e-10 
8.883835462994e-12 2.229415413752e-11 3.367253529844e-11 4.456674269168e-11 5.541700517814e-11 6.620413583273e-11 7.708439532151e-11 8.852979700763e-11 2.639694786442e-09 1.175262127875e-10 
9.249180227475e-12 2.354998487789e-11 3.598189717549e-11 4.816322182766e-11 6.060113451121e-11 7.328121969362e-11 8.640538674462e-11 1.006029513106e-10 1.175262127875e-10 2.682765238592e-09 
