2.545172730112e-09 1.129208525432e-11 1.311204725021e-11 1.421289469498e-11 1.500298523706e-11 1.563109704070e-11 1.616935128517e-11 1.666485320506e-11 1.716769925949e-11 1.785609537969e-11 
1.129208525432e-11 2.560947104608e-09 2.820673162569e-11 3.184976341438e-11 3.446547658991e-11 3.654113736715e-11 3.831993465091e-11 3.995759802072e-11 4.161955389691e-11 4.389497583757e-11 
1.311204725021e-11 2.820673162569e-11 2.575958784320e-09 4.391272487973e-11 4.861749443809e-11 5.233542483418e-11 5.551595845023e-11 5.844427982271e-11 6.141627088019e-11 6.548550910475e-11 
1.421289469498e-11 3.184976341438e-11 4.391272487973e-11 2.591620934245e-09 6.029133717521e-11 6.598846456376e-11 7.083517889906e-11 7.528899122756e-11 7.980940228987e-11 8.599940911288e-11 
1.500298523706e-11 3.446547658991e-11 4.861749443809e-11 6.029133717521e-11 2.608534171886e-09 7.814706404581e-11 8.504218228629e-11 9.133911299741e-11 9.772065367248e-11 1.064616808955e-10 
1.563109704070e-11 3.654113736715e-11 5.233542483418e-11 6.598846456376e-11 7.814706404581e-11 2.627302352767e-09 9.817207617636e-11 1.066849777244e-10 1.152508956066e-10 1.269798865235e-10 
1.616935128517e-11 3.831993465091e-11 5.551595845023e-11 7.083517889906e-11 8.504218228629e-11 9.817207617636e-11 2.648742220031e-09 1.215271673985e-10 1.327289687152e-10 1.479511702345e-10 
1.666485320506e-11 3.995759802072e-11 5.844427982271e-11 7.528899122756e-11 9.133911299741e-11 1.066849777244e-10 1.215271673985e-10 2.674646611443e-09 1.509541618146e-10 1.704159718898e-10 
1.716769925949e-11 4.161955389691e-11 6.141627088019e-11 7.980940228987e-11 9.772065367248e-11 1.152508956066e-10 1.327289687152e-10 1.509541618146e-10 2.709539083678e-09 1.969661764064e-10 
1.785609537969e-11 4.389497583757e-11 6.548550910475e-11 8.599940911288e-11 1.064616808955e-10 1.269798865235e-10 1.479511702345e-10 1.704159718898e-10 1.969661764064e-10 2.777240849942e-09 
