2.542453947511e-09 6.782084196672e-12 7.907544487713e-12 8.588927252667e-12 9.077920804778e-12 9.466656722404e-12 9.799781861654e-12 1.010644803943e-11 1.041765992497e-11 1.084382465184e-11 
6.782084196672e-12 2.552216521985e-09 1.738657834423e-11 1.971218504113e-11 2.138167411483e-11 2.270613887483e-11 2.384118696982e-11 2.488619158186e-11 2.594670020673e-11 2.739896072195e-11 
7.907544487713e-12 1.738657834423e-11 2.561854621322e-09 2.756867251721e-11 3.063872406303e-11 3.306323613657e-11 3.513691019486e-11 3.704616866865e-11 3.898392236287e-11 4.163753882491e-11 
8.588927252667e-12 1.971218504113e-11 2.756867251721e-11 2.572146347018e-09 3.841678741214e-11 4.220206417657e-11 4.542011168376e-11 4.837673005230e-11 5.137760511593e-11 5.548748159388e-11 
9.077920804778e-12 2.138167411483e-11 3.063872406303e-11 3.841678741214e-11 2.583466908772e-09 5.045085626205e-11 5.510369409298e-11 5.935002541113e-11 6.365290848583e-11 6.954766310720e-11 
9.466656722404e-12 2.270613887483e-11 3.306323613657e-11 4.220206417657e-11 5.045085626205e-11 2.596220674919e-09 6.413664279169e-11 6.995571238430e-11 7.580718943415e-11 8.382028686934e-11 
9.799781861654e-12 2.384118696982e-11 3.513691019486e-11 4.542011168376e-11 5.510369409298e-11 6.413664279169e-11 2.610974000685e-09 8.028898177533e-11 8.802919875513e-11 9.854364205354e-11 
1.010644803943e-11 2.488619158186e-11 3.704616866865e-11 4.837673005230e-11 5.935002541113e-11 6.995571238430e-11 8.028898177533e-11 2.629000056017e-09 1.008516949019e-10 1.144263271740e-10 
1.041765992497e-11 2.594670020673e-11 3.898392236287e-11 5.137760511593e-11 6.365290848583e-11 7.580718943415e-11 8.802919875513e-11 1.008516949019e-10 2.653527335124e-09 1.333175111828e-10 
1.084382465184e-11 2.739896072195e-11 4.163753882491e-11 5.548748159388e-11 6.954766310720e-11 8.382028686934e-11 9.854364205354e-11 1.144263271740e-10 1.333175111828e-10 2.701601369801e-09 
