2.608436748159e-09 1.071700477778e-10 1.207622672811e-10 1.289529597916e-10 1.348325587972e-10 1.395069589631e-10 1.435125930766e-10 1.472000599058e-10 1.509421796298e-10 1.560648282412e-10 
1.071700477778e-10 2.725649662251e-09 2.239795923575e-10 2.470256331409e-10 2.635720347552e-10 2.767078154045e-10 2.879646000340e-10 2.983280134345e-10 3.088451287431e-10 3.232437392463e-10 
1.207622672811e-10 2.239795923575e-10 2.818200990140e-09 3.173325260304e-10 3.447421439339e-10 3.664210562649e-10 3.849700488864e-10 4.020474754507e-10 4.193793954371e-10 4.431093565062e-10 
1.289529597916e-10 2.470256331409e-10 3.173325260304e-10 2.907532302782e-09 4.086872381632e-10 4.402566290246e-10 4.671276059456e-10 4.918205716032e-10 5.168822039431e-10 5.511993397162e-10 
1.348325587972e-10 2.635720347552e-10 3.447421439339e-10 4.086872381632e-10 2.999765395197e-09 5.047387430526e-10 5.417727419080e-10 5.755877330038e-10 6.098513522950e-10 6.567833857619e-10 
1.395069589631e-10 2.767078154045e-10 3.664210562649e-10 4.402566290246e-10 5.047387430526e-10 3.099589330401e-09 6.104771784755e-10 6.554030421338e-10 7.005546592481e-10 7.623704063358e-10 
1.435125930766e-10 2.879646000340e-10 3.849700488864e-10 4.671276059456e-10 5.417727419080e-10 6.104771784755e-10 3.212386600248e-09 7.330699666737e-10 7.916912774226e-10 8.711658564471e-10 
1.472000599058e-10 2.983280134345e-10 4.020474754507e-10 4.918205716032e-10 5.755877330038e-10 6.554030421338e-10 7.330699666737e-10 3.348840523576e-09 8.883158200757e-10 9.895555326965e-10 
1.509421796298e-10 3.088451287431e-10 4.193793954371e-10 5.168822039431e-10 6.098513522950e-10 7.005546592481e-10 7.916912774226e-10 8.883158200757e-10 3.535531910323e-09 1.133778855864e-09 
1.560648282412e-10 3.232437392463e-10 4.431093565062e-10 5.511993397162e-10 6.567833857619e-10 7.623704063358e-10 8.711658564471e-10 9.895555326965e-10 1.133778855864e-09 3.910722532731e-09 
