2.552552795092e-09 2.319700576131e-11 2.672418686756e-11 2.885463875817e-11 3.038384242727e-11 3.159956732774e-11 3.264136449695e-11 3.360041279573e-11 3.457367561440e-11 3.590605408484e-11 
2.319700576131e-11 2.583081708065e-09 5.520190122126e-11 6.189149565282e-11 6.669529885930e-11 7.050836920174e-11 7.377605632230e-11 7.678443262231e-11 7.983742844174e-11 8.401730931985e-11 
2.672418686756e-11 5.520190122126e-11 2.610393445150e-09 8.335953284701e-11 9.171602981225e-11 9.832454612042e-11 1.039790167863e-10 1.091849968315e-10 1.144685534922e-10 1.217026975491e-10 
2.885463875817e-11 6.189149565282e-11 8.335953284701e-11 2.637940261279e-09 1.118516227641e-10 1.217232288592e-10 1.301271764603e-10 1.378511877943e-10 1.456905797455e-10 1.564252261786e-10 
3.038384242727e-11 6.669529885930e-11 9.171602981225e-11 1.118516227641e-10 2.666969173487e-09 1.422316044606e-10 1.539455545043e-10 1.646500615087e-10 1.754994168198e-10 1.903596183571e-10 
3.159956732774e-11 7.050836920174e-11 9.832454612042e-11 1.217232288592e-10 1.422316044606e-10 2.698589568162e-09 1.757411792458e-10 1.899841445151e-10 2.043223371715e-10 2.239545445262e-10 
3.264136449695e-11 7.377605632230e-11 1.039790167863e-10 1.301271764603e-10 1.539455545043e-10 1.757411792458e-10 2.734205843673e-09 2.143318215935e-10 2.328478311710e-10 2.580130508284e-10 
3.360041279573e-11 7.678443262231e-11 1.091849968315e-10 1.378511877943e-10 1.646500615087e-10 1.899841445151e-10 2.143318215935e-10 2.776760396832e-09 2.624698459889e-10 2.943108100970e-10 
3.457367561440e-11 7.983742844174e-11 1.144685534922e-10 1.456905797455e-10 1.754994168198e-10 2.043223371715e-10 2.328478311710e-10 2.624698459889e-10 2.833608642408e-09 3.371463585993e-10 
3.590605408484e-11 8.401730931985e-11 1.217026975491e-10 1.564252261786e-10 1.903596183571e-10 2.239545445262e-10 2.580130508284e-10 2.943108100970e-10 3.371463585993e-10 2.943322033198e-09 
