1.9363885468699392e-06 8.0889163576418554e-07 1.6418789550449852e-07 2.2723388921131081e-08 2.1778937889958999e-09 1.3295093545125287e-10 4.5383158380784275e-12 6.7125816093826178e-14 2.3877228386330411e-16 3.2461268994479914e-20 
8.0889163576418554e-07 2.0214275177290637e-06 1.2188373904024704e-06 3.8904975039247054e-07 7.5627138804968818e-08 9.1447594508325296e-09 6.3461573145287795e-10 1.9975110255687556e-11 1.6149090924607872e-13 5.7505274286558102e-17 
1.6418789550449852e-07 1.2188373904024704e-06 1.9038652442483156e-06 1.2603554036798047e-06 4.6691443731957377e-07 1.0230371639598653e-07 1.2679442407461023e-08 7.2814897333726781e-10 1.1476167037380645e-11 9.4193272813354899e-15 
2.2723388921131081e-08 3.8904975039247054e-07 1.2603554036798047e-06 1.6982688381958223e-06 1.1597976438317130e-06 4.5826787436708979e-07 9.9811337057822927e-08 1.0063811975511996e-08 2.9232094314455215e-10 5.2414898093740041e-13 
2.1778937889958999e-09 7.5627138804968818e-08 4.6691443731957377e-07 1.1597976438317130e-06 1.5121685558131468e-06 1.0606872858964037e-06 4.1214693099892816e-07 7.4083561118239684e-08 3.9832118301155629e-09 1.5522548691296531e-11 
1.3295093545125287e-10 9.1447594508325296e-09 1.0230371639598653e-07 4.5826787436708979e-07 1.0606872858964037e-06 1.4035362123631883e-06 9.7545861305824381e-07 3.2563961777281575e-07 3.4037340825057748e-08 3.0255278632513130e-10 
4.5383158380784275e-12 6.3461573145287795e-10 1.2679442407461023e-08 9.9811337057822927e-08 4.1214693099892816e-07 9.7545861305824381e-07 1.3306396721436034e-06 8.5731639317117858e-07 1.8974615216223609e-07 4.2902575717359011e-09 
6.7125816093826178e-14 1.9975110255687556e-11 7.2814897333726781e-10 1.0063811975511996e-08 7.4083561118239684e-08 3.2563961777281575e-07 8.5731639317117858e-07 1.2392052263249742e-06 6.4987279461173768e-07 4.5160873731504621e-08 
2.3877228386330411e-16 1.6149090924607872e-13 1.1476167037380645e-11 2.9232094314455215e-10 3.9832118301155629e-09 3.4037340825057748e-08 1.8974615216223609e-07 6.4987279461173768e-07 1.0911884705498738e-06 3.2329339827204774e-07 
3.2461268994479914e-20 5.7505274286558102e-17 9.4193272813354899e-15 5.2414898093740041e-13 1.5522548691296531e-11 3.0255278632513130e-10 4.2902575717359011e-09 4.5160873731504621e-08 3.2329339827204774e-07 6.9334472718257968e-07 
