4.9743867600546686e-07 1.7213168046427504e-07 3.2340245147782433e-08 4.1553076291458167e-09 3.8250068708962333e-10 2.3272814257049952e-11 8.0184212460967936e-13 1.1835678975529615e-14 4.0817158801193797e-17 5.3452462686728610e-21 
1.7213168046427504e-07 4.2648297009826521e-07 2.2705412126122841e-07 6.8970256342970116e-08 1.3222134548953289e-08 1.6095106177735886e-09 1.1227612505833654e-10 3.4914620005385686e-12 2.7268755107209889e-14 9.4503225993739964e-18 
3.2340245147782433e-08 2.2705412126122841e-07 3.6234195799501559e-07 2.2047965586050479e-07 8.1889653843761560e-08 1.8076669485494368e-08 2.2368751842750153e-09 1.2591957550408837e-10 1.9197122711585953e-12 1.5457407279337936e-15 
4.1553076291458167e-09 6.8970256342970116e-08 2.2047965586050479e-07 3.2077216017402412e-07 2.0458194180070540e-07 8.1050398587102678e-08 1.7487694064752598e-08 1.7199040584502814e-09 4.8553373166633626e-11 8.5901553552114669e-14 
3.8250068708962333e-10 1.3222134548953289e-08 8.1889653843761560e-08 2.0458194180070540e-07 2.9073705468192550e-07 1.8673027799784005e-07 7.1362483874701575e-08 1.2502692809726429e-08 6.5807860833471656e-10 2.5404577926391857e-12 
2.3272814257049952e-11 1.6095106177735886e-09 1.8076669485494368e-08 8.1050398587102678e-08 1.8673027799784005e-07 2.6727225922308135e-07 1.6614678427201417e-07 5.4297292349665167e-08 5.6013667640100096e-09 4.9446913248169031e-11 
8.0184212460967936e-13 1.1227612505833654e-10 2.2368751842750153e-09 1.7487694064752598e-08 7.1362483874701575e-08 1.6614678427201417e-07 2.4618835401239952e-07 1.4162153779078793e-07 3.1132931737973934e-08 7.0051494794874451e-10 
1.1835678975529615e-14 3.4914620005385686e-12 1.2591957550408837e-10 1.7199040584502814e-09 1.2502692809726429e-08 5.4297292349665167e-08 1.4162153779078793e-07 2.2713515967813876e-07 1.0631198561279625e-07 7.3890698611277489e-09 
4.0817158801193797e-17 2.7268755107209889e-14 1.9197122711585953e-12 4.8553373166633626e-11 6.5807860833471656e-10 5.6013667640100096e-09 3.1132931737973934e-08 1.0631198561279625e-07 2.0192816137136691e-07 5.3741506230663788e-08 
5.3452462686728610e-21 9.4503225993739964e-18 1.5457407279337936e-15 8.5901553552114669e-14 2.5404577926391857e-12 4.9446913248169031e-11 7.0051494794874451e-10 7.3890698611277489e-09 5.3741506230663788e-08 1.4587330077263145e-07 
