1.7651764513246227e-07 5.9528009335514252e-08 1.1138169508013679e-08 1.3995491692520153e-09 1.2485849252010367e-10 7.3176992136709725e-12 2.4141357098904985e-13 3.3806150301038364e-15 1.0971029447516457e-17 1.3079535544007535e-21 
5.9528009335514252e-08 1.6570916587501278e-07 7.7015221841009404e-08 2.2763866309526533e-08 4.2186379082474754e-09 4.9396905737207589e-10 3.2953424059302942e-11 9.7412958149941532e-13 7.1896019995446280e-15 2.2751020181794360e-18 
1.1138169508013679e-08 7.7015221841009404e-08 1.3899335790762312e-07 7.1038882532487183e-08 2.5520749789052900e-08 5.4228429238872394e-09 6.4213184646306618e-10 3.4463470578585111e-11 4.9706235339835305e-13 3.6679768985003541e-16 
1.3995491692520153e-09 2.2763866309526533e-08 7.1038882532487183e-08 1.1986665888738242e-07 6.2089592043768546e-08 2.3713277646524682e-08 4.9101378984475358e-09 4.6210349113672558e-10 1.2339196227924350e-11 2.0116886238173304e-14 
1.2485849252010367e-10 4.2186379082474754e-09 2.5520749789052900e-08 6.2089592043768546e-08 1.0549897432613772e-07 5.3126421631427077e-08 1.9572824192761574e-08 3.2913375786006932e-09 1.6386783062498559e-10 5.8767014438819553e-13 
7.3176992136709725e-12 4.9396905737207589e-10 5.4228429238872394e-09 2.3713277646524682e-08 5.3126421631427077e-08 9.4213105875027633e-08 4.4410433927723921e-08 1.3942629186128082e-08 1.3628245734667292e-09 1.1302473965251017e-11 
2.4141357098904985e-13 3.2953424059302942e-11 6.4213184646306618e-10 4.9101378984475358e-09 1.9572824192761574e-08 4.4410433927723921e-08 8.4687308004980476e-08 3.5237434378517920e-08 7.3785906030898236e-09 1.5810868373772367e-10 
3.3806150301038364e-15 9.7412958149941532e-13 3.4463470578585111e-11 4.6210349113672558e-10 3.2913375786006932e-09 1.3942629186128082e-08 3.5237434378517920e-08 7.5865482247528941e-08 2.4505978595039839e-08 1.6410993372753330e-09 
1.0971029447516457e-17 7.1896019995446280e-15 4.9706235339835305e-13 1.2339196227924350e-11 1.6386783062498559e-10 1.3628245734667292e-09 7.3785906030898236e-09 2.4505978595039839e-08 6.7126371301888800e-08 1.1599739311845808e-08 
1.3079535544007535e-21 2.2751020181794360e-18 3.6679768985003541e-16 2.0116886238173304e-14 5.8767014438819553e-13 1.1302473965251017e-11 1.5810868373772367e-10 1.6410993372753330e-09 1.1599739311845808e-08 5.2086482093255226e-08 
