1.0197593463144423e-07 3.2452412152356230e-08 6.3064956773645603e-09 8.1117527050882083e-10 7.3425784677818388e-11 4.3394713222444165e-12 1.4362005943230155e-13 2.0068319942143706e-15 6.4496039350706141e-18 7.4987569258049550e-22 
3.2452412152356230e-08 1.0561127235812038e-07 4.4396576500751883e-08 1.3331043006696385e-08 2.4950298452483095e-09 2.9361192617002214e-10 1.9595981770030040e-11 5.7664412271738592e-13 4.2071638526389807e-15 1.2974321689618376e-18 
6.3064956773645603e-09 4.4396576500751883e-08 9.2962172258325221e-08 4.1924020028975573e-08 1.5148701818835832e-08 3.2257599130066605e-09 3.8130909699392605e-10 2.0334876112822508e-11 2.8952303877314597e-13 2.0806037699900926e-16 
8.1117527050882083e-10 1.3331043006696385e-08 4.1924020028975573e-08 8.2581141825758522e-08 3.6926325155865455e-08 1.4098791969264092e-08 2.9088652378103549e-09 2.7161427731057692e-10 7.1515595159040082e-12 1.1346511340931489e-14 
7.3425784677818388e-11 2.4950298452483095e-09 1.5148701818835832e-08 3.6926325155865455e-08 7.4173045153769504e-08 3.1522193307437326e-08 1.1553167006449964e-08 1.9252129953049703e-09 9.4433278161867274e-11 3.2939827242931471e-13 
4.3394713222444165e-12 2.9361192617002214e-10 3.2257599130066605e-09 1.4098791969264092e-08 3.1522193307437326e-08 6.7213853105533984e-08 2.6073143265172066e-08 8.1033720264734797e-09 7.7979327194623898e-10 6.2891111682890860e-12 
1.4362005943230155e-13 1.9595981770030040e-11 3.8130909699392605e-10 2.9088652378103549e-09 1.1553167006449964e-08 2.6073143265172066e-08 6.1110375394630208e-08 2.0302189938268609e-08 4.1819563629675070e-09 8.7159262888120029e-11 
2.0068319942143706e-15 5.7664412271738592e-13 2.0334876112822508e-11 2.7161427731057692e-10 1.9252129953049703e-09 8.1033720264734797e-09 2.0302189938268609e-08 5.5332132413942683e-08 1.3702769935284911e-08 8.9253277855710780e-10 
6.4496039350706141e-18 4.2071638526389807e-15 2.8952303877314597e-13 7.1515595159040082e-12 9.4433278161867274e-11 7.7979327194623898e-10 4.1819563629675070e-09 1.3702769935284911e-08 4.9526532652443963e-08 6.1715267021139985e-09 
7.4987569258049550e-22 1.2974321689618376e-18 2.0806037699900926e-16 1.1346511340931489e-14 3.2939827242931471e-13 6.2891111682890860e-12 8.7159262888120029e-11 8.9253277855710780e-10 6.1715267021139985e-09 4.0433903129226584e-08 
