1.2208563707989479e-05 4.5561938391010272e-06 8.6320038542409444e-07 1.1096385650151936e-07 1.0095307575657349e-08 6.0001722723948657e-10 1.9952272200489622e-11 2.7968067642719823e-13 8.9962331144648988e-16 1.0412883691211002e-19 
4.5561938391010272e-06 1.0644168732814898e-05 6.0687258548873195e-06 1.8294472262042044e-06 3.4426469722248965e-07 4.0712983438151112e-08 2.7272341958824595e-09 8.0418542949508118e-11 5.8658523420492503e-13 1.7991173577822465e-16 
8.6320038542409444e-07 6.0687258548873195e-06 8.9080742982858161e-06 5.7761057993713698e-06 2.0968631832110257e-06 4.4823649533015866e-07 5.3127257694234426e-08 2.8365237026372193e-09 4.0339477117179273e-11 2.8807718327633144e-14 
1.1096385650151936e-07 1.8294472262042044e-06 5.7761057993713698e-06 7.5499239558843237e-06 5.1260018256556838e-06 1.9625063365087576e-06 4.0559553247348895e-07 3.7883922770665455e-08 9.9551588121241449e-10 1.5683354586228992e-12 
1.0095307575657349e-08 3.4426469722248965e-07 2.0968631832110257e-06 5.1260018256556838e-06 6.4244134846857859e-06 4.3935361607922937e-06 1.6115296515956387e-06 2.6839950812850338e-07 1.3129079766085886e-08 4.5438321805898988e-11 
6.0001722723948657e-10 4.0712983438151112e-08 4.4823649533015866e-07 1.9625063365087576e-06 4.3935361607922937e-06 5.4691577214407539e-06 3.6363486324172430e-06 1.1285971742657583e-06 1.0822476341648809e-07 8.6534741543441611e-10 
1.9952272200489622e-11 2.7272341958824595e-09 5.3127257694234426e-08 4.0559553247348895e-07 1.6115296515956387e-06 3.6363486324172430e-06 4.6129652938886213e-06 2.8224798029840476e-06 5.7886261213080622e-07 1.1950437642908036e-08 
2.7968067642719823e-13 8.0418542949508118e-11 2.8365237026372193e-09 3.7883922770665455e-08 2.6839950812850338e-07 1.1285971742657583e-06 2.8224798029840476e-06 3.7876718595462755e-06 1.8885652013028106e-06 1.2168346566394623e-07 
8.9962331144648988e-16 5.8658523420492503e-13 4.0339477117179273e-11 9.9551588121241449e-10 1.3129079766085886e-08 1.0822476341648809e-07 5.7886261213080622e-07 1.8885652013028106e-06 2.9438811185114175e-06 8.3252729855465803e-07 
1.0412883691211002e-19 1.7991173577822465e-16 2.8807718327633144e-14 1.5683354586228992e-12 4.5438321805898988e-11 8.6534741543441611e-10 1.1950437642908036e-08 1.2168346566394623e-07 8.3252729855465803e-07 1.6395477182829514e-06 
