7.2575560339154182e-08 2.0640125401660309e-08 4.1358926665557589e-09 5.4417169351721443e-10 5.0105852202630181e-11 3.0009718119703032e-12 1.0037491527261113e-13 1.4139986450254094e-15 4.5685658281295096e-18 5.3081250903527057e-22 
2.0640125401660309e-08 7.8714170301085227e-08 2.9617500400245309e-08 9.0494352761168757e-09 1.7172726047870400e-09 2.0433258005848704e-10 1.3755248630572814e-11 4.0732585358953231e-13 2.9821030751567348e-15 9.1752039149857305e-19 
4.1358926665557589e-09 2.9617500400245309e-08 7.2062036735974525e-08 2.8755697969689911e-08 1.0501251512582598e-08 2.2557289569488992e-09 2.6847958368412548e-10 1.4387210237640225e-11 2.0525027147818559e-13 1.4696834042573130e-16 
5.4417169351721443e-10 9.0494352761168757e-09 2.8755697969689911e-08 6.5844677924441155e-08 2.5762643789974117e-08 9.9010422232499880e-09 2.0533472338660594e-09 1.9238422309258710e-10 5.0688519569612326e-12 8.0038473299043717e-15 
5.0105852202630181e-11 1.7172726047870400e-09 1.0501251512582598e-08 2.5762643789974117e-08 6.0456064147141286e-08 2.2219361953067534e-08 8.1726408452053670e-09 1.3645564946120962e-09 6.6893110949341721e-11 2.3196412799146987e-13 
3.0009718119703032e-12 2.0433258005848704e-10 2.2557289569488992e-09 9.9010422232499880e-09 2.2219361953067534e-08 5.5785302701784369e-08 1.8472184350211378e-08 5.7442018654811333e-09 5.5177032888166884e-10 4.4190717350687379e-12 
1.0037491527261113e-13 1.3755248630572814e-11 2.6847958368412548e-10 2.0533472338660594e-09 8.1726408452053670e-09 1.8472184350211378e-08 5.1531862929831083e-08 1.4380943951435896e-08 2.9532666044082178e-09 6.1050181595777553e-11 
1.4139986450254094e-15 4.0732585358953231e-13 1.4387210237640225e-11 1.9238422309258710e-10 1.3645564946120962e-09 5.7442018654811333e-09 1.4380943951435896e-08 4.7380189147483559e-08 9.6421278654927602e-09 6.2196192966376711e-10 
4.5685658281295096e-18 2.9821030751567348e-15 2.0525027147818559e-13 5.0688519569612326e-12 6.6893110949341721e-11 5.5177032888166884e-10 2.9532666044082178e-09 9.6421278654927602e-09 4.3103944692572607e-08 4.2598498700828963e-09 
5.3081250903527057e-22 9.1752039149857305e-19 1.4696834042573130e-16 8.0038473299043717e-15 2.3196412799146987e-13 4.4190717350687379e-12 6.1050181595777553e-11 6.2196192966376711e-10 4.2598498700828963e-09 3.6481999868343745e-08 
