2.551641771647e-09 2.174026219039e-11 2.506408588923e-11 2.707198256857e-11 2.851320650125e-11 2.965898468415e-11 3.064084259236e-11 3.154471264891e-11 3.246197941132e-11 3.371770183696e-11 
2.174026219039e-11 2.580414460443e-09 5.197152710895e-11 5.830924781149e-11 6.286033175863e-11 6.647271185778e-11 6.956841915332e-11 7.241846684670e-11 7.531078616418e-11 7.927068767645e-11 
2.506408588923e-11 5.197152710895e-11 2.606313317691e-09 7.871061890220e-11 8.665290146003e-11 9.293348870008e-11 9.830730595813e-11 1.032548974220e-10 1.082762196021e-10 1.151513244665e-10 
2.707198256857e-11 5.830924781149e-11 7.871061890220e-11 2.632518892783e-09 1.058425506759e-10 1.152463185273e-10 1.232515160584e-10 1.306089279258e-10 1.380762616254e-10 1.483014546651e-10 
2.851320650125e-11 6.286033175863e-11 8.665290146003e-11 1.058425506759e-10 2.660195343621e-09 1.348298729019e-10 1.460078196280e-10 1.562221497941e-10 1.665746989168e-10 1.807544490325e-10 
2.965898468415e-11 6.647271185778e-11 9.293348870008e-11 1.152463185273e-10 1.348298729019e-10 2.690390031213e-09 1.668454188401e-10 1.804540922201e-10 1.941535072354e-10 2.129110278240e-10 
3.064084259236e-11 6.956841915332e-11 9.830730595813e-11 1.232515160584e-10 1.460078196280e-10 1.668454188401e-10 2.724437811644e-09 2.037534345187e-10 2.214616461904e-10 2.455291815565e-10 
3.154471264891e-11 7.241846684670e-11 1.032548974220e-10 1.306089279258e-10 1.562221497941e-10 1.804540922201e-10 2.037534345187e-10 2.765151357953e-09 2.498164301159e-10 2.802899896702e-10 
3.246197941132e-11 7.531078616418e-11 1.082762196021e-10 1.380762616254e-10 1.665746989168e-10 1.941535072354e-10 2.214616461904e-10 2.498164301159e-10 2.819553288245e-09 3.213179712469e-10 
3.371770183696e-11 7.927068767645e-11 1.151513244665e-10 1.483014546651e-10 1.807544490325e-10 2.129110278240e-10 2.455291815565e-10 2.802899896702e-10 3.213179712469e-10 2.924558422594e-09 
