2.679446097656e-09 2.094643319789e-10 2.342223248869e-10 2.491432403638e-10 2.598533740101e-10 2.683680288387e-10 2.756645177482e-10 2.823814542871e-10 2.891979550034e-10 2.985320918716e-10 
2.094643319789e-10 2.892730466911e-09 4.207449833315e-10 4.624782237982e-10 4.924318655748e-10 5.162046257200e-10 5.365769614929e-10 5.553327637013e-10 5.743667977239e-10 6.004316717103e-10 
2.342223248869e-10 4.207449833315e-10 3.060637733826e-09 5.911575821228e-10 6.414984030372e-10 6.812775777132e-10 7.153035983034e-10 7.466303530449e-10 7.784245010521e-10 8.219639541132e-10 
2.491432403638e-10 4.624782237982e-10 5.911575821228e-10 3.225840086613e-09 7.616112816940e-10 8.207674398665e-10 8.710588876772e-10 9.172549972112e-10 9.641415971896e-10 1.028356145901e-09 
2.598533740101e-10 4.924318655748e-10 6.414984030372e-10 7.616112816940e-10 3.400419200273e-09 9.452446268757e-10 1.016174808735e-09 1.080835967818e-09 1.146333779720e-09 1.236069459060e-09 
2.683680288387e-10 5.162046257200e-10 6.812775777132e-10 8.207674398665e-10 9.452446268757e-10 3.593825170320e-09 1.152064267543e-09 1.239915642018e-09 1.328050715268e-09 1.448729841048e-09 
2.756645177482e-10 5.365769614929e-10 7.153035983034e-10 8.710588876772e-10 1.016174808735e-09 1.152064267543e-09 3.817346473965e-09 1.397457848196e-09 1.514533964288e-09 1.673029489928e-09 
2.823814542871e-10 5.553327637013e-10 7.466303530449e-10 9.172549972112e-10 1.080835967818e-09 1.239915642018e-09 1.397457848196e-09 4.094636709071e-09 1.716187160814e-09 1.922596017874e-09 
2.891979550034e-10 5.743667977239e-10 7.784245010521e-10 9.641415971896e-10 1.146333779720e-09 1.328050715268e-09 1.514533964288e-09 1.716187160814e-09 4.484377239780e-09 2.231851882409e-09 
2.985320918716e-10 6.004316717103e-10 8.219639541132e-10 1.028356145901e-09 1.236069459060e-09 1.448729841048e-09 1.673029489928e-09 1.922596017874e-09 2.231851882409e-09 5.289118512480e-09 
