2.542141513982e-09 6.258824959421e-12 7.301783507389e-12 7.933306626310e-12 8.386511649310e-12 8.746795484843e-12 9.055538988460e-12 9.339760072883e-12 9.628193799310e-12 1.002306233533e-11 
6.258824959421e-12 2.551189403031e-09 1.610612612089e-11 1.827160859381e-11 1.982610687682e-11 2.105928710330e-11 2.211610620858e-11 2.308909008101e-11 2.407650882285e-11 2.542841518128e-11 
7.301783507389e-12 1.610612612089e-11 2.560171752900e-09 2.560997856749e-11 2.847861992247e-11 3.074377215400e-11 3.268108391883e-11 3.446479676202e-11 3.627513306892e-11 3.875385748500e-11 
7.933306626310e-12 1.827160859381e-11 2.560997856749e-11 2.569799183227e-09 3.577091369372e-11 3.931821438149e-11 4.233361484911e-11 4.510393908740e-11 4.791573571209e-11 5.176612701809e-11 
8.386511649310e-12 1.982610687682e-11 2.847861992247e-11 3.577091369372e-11 2.580421087334e-09 4.707578034142e-11 5.144780388136e-11 5.543726128985e-11 5.947976606262e-11 6.501717414553e-11 
8.746795484843e-12 2.105928710330e-11 3.074377215400e-11 3.931821438149e-11 4.707578034142e-11 2.592420070386e-09 5.996423594198e-11 6.544414510349e-11 7.095397270973e-11 7.849835654569e-11 
9.055538988460e-12 2.211610620858e-11 3.268108391883e-11 4.233361484911e-11 5.144780388136e-11 5.996423594198e-11 2.606330098715e-09 7.520739580848e-11 8.251114154521e-11 9.243037445079e-11 
9.339760072883e-12 2.308909008101e-11 3.446479676202e-11 4.510393908740e-11 5.543726128985e-11 6.544414510349e-11 7.520739580848e-11 2.623362932948e-09 9.465212851245e-11 1.074798101232e-10 
9.628193799310e-12 2.407650882285e-11 3.627513306892e-11 4.791573571209e-11 5.947976606262e-11 7.095397270973e-11 8.251114154521e-11 9.465212851245e-11 2.646580353627e-09 1.254028463379e-10 
1.002306233533e-11 2.542841518128e-11 3.875385748500e-11 5.176612701809e-11 6.501717414553e-11 7.849835654569e-11 9.243037445079e-11 1.074798101232e-10 1.254028463379e-10 2.692187269306e-09 
