2.575924959197e-09 5.916452816022e-11 6.726239792241e-11 7.214534250696e-11 7.565049989127e-11 7.843716680426e-11 8.082514747736e-11 8.302345170599e-11 8.525434096849e-11 8.830922529169e-11 
5.916452816022e-11 2.645858166850e-09 1.300894781174e-10 1.443339154849e-10 1.545625128887e-10 1.626830686481e-10 1.696420729404e-10 1.760487778697e-10 1.825505054047e-10 1.914538978657e-10 
6.726239792241e-11 1.300894781174e-10 2.703333343425e-09 1.883660708568e-10 2.055054439380e-10 2.190650188544e-10 2.306682027744e-10 2.413508943482e-10 2.521927266196e-10 2.670396999538e-10 
7.214534250696e-11 1.443339154849e-10 1.883660708568e-10 2.759288302381e-09 2.456529477721e-10 2.654433976204e-10 2.822962020125e-10 2.977858089817e-10 3.135066428008e-10 3.350367210422e-10 
7.565049989127e-11 1.545625128887e-10 2.055054439380e-10 2.456529477721e-10 2.817054106521e-09 3.057225205839e-10 3.288666126506e-10 3.500162545412e-10 3.714509941976e-10 4.008138205386e-10 
7.843716680426e-11 1.626830686481e-10 2.190650188544e-10 2.654433976204e-10 3.057225205839e-10 2.879225658089e-09 3.713579639307e-10 3.992475965872e-10 4.273122378992e-10 4.657413462415e-10 
8.082514747736e-11 1.696420729404e-10 2.306682027744e-10 2.822962020125e-10 3.288666126506e-10 3.713579639307e-10 2.948811158944e-09 4.466294661555e-10 4.827021295693e-10 5.316879308913e-10 
8.302345170599e-11 1.760487778697e-10 2.413508943482e-10 2.977858089817e-10 3.500162545412e-10 3.992475965872e-10 4.466294661555e-10 3.031864685773e-09 5.405739242614e-10 6.023624997566e-10 
8.525434096849e-11 1.825505054047e-10 2.521927266196e-10 3.135066428008e-10 3.714509941976e-10 4.273122378992e-10 4.827021295693e-10 5.405739242614e-10 3.143381444689e-09 6.868577976821e-10 
8.830922529169e-11 1.914538978657e-10 2.670396999538e-10 3.350367210422e-10 4.008138205386e-10 4.657413462415e-10 5.316879308913e-10 6.023624997566e-10 6.868577976821e-10 3.361776176413e-09 
