2.543014301651e-09 7.720693490849e-12 8.994311485022e-12 9.765235599500e-12 1.031850030900e-11 1.075833228224e-11 1.113524341089e-11 1.148221770687e-11 1.183433519189e-11 1.231651480998e-11 
7.720693490849e-12 2.554060058865e-09 1.968537823201e-11 2.229875832065e-11 2.417493740395e-11 2.566347600727e-11 2.693912853845e-11 2.811357950571e-11 2.930545448844e-11 3.093760771412e-11 
8.994311485022e-12 1.968537823201e-11 2.564876798607e-09 3.108708785924e-11 3.451969828478e-11 3.723097592701e-11 3.955002392829e-11 4.168519765347e-11 4.385223200533e-11 4.681983030306e-11 
9.765235599500e-12 2.229875832065e-11 3.108708785924e-11 2.576364746131e-09 4.317342769280e-11 4.738739179587e-11 5.097056251583e-11 5.426281792754e-11 5.760433734100e-11 6.218073397059e-11 
1.031850030900e-11 2.417493740395e-11 3.451969828478e-11 4.317342769280e-11 2.588944604679e-09 5.652319707115e-11 6.168335402671e-11 6.639346723830e-11 7.116644493020e-11 7.770516055719e-11 
1.075833228224e-11 2.566347600727e-11 3.723097592701e-11 4.738739179587e-11 5.652319707115e-11 2.603064097892e-09 7.165333153505e-11 7.808591282448e-11 8.455554005782e-11 9.341519991655e-11 
1.113524341089e-11 2.693912853845e-11 3.955002392829e-11 5.097056251583e-11 6.168335402671e-11 7.165333153505e-11 2.619345252557e-09 8.945452071587e-11 9.798752900562e-11 1.095804623937e-10 
1.148221770687e-11 2.811357950571e-11 4.168519765347e-11 5.426281792754e-11 6.639346723830e-11 7.808591282448e-11 8.945452071587e-11 2.639180012425e-09 1.120583313616e-10 1.269883397057e-10 
1.183433519189e-11 2.930545448844e-11 4.385223200533e-11 5.760433734100e-11 7.116644493020e-11 8.455554005782e-11 9.798752900562e-11 1.120583313616e-10 2.666097448959e-09 1.476471400716e-10 
1.231651480998e-11 3.093760771412e-11 4.681983030306e-11 6.218073397059e-11 7.770516055719e-11 9.341519991655e-11 1.095804623937e-10 1.269883397057e-10 1.476471400716e-10 2.718704218601e-09 
