2.559403425417e-09 3.396144953656e-11 3.893003250817e-11 4.192888742259e-11 4.408150013185e-11 4.579285406884e-11 4.725936946966e-11 4.860940070315e-11 4.997944321668e-11 5.185552823090e-11 
3.396144953656e-11 2.602370992611e-09 7.840897337378e-11 8.754521840842e-11 9.410608911166e-11 9.931439795796e-11 1.037777373201e-10 1.078868619983e-10 1.120569338880e-10 1.177673990240e-10 
3.893003250817e-11 7.840897337378e-11 2.639484700171e-09 1.163884881072e-10 1.276116220134e-10 1.364893029278e-10 1.440858261711e-10 1.510797698982e-10 1.581779145930e-10 1.678982451849e-10 
4.192888742259e-11 8.754521840842e-11 1.163884881072e-10 2.676311511838e-09 1.542896745260e-10 1.674000073312e-10 1.785635669603e-10 1.888243197732e-10 1.992382892272e-10 2.135004865221e-10 
4.408150013185e-11 9.410608911166e-11 1.276116220134e-10 1.542896745260e-10 2.714712282194e-09 1.943358241740e-10 2.097694571112e-10 2.238746990704e-10 2.381708351048e-10 2.577545774095e-10 
4.579285406884e-11 9.931439795796e-11 1.364893029278e-10 1.674000073312e-10 1.943358241740e-10 2.756248348541e-09 2.382487602172e-10 2.569112142013e-10 2.756980424867e-10 3.014241544876e-10 
4.725936946966e-11 1.037777373201e-10 1.440858261711e-10 1.785635669603e-10 2.097694571112e-10 2.382487602172e-10 2.802822849428e-09 2.886354678028e-10 3.128062065892e-10 3.456544586215e-10 
4.860940070315e-11 1.078868619983e-10 1.510797698982e-10 1.888243197732e-10 2.238746990704e-10 2.569112142013e-10 2.886354678028e-10 2.858332389275e-09 3.513788896857e-10 3.928364142368e-10 
4.997944321668e-11 1.120569338880e-10 1.581779145930e-10 1.992382892272e-10 2.381708351048e-10 2.756980424867e-10 3.128062065892e-10 3.513788896857e-10 2.932463003310e-09 4.486904307952e-10 
5.185552823090e-11 1.177673990240e-10 1.678982451849e-10 2.135004865221e-10 2.577545774095e-10 3.014241544876e-10 3.456544586215e-10 3.928364142368e-10 4.486904307952e-10 3.075898349725e-09 
