2.565987148335e-09 4.409968867176e-11 5.035805794208e-11 5.413358897808e-11 5.684376343900e-11 5.899839581295e-11 6.084476853105e-11 6.254448444296e-11 6.426939249119e-11 6.663071861445e-11 
4.409968867176e-11 2.620074503207e-09 9.952580280697e-11 1.107905403364e-10 1.188797794478e-10 1.253016884540e-10 1.308050278907e-10 1.358716029828e-10 1.410133196715e-10 1.480527961280e-10 
5.035805794208e-11 9.952580280697e-11 2.665682300009e-09 1.459788292533e-10 1.596708781070e-10 1.705026677356e-10 1.797715175165e-10 1.883050849503e-10 1.969657759971e-10 2.088236970862e-10 
5.413358897808e-11 1.107905403364e-10 1.459788292533e-10 2.710488777088e-09 1.919603524930e-10 2.078530562711e-10 2.213864961196e-10 2.338254931965e-10 2.464502253416e-10 2.637373530192e-10 
5.684376343900e-11 1.188797794478e-10 1.596708781070e-10 1.919603524930e-10 2.756944187200e-09 2.403212769618e-10 2.589550341663e-10 2.759851469793e-10 2.932456725680e-10 3.168868844029e-10 
5.899839581295e-11 1.253016884540e-10 1.705026677356e-10 2.078530562711e-10 2.403212769618e-10 2.807028943872e-09 2.932213563315e-10 3.157049582696e-10 3.383365342653e-10 3.693228967036e-10 
6.084476853105e-11 1.308050278907e-10 1.797715175165e-10 2.213864961196e-10 2.589550341663e-10 2.932213563315e-10 2.863111927656e-09 3.538802179428e-10 3.829715361796e-10 4.224916334074e-10 
6.254448444296e-11 1.358716029828e-10 1.883050849503e-10 2.338254931965e-10 2.759851469793e-10 3.157049582696e-10 3.538802179428e-10 2.929952132572e-09 4.294220817846e-10 4.792432198329e-10 
6.426939249119e-11 1.410133196715e-10 1.969657759971e-10 2.464502253416e-10 2.932456725680e-10 3.383365342653e-10 3.829715361796e-10 4.294220817846e-10 3.019302503691e-09 5.466161189007e-10 
6.663071861445e-11 1.480527961280e-10 2.088236970862e-10 2.637373530192e-10 3.168868844029e-10 3.693228967036e-10 4.224916334074e-10 4.792432198329e-10 5.466161189007e-10 3.192838338383e-09 
