2.543225982766e-09 8.074193348736e-12 9.403133993231e-12 1.020747919933e-11 1.078473386973e-11 1.124363811945e-11 1.163689288308e-11 1.199891257253e-11 1.236629799667e-11 1.286925092763e-11 
8.074193348736e-12 2.554750735966e-09 2.054411436784e-11 2.326353723996e-11 2.521589026430e-11 2.676489841494e-11 2.809237090620e-11 2.931452923179e-11 3.055481798565e-11 3.225293268446e-11 
9.403133993231e-12 2.054411436784e-11 2.566000630775e-09 3.239211735627e-11 3.595701332945e-11 3.877293043387e-11 4.118152776907e-11 4.339914831123e-11 4.564985552328e-11 4.873152917285e-11 
1.020747919933e-11 2.326353723996e-11 3.239211735627e-11 2.577923748788e-09 4.492715992071e-11 4.929627590581e-11 5.301163510942e-11 5.642539816211e-11 5.989023650849e-11 6.463484701504e-11 
1.078473386973e-11 2.521589026430e-11 3.595701332945e-11 4.492715992071e-11 2.590957909821e-09 5.875056036717e-11 6.409324755515e-11 6.897023161126e-11 7.391237405161e-11 8.068197445672e-11 
1.124363811945e-11 2.676489841494e-11 3.877293043387e-11 4.929627590581e-11 5.875056036717e-11 2.605567694046e-09 7.439764172962e-11 8.104974413731e-11 8.774065595505e-11 9.690231462899e-11 
1.163689288308e-11 2.809237090620e-11 4.118152776907e-11 5.301163510942e-11 6.409324755515e-11 7.439764172962e-11 2.622393961362e-09 9.278665157985e-11 1.016025374633e-10 1.135789266099e-10 
1.199891257253e-11 2.931452923179e-11 4.339914831123e-11 5.642539816211e-11 6.897023161126e-11 8.104974413731e-11 9.278665157985e-11 2.642873033923e-09 1.161153014048e-10 1.315244821372e-10 
1.236629799667e-11 3.055481798565e-11 4.564985552328e-11 5.989023650849e-11 7.391237405161e-11 8.774065595505e-11 1.016025374633e-10 1.161153014048e-10 2.670635175530e-09 1.528080276381e-10 
1.286925092763e-11 3.225293268446e-11 4.873152917285e-11 6.463484701504e-11 8.068197445672e-11 9.690231462899e-11 1.135789266099e-10 1.315244821372e-10 1.528080276381e-10 2.724843174288e-09 
