7.2864589490196683e-08 2.0786730688409308e-08 4.1666839514023767e-09 5.4828285835468835e-10 5.0465266312320971e-11 3.0207058567004832e-12 1.0101912094013367e-13 1.4232791405778823e-15 4.5993890840163861e-18 5.3449872431187301e-22 
2.0786730688409308e-08 7.9087441964334143e-08 2.9841332802420121e-08 9.1159563954626262e-09 1.7289260825474882e-09 2.0564749437287027e-10 1.3844384394861249e-11 4.1002877288604091e-13 3.0023752384520977e-15 9.2391548655885277e-19 
4.1666839514023767e-09 2.9841332802420121e-08 7.2387273053833704e-08 2.8955485127032174e-08 1.0569640429118737e-08 2.2702318499976075e-09 2.7023742832618811e-10 1.4483514460131744e-11 2.0665417696742288e-13 1.4799593563806339e-16 
5.4828285835468835e-10 9.1159563954626262e-09 2.8955485127032174e-08 6.6091350551387272e-08 2.5927991012403215e-08 9.9652921732548080e-09 2.0669323190652185e-09 1.9368222332798608e-10 5.1037149540376288e-12 8.0599702296282239e-15 
5.0465266312320971e-11 1.7289260825474882e-09 1.0569640429118737e-08 2.5927991012403215e-08 6.0664755808329556e-08 2.2365460299428830e-08 8.2272940292884232e-09 1.3738361894204806e-09 6.7355662735250943e-11 2.3359503102025189e-13 
3.0207058567004832e-12 2.0564749437287027e-10 2.2702318499976075e-09 9.9652921732548080e-09 2.2365460299428830e-08 5.5969190004563070e-08 1.8597081338417684e-08 5.7835888834457423e-09 5.5560678122141276e-10 4.4502225739802081e-12 
1.0101912094013367e-13 1.3844384394861249e-11 2.7023742832618811e-10 2.0669323190652185e-09 8.2272940292884232e-09 1.8597081338417684e-08 5.1691366211390671e-08 1.4480403541673347e-08 2.9739205872618332e-09 6.1481654239801652e-11 
1.4232791405778823e-15 4.1002877288604091e-13 1.4483514460131744e-11 1.9368222332798608e-10 1.3738361894204806e-09 5.7835888834457423e-09 1.4480403541673347e-08 4.7513971549447177e-08 9.7099707542271084e-09 6.2636858898389827e-10 
4.5993890840163861e-18 3.0023752384520977e-15 2.0665417696742288e-13 5.1037149540376288e-12 6.7355662735250943e-11 5.5560678122141276e-10 2.9739205872618332e-09 9.7099707542271084e-09 4.3209359515507050e-08 4.2900745174191792e-09 
5.3449872431187301e-22 9.2391548655885277e-19 1.4799593563806339e-16 8.0599702296282239e-15 2.3359503102025189e-13 4.4502225739802081e-12 6.1481654239801652e-11 6.2636858898389827e-10 4.2900745174191792e-09 3.6540419175418293e-08 
