1.9491921661869106e-06 8.1401660236288526e-07 1.6520752485236920e-07 2.2858902473671245e-08 2.1894586362607368e-09 1.3355138978537802e-10 4.5573502623099382e-12 6.7406417460079440e-14 2.3977592041096179e-16 3.2599879993184426e-20 
8.1401660236288526e-07 2.0338482041231199e-06 1.2262179500555083e-06 3.9121628819455093e-07 7.5989783490039293e-08 9.1838949693331979e-09 6.3726611992821344e-10 2.0058766497911435e-11 1.6217138676030063e-13 5.7751793385731249e-17 
1.6520752485236920e-07 1.2262179500555083e-06 1.9145016369890703e-06 1.2666669479306583e-06 4.6897656589125621e-07 1.0273284120470453e-07 1.2732430938682462e-08 7.3120385981461254e-10 1.1524655316116731e-11 9.4598722017524458e-15 
2.2858902473671245e-08 3.9121628819455093e-07 1.2666669479306583e-06 1.7057497087423138e-06 1.1646947535129328e-06 4.6018167124990782e-07 1.0022914080849151e-07 1.0106118793485952e-08 2.9355992270892487e-10 5.2641515303153720e-13 
2.1894586362607368e-09 7.5989783490039293e-08 4.6897656589125621e-07 1.1646947535129328e-06 1.5183665102665704e-06 1.0651226350644328e-06 4.1387572080613109e-07 7.4395820568543333e-08 4.0001598088866742e-09 1.5589993193481798e-11 
1.3355138978537802e-10 9.1838949693331979e-09 1.0273284120470453e-07 4.6018167124990782e-07 1.0651226350644328e-06 1.4093015000831481e-06 9.7956177440416552e-07 3.2701740895239352e-07 3.4182907971845326e-08 3.0387500867949936e-10 
4.5573502623099382e-12 6.3726611992821344e-10 1.2732430938682462e-08 1.0022914080849151e-07 4.1387572080613109e-07 9.7956177440416552e-07 1.3361421792622764e-06 8.6096468312613887e-07 1.9056351373459268e-07 4.3091463420281645e-09 
6.7406417460079440e-14 2.0058766497911435e-11 7.3120385981461254e-10 1.0106118793485952e-08 7.4395820568543333e-08 3.2701740895239352e-07 8.6096468312613887e-07 1.2444048421198169e-06 6.5270210857703647e-07 4.5361817160968928e-08 
2.3977592041096179e-16 1.6217138676030063e-13 1.1524655316116731e-11 2.9355992270892487e-10 4.0001598088866742e-09 3.4182907971845326e-08 1.9056351373459268e-07 6.5270210857703647e-07 1.0958919563356728e-06 3.2475585513358403e-07 
3.2599879993184426e-20 5.7751793385731249e-17 9.4598722017524458e-15 5.2641515303153720e-13 1.5589993193481798e-11 3.0387500867949936e-10 4.3091463420281645e-09 4.5361817160968928e-08 3.2475585513358403e-07 6.9642995723471955e-07 
