7.4627128598950693e-08 2.1524928738466133e-08 4.3048160784843478e-09 5.6544911339149998e-10 5.1972037998552825e-11 3.1073357300589485e-12 1.0381539217336699e-13 1.4614919937632253e-15 4.7196633930861288e-18 5.4827927949902973e-22 
2.1524928738466133e-08 8.0794445092698282e-08 3.0789392314227364e-08 9.3922501650456164e-09 1.7792445449986830e-09 2.1142401903794508e-10 1.4221561429608268e-11 4.2091681808092384e-13 3.0804277025159069e-15 9.4774319182309409e-19 
4.3048160784843478e-09 3.0789392314227364e-08 7.3735139919739998e-08 2.9807072046579612e-08 1.0870412181080634e-08 2.3329430262255079e-09 2.7751262029989712e-10 1.4864956316186790e-11 2.1200599545212114e-13 1.5181584042482781e-16 
5.6544911339149998e-10 9.3922501650456164e-09 2.9807072046579612e-08 6.7174522287767073e-08 2.6650053972107223e-08 1.0236314493982634e-08 2.1219826422910276e-09 1.9874773330502253e-10 5.2355604039232851e-12 8.2682757853676103e-15 
5.1972037998552825e-11 1.7792445449986830e-09 1.0870412181080634e-08 2.6650053972107223e-08 6.1550706029145330e-08 2.2964864264536245e-08 8.4441659010964140e-09 1.4095487781393988e-09 6.9093202561143848e-11 2.3964373784811643e-13 
3.1073357300589485e-12 2.1142401903794508e-10 2.3329430262255079e-09 1.0236314493982634e-08 2.2964864264536245e-08 5.6703088153958763e-08 1.9082592638903484e-08 5.9332005563654653e-09 5.6993494981150471e-10 4.5657926314902598e-12 
1.0381539217336699e-13 1.4221561429608268e-11 2.7751262029989712e-10 2.1219826422910276e-09 8.4441659010964140e-09 1.9082592638903484e-08 5.2299752270490587e-08 1.4853938379199455e-08 3.0507065595233368e-09 6.3086157992919325e-11 
1.4614919937632253e-15 4.2091681808092384e-13 1.4864956316186790e-11 1.9874773330502253e-10 1.4095487781393988e-09 5.9332005563654653e-09 1.4853938379199455e-08 4.8012147416285695e-08 9.9616774841273569e-09 6.4287201562694930e-10 
4.7196633930861288e-18 3.0804277025159069e-15 2.1200599545212114e-13 5.2355604039232851e-12 6.9093202561143848e-11 5.6993494981150471e-10 3.0507065595233368e-09 9.9616774841273569e-09 4.3602681496086330e-08 4.4054501634057671e-09 
5.4827927949902973e-22 9.4774319182309409e-19 1.5181584042482781e-16 8.2682757853676103e-15 2.3964373784811643e-13 4.5657926314902598e-12 6.3086157992919325e-11 6.4287201562694930e-10 4.4054501634057671e-09 3.6774695437311691e-08 
