1.191518418813e-07 3.895172112496e-08 7.476471312678e-09 9.537536740217e-10 8.588005993172e-11 5.054284507892e-12 1.668659620900e-13 2.331286299580e-15 7.484321349414e-18 8.768999755349e-22 
3.895172112496e-08 1.201488908241e-07 5.230383189330e-08 1.561545530173e-08 2.910633765804e-09 3.413723129551e-10 2.276769492770e-11 6.694144414355e-13 4.887974573069e-15 1.518039705844e-18 
7.476471312678e-09 5.230383189330e-08 1.041106672043e-07 4.896094164754e-08 1.763149088953e-08 3.748026125121e-09 4.429608637083e-10 2.359590202168e-11 3.369723549649e-13 2.434936994472e-16 
9.537536740217e-10 1.561545530173e-08 4.896094164754e-08 9.152125451200e-08 4.291308595343e-08 1.638035807286e-08 3.377521744040e-09 3.152489472776e-10 8.339264803244e-12 1.328156736891e-14 
8.588005993172e-11 2.910633765804e-09 1.763149088953e-08 4.291308595343e-08 8.161192466308e-08 3.661378079148e-08 1.340658437589e-08 2.237265188781e-09 1.103027609456e-10 3.857758848305e-13 
5.054284507892e-12 3.413723129551e-10 3.748026125121e-09 1.638035807286e-08 3.661378079148e-08 7.347670067654e-08 3.026723365546e-08 9.439299959464e-09 9.119932735401e-10 7.375203381006e-12 
1.668659620900e-13 2.276769492770e-11 4.429608637083e-10 3.377521744040e-09 1.340658437589e-08 3.026723365546e-08 6.650076612228e-08 2.371520230569e-08 4.894416027430e-09 1.025072337162e-10 
2.331286299580e-15 6.694144414355e-13 2.359590202168e-11 3.152489472776e-10 2.237265188781e-09 9.439299959464e-09 2.371520230569e-08 5.994487779259e-08 1.605770030591e-08 1.055685332146e-09 
7.484321349414e-18 4.887974573069e-15 3.369723549649e-13 8.339264803244e-12 1.103027609456e-10 9.119932735401e-10 4.894416027430e-09 1.605770030591e-08 5.334991552854e-08 7.360836130226e-09 
8.768999755349e-22 1.518039705844e-18 2.434936994472e-16 1.328156736891e-14 3.857758848305e-13 7.375203381006e-12 1.025072337162e-10 1.055685332146e-09 7.360836130226e-09 4.289959523407e-08 
