6.204306112626e-08 1.612044510541e-08 3.279410437563e-09 4.367939033175e-10 4.064073736115e-11 2.452915360813e-12 8.272668206880e-14 1.172595643711e-15 3.808802274036e-18 4.448856168071e-22 
1.612044510541e-08 6.815165230976e-08 2.369822203607e-08 7.316280726928e-09 1.399795774671e-09 1.677951593764e-10 1.137828164668e-11 3.383062992005e-13 2.492317101547e-15 7.685190713884e-19 
3.279410437563e-09 2.369822203607e-08 6.361161291118e-08 2.339341622716e-08 8.598047743868e-09 1.859992591598e-09 2.225448114732e-10 1.196985877695e-11 1.718480659209e-13 1.230340654711e-16 
4.367939033175e-10 7.316280726928e-09 2.339341622716e-08 5.899211380797e-08 2.120004354079e-08 8.192733664702e-09 1.704733473175e-09 1.604023990206e-10 4.248283800796e-12 6.698667649635e-15 
4.064073736115e-11 1.399795774671e-09 8.598047743868e-09 2.120004354079e-08 5.487264090711e-08 1.843032959066e-08 6.798092222819e-09 1.140514779232e-09 5.607859241303e-11 1.941714700628e-13 
2.452915360813e-12 1.677951593764e-10 1.859992591598e-09 8.192733664702e-09 1.843032959066e-08 5.113193611085e-08 1.541136460759e-08 4.811632783643e-09 4.623483068536e-10 3.701471478868e-12 
8.272668206880e-14 1.137828164668e-11 2.225448114732e-10 1.704733473175e-09 6.798092222819e-09 1.541136460759e-08 4.773319968336e-08 1.205569968888e-08 2.472571125246e-09 5.118673025707e-11 
1.172595643711e-15 3.383062992005e-13 1.196985877695e-11 1.604023990206e-10 1.140514779232e-09 4.811632783643e-09 1.205569968888e-08 4.426369087842e-08 8.073642091608e-09 5.217365443720e-10 
3.808802274036e-18 2.492317101547e-15 1.718480659209e-13 4.248283800796e-12 5.607859241303e-11 4.623483068536e-10 2.472571125246e-09 8.073642091608e-09 4.069988651839e-08 3.562268660279e-09 
4.448856168071e-22 7.685190713884e-19 1.230340654711e-16 6.698667649635e-15 1.941714700628e-13 3.701471478868e-12 5.118673025707e-11 5.217365443720e-10 3.562268660279e-09 3.506274769166e-08 
