1.0248426564891661e-07 3.2696178556425189e-08 6.3557542056010602e-09 8.1755637093657347e-10 7.3971332854025387e-11 4.3688486453453476e-12 1.4456022097373482e-13 2.0201244913751441e-15 6.4929715130725847e-18 7.5497346453029149e-22 
3.2696178556425189e-08 1.0621236735769937e-07 4.4746591187168191e-08 1.3432714216597609e-08 2.5125072499241302e-09 2.9554719562954860e-10 1.9724824740758776e-11 5.8048769184626408e-13 4.2355528090097913e-15 1.3062582556184385e-18 
6.3557542056010602e-09 4.4746591187168191e-08 9.3460758335728855e-08 4.2225161432820400e-08 1.5250082861217269e-08 3.2468982880153630e-09 3.8383110173433097e-10 2.0471055700708374e-11 2.9148171701694849e-13 2.0947620257796805e-16 
8.1755637093657347e-10 1.3432714216597609e-08 4.2225161432820400e-08 8.2947741579309228e-08 3.7168479549556759e-08 1.4191562061797426e-08 2.9282209570805870e-09 2.7344054069896143e-10 7.2000399729805990e-12 1.1423723199834313e-14 
7.3971332854025387e-11 2.5125072499241302e-09 1.5250082861217269e-08 3.7168479549556759e-08 7.4475039870437387e-08 3.1731200979837191e-08 1.1630497188869774e-08 1.9382053579804998e-09 9.5074513405569306e-11 3.3163904590780124e-13 
4.3688486453453476e-12 2.9554719562954860e-10 3.2468982880153630e-09 1.4191562061797426e-08 3.1731200979837191e-08 6.7474538688327698e-08 2.6248635409348916e-08 8.1582430883796914e-09 7.8509528259465876e-10 6.3318602628875396e-12 
1.4456022097373482e-13 1.9724824740758776e-11 3.8383110173433097e-10 2.9282209570805870e-09 1.1630497188869774e-08 2.6248635409348916e-08 6.1332951534174689e-08 2.0440056169554179e-08 4.2104106586449700e-09 8.7750797839658770e-11 
2.0201244913751441e-15 5.8048769184626408e-13 2.0471055700708374e-11 2.7344054069896143e-10 1.9382053579804998e-09 8.1582430883796914e-09 2.0440056169554179e-08 5.5516673171156531e-08 1.3795953272089017e-08 8.9857105984908234e-10 
6.4929715130725847e-18 4.2355528090097913e-15 2.9148171701694849e-13 7.2000399729805990e-12 9.5074513405569306e-11 7.8509528259465876e-10 4.2104106586449700e-09 1.3795953272089017e-08 4.9671021078925053e-08 6.2129854934934729e-09 
7.5497346453029149e-22 1.3062582556184385e-18 2.0947620257796805e-16 1.1423723199834313e-14 3.3163904590780124e-13 6.3318602628875396e-12 8.7750797839658770e-11 8.9857105984908234e-10 6.2129854934934729e-09 4.0514597897936752e-08 
