6.323972275803e-08 1.663441478682e-08 3.377588919016e-09 4.492206411157e-10 4.173192537921e-11 2.516398588539e-12 8.480228067510e-14 1.200093822666e-15 3.899739570452e-18 4.544662169426e-22 
1.663441478682e-08 6.936098281543e-08 2.438087475086e-08 7.516953558545e-09 1.436352825808e-09 1.720841703067e-10 1.165309080202e-11 3.462551621165e-13 2.551033424638e-15 7.851867426757e-19 
3.377588919016e-09 2.438087475086e-08 6.459112854296e-08 2.401021853017e-08 8.819647547897e-09 1.906379486684e-09 2.277966868733e-10 1.225403969851e-11 1.757925150852e-13 1.257547319596e-16 
4.492206411157e-10 7.516953558545e-09 2.401021853017e-08 5.978737174059e-08 2.173660144478e-08 8.389947456389e-09 1.744747722665e-09 1.642197178093e-10 4.343027461299e-12 6.850607933985e-15 
4.173192537921e-11 1.436352825808e-09 8.819647547897e-09 2.173660144478e-08 5.552002294457e-08 1.886292313622e-08 6.959252789273e-09 1.167280764489e-09 5.730071238157e-11 1.986818455057e-13 
2.516398588539e-12 1.720841703067e-10 1.906379486684e-09 8.389947456389e-09 1.886292313622e-08 5.167365854600e-08 1.577775480965e-08 4.920668293793e-09 4.723619950532e-10 3.788708253803e-12 
8.480228067510e-14 1.165309080202e-11 2.277966868733e-10 1.744747722665e-09 6.959252789273e-09 1.577775480965e-08 4.818176493027e-08 1.231822622363e-08 2.527495309826e-09 5.238801864341e-11 
1.200093822666e-15 3.462551621165e-13 1.225403969851e-11 1.642197178093e-10 1.167280764489e-09 4.920668293793e-09 1.231822622363e-08 4.461548819786e-08 8.261490354611e-09 5.335529593632e-10 
3.899739570452e-18 2.551033424638e-15 1.757925150852e-13 4.343027461299e-12 5.730071238157e-11 4.723619950532e-10 2.527495309826e-09 8.261490354611e-09 4.098787946643e-08 3.638602145698e-09 
4.544662169426e-22 7.851867426757e-19 1.257547319596e-16 6.850607933985e-15 1.986818455057e-13 3.788708253803e-12 5.238801864341e-11 5.335529593632e-10 3.638602145698e-09 3.522322478184e-08 
