9.0176861020770783e-08 2.7865094519734012e-08 5.4766188506520128e-09 7.1000475861726176e-10 6.4607505340938785e-11 3.8322205925218393e-12 1.2721329799070898e-13 1.7816164513228560e-15 5.7322839952386783e-18 6.6541188579604427e-22 
2.7865094519734012e-08 9.5302780858174963e-08 3.8786103779419439e-08 1.1711949577197056e-08 2.2005547446546895e-09 2.5975133397120534e-10 1.7379000396256055e-11 5.1224834154248337e-13 3.7390904488037694e-15 1.1506340855811432e-18 
5.4766188506520128e-09 3.8786103779419439e-08 8.5057624790062417e-08 3.6941330939450388e-08 1.3386882495749422e-08 2.8577142927029470e-09 3.3845238469888411e-10 1.8070033630926708e-11 2.5725737367963486e-13 1.8440585877103444e-16 
7.1000475861726176e-10 1.1711949577197056e-08 3.6941330939450388e-08 7.6237782330669434e-08 3.2691391354886000e-08 1.2505295715479082e-08 2.5835922800348338e-09 2.4139785850303981e-10 6.3523506806641064e-12 1.0049517422234157e-14 
6.4607505340938785e-11 2.2005547446546895e-09 1.3386882495749422e-08 3.2691391354886000e-08 6.8966811453151365e-08 2.7987410368097678e-08 1.0266063935837745e-08 1.7109540554087812e-09 8.3838277395397424e-11 2.9150517941474823e-13 
3.8322205925218393e-12 2.5975133397120534e-10 2.8577142927029470e-09 1.2505295715479082e-08 2.7987410368097678e-08 6.2864528018707314e-08 2.3172951897620610e-08 7.1992138862061892e-09 6.9180680933909155e-10 5.5598258564859379e-12 
1.2721329799070898e-13 1.7379000396256055e-11 3.3845238469888411e-10 2.5835922800348338e-09 1.0266063935837745e-08 2.3172951897620610e-08 5.7443319062054387e-08 1.8024005321173623e-08 3.7060765077550943e-09 7.6939516025239762e-11 
1.7816164513228560e-15 5.1224834154248337e-13 1.8070033630926708e-11 2.4139785850303981e-10 1.7109540554087812e-09 7.1992138862061892e-09 1.8024005321173623e-08 5.2257292311480481e-08 1.2122070874331473e-08 7.8602683663785886e-10 
5.7322839952386783e-18 3.7390904488037694e-15 2.5725737367963486e-13 6.3523506806641064e-12 8.3838277395397424e-11 6.9180680933909155e-10 3.7060765077550943e-09 1.2122070874331473e-08 4.7005905661314406e-08 5.4120981241057956e-09 
6.6541188579604427e-22 1.1506340855811432e-18 1.8440585877103444e-16 1.0049517422234157e-14 2.9150517941474823e-13 5.5598258564859379e-12 7.6939516025239762e-11 7.8602683663785886e-10 5.4120981241057956e-09 3.8843032501191509e-08 
