2.233403650305e-07 7.559407948297e-08 1.400959667727e-08 1.754356641404e-09 1.564786411488e-10 9.198909312091e-12 3.046462380348e-13 4.300181769580e-15 1.411793969219e-17 1.699703441570e-21 
7.559407948297e-08 2.013725427300e-07 9.659683540297e-08 2.852259209568e-08 5.295819171226e-09 6.222976890233e-10 4.171669664341e-11 1.245311096074e-12 9.270675398509e-15 2.964155090458e-18 
1.400959667727e-08 9.659683540297e-08 1.670165574322e-07 8.910372972911e-08 3.210723219198e-08 6.846463593294e-09 8.160601842772e-10 4.422099890313e-11 6.419225961060e-13 4.791533237760e-16 
1.754356641404e-09 2.852259209568e-08 8.910372972911e-08 1.434670920807e-07 7.829961972595e-08 3.003517086193e-08 6.268392502937e-09 5.945872976627e-10 1.596244308655e-11 2.635250594622e-14 
1.564786411488e-10 5.295819171226e-09 3.210723219198e-08 7.829961972595e-08 1.260109011025e-07 6.763515017016e-08 2.510433034331e-08 4.244381686349e-09 2.124682437158e-10 7.721818173714e-13 
9.198909312091e-12 6.222976890233e-10 6.846463593294e-09 3.003517086193e-08 6.763515017016e-08 1.127642498628e-07 5.718081078102e-08 1.801948261344e-08 1.772747107474e-09 1.490351052949e-11 
3.046462380348e-13 4.171669664341e-11 8.160601842772e-10 6.268392502937e-09 2.510433034331e-08 5.718081078102e-08 1.011435690537e-07 4.569267611532e-08 9.642706036830e-09 2.094047530630e-10 
4.300181769580e-15 1.245311096074e-12 4.422099890313e-11 5.945872976627e-10 4.244381686349e-09 1.801948261344e-08 4.569267611532e-08 9.036071537588e-08 3.223784713872e-08 2.186915131352e-09 
1.411793969219e-17 9.270675398509e-15 6.419225961060e-13 1.596244308655e-11 2.124682437158e-10 1.772747107474e-09 9.642706036830e-09 3.223784713872e-08 7.990166553072e-08 1.560590506687e-08 
1.699703441570e-21 2.964155090458e-18 4.791533237760e-16 2.635250594622e-14 7.721818173714e-13 1.490351052949e-11 2.094047530630e-10 2.186915131352e-09 1.560590506687e-08 6.083050298174e-08 
