3.3996851525877101e-07 1.1529064257928057e-07 2.1283003175822199e-08 2.6777304312062937e-09 2.4112604440283736e-10 1.4347886679242864e-11 4.8344321768023721e-13 6.9625894496582003e-15 2.3467415152748344e-17 2.9657181201677176e-21 
1.1529064257928057e-07 2.9126197893174180e-07 1.4717182556867586e-07 4.3799889738300184e-08 8.2200517655728307e-09 9.7974260651384836e-10 6.6872551779228736e-11 2.0342220499334582e-12 1.5575068847635353e-14 5.2095294320498629e-18 
2.1283003175822199e-08 1.4717182556867586e-07 2.4106402217383757e-07 1.3787053094397451e-07 5.0247109482394175e-08 1.0879889037501146e-08 1.3189139326037426e-09 7.2848693051807150e-11 1.0892777770328538e-12 8.4750092711326163e-16 
2.6777304312062937e-09 4.3799889738300184e-08 1.3787053094397451e-07 2.0823130308100221e-07 1.2383560483451498e-07 4.8203944244488604e-08 1.0215154021893507e-08 9.8869469670477887e-10 2.7352031743023833e-11 4.6891466521252021e-14 
2.4112604440283736e-10 8.2200517655728307e-09 5.0247109482394175e-08 1.2383560483451498e-07 1.8480235711880533e-07 1.0967102939094981e-07 4.1316641448804232e-08 7.1366219576254314e-09 3.6771289245693152e-10 1.3822547586901640e-12 
1.4347886679242864e-11 9.7974260651384836e-10 1.0879889037501146e-08 4.8203944244488604e-08 1.0967102939094981e-07 1.6694974825317636e-07 9.5343164344355774e-08 3.0710331009898948e-08 3.1009369000825494e-09 2.6852401426382189e-11 
4.8344321768023721e-13 6.6872551779228736e-11 1.3189139326037426e-09 1.0215154021893507e-08 4.1316641448804232e-08 9.5343164344355774e-08 1.5192037564450460e-07 7.9107173026775969e-08 1.7066623228188686e-08 3.8036151294335370e-10 
6.9625894496582003e-15 2.0342220499334582e-12 7.2848693051807150e-11 9.8869469670477887e-10 7.1366219576254314e-09 3.0710331009898948e-08 7.9107173026775969e-08 1.3767661639578060e-07 5.7829600009565742e-08 4.0198238720499491e-09 
2.3467415152748344e-17 1.5575068847635353e-14 1.0892777770328538e-12 2.7352031743023833e-11 3.6771289245693152e-10 3.1009369000825494e-09 1.7066623228188686e-08 5.7829600009565742e-08 1.2263675539819180e-07 2.9220115766187335e-08 
2.9657181201677176e-21 5.2095294320498629e-18 8.4750092711326163e-16 4.6891466521252021e-14 1.3822547586901640e-12 2.6852401426382189e-11 3.8036151294335370e-10 4.0198238720499491e-09 2.9220115766187335e-08 9.0520312195479732e-08 
