1.282502296437e-06 5.123347150628e-07 1.031555311115e-07 1.398120893468e-08 1.320062809079e-09 8.205004903170e-11 2.944250086571e-12 4.546515309120e-14 1.598981243860e-16 2.001615173321e-20 
5.123347150628e-07 1.283256570910e-06 7.547865562440e-07 2.365453767470e-07 4.618951397378e-08 5.798804639630e-09 4.223064119878e-10 1.357896533589e-11 1.064175756996e-13 3.503071562797e-17 
1.031555311115e-07 7.547865562440e-07 1.170685402551e-06 7.660535221558e-07 2.909381267246e-07 6.660683499414e-08 8.559409379544e-09 4.924441477145e-10 7.435929490286e-12 5.682942031979e-15 
1.398120893468e-08 2.365453767470e-07 7.660535221558e-07 1.063014026430e-06 7.451453379695e-07 3.056356468401e-07 6.779208927718e-08 6.731991029977e-09 1.861680001916e-10 3.138337343880e-13 
1.320062809079e-09 4.618951397378e-08 2.909381267246e-07 7.451453379695e-07 1.012877448610e-06 7.187700156551e-07 2.789384358586e-07 4.873621044253e-08 2.491968743245e-09 9.242388418681e-12 
8.205004903170e-11 5.798804639630e-09 6.660683499414e-08 3.056356468401e-07 7.187700156551e-07 9.612185572289e-07 6.500935106159e-07 2.093738920954e-07 2.090407314000e-08 1.795716709805e-10 
2.944250086571e-12 4.223064119878e-10 8.559409379544e-09 6.779208927718e-08 2.789384358586e-07 6.500935106159e-07 8.726481843116e-07 5.359914538518e-07 1.144541815692e-07 2.547697090589e-09 
4.546515309120e-14 1.357896533589e-11 4.924441477145e-10 6.731991029977e-09 4.873621044253e-08 2.093738920954e-07 5.359914538518e-07 7.637515367087e-07 3.867936411190e-07 2.703912371324e-08 
1.598981243860e-16 1.064175756996e-13 7.435929490286e-12 1.861680001916e-10 2.491968743245e-09 2.090407314000e-08 1.144541815692e-07 3.867936411190e-07 6.619974026441e-07 1.986488104651e-07 
2.001615173321e-20 3.503071562797e-17 5.682942031979e-15 3.138337343880e-13 9.242388418681e-12 1.795716709805e-10 2.547697090589e-09 2.703912371324e-08 1.986488104651e-07 4.637357839244e-07 
