1.468415488336e-07 4.906326948309e-08 9.280836327343e-09 1.173305674362e-09 1.050295880860e-10 6.162787704289e-12 2.030281507069e-13 2.839758731422e-15 9.149002172429e-18 1.082181197425e-21 
4.906326948309e-08 1.425937365680e-07 6.448099006978e-08 1.912953972985e-08 3.552333451682e-09 4.156980483006e-10 2.770142778076e-11 8.167302437092e-13 5.979764291168e-15 1.878832214663e-18 
9.280836327343e-09 6.448099006978e-08 1.212644632880e-07 5.980017834902e-08 2.148786378761e-08 4.560451556167e-09 5.394481192021e-10 2.882063227362e-11 4.127356249353e-13 3.021571919850e-16 
1.173305674362e-09 1.912953972985e-08 5.980017834902e-08 1.053924457569e-07 5.223177123960e-08 1.993210708435e-08 4.118939358745e-09 3.853675356675e-10 1.023406930136e-11 1.652004601058e-14 
1.050295880860e-10 3.552333451682e-09 2.148786378761e-08 5.223177123960e-08 9.318192548238e-08 4.461207407693e-08 1.637322407376e-08 2.737450814036e-09 1.357455960856e-10 4.808112288982e-13 
6.162787704289e-12 4.156980483006e-10 4.560451556167e-09 1.993210708435e-08 4.461207407693e-08 8.347456949712e-08 3.700698539005e-08 1.157140215223e-08 1.126630677729e-09 9.208435874905e-12 
2.030281507069e-13 2.770142778076e-11 5.394481192021e-10 4.118939358745e-09 1.637322407376e-08 3.700698539005e-08 7.511079433416e-08 2.918931146872e-08 6.074550272688e-09 1.282348981862e-10 
2.839758731422e-15 8.167302437092e-13 2.882063227362e-11 3.853675356675e-10 2.737450814036e-09 1.157140215223e-08 2.918931146872e-08 6.752251970794e-08 2.002270014282e-08 1.325516533546e-09 
9.149002172429e-18 5.979764291168e-15 4.127356249353e-13 1.023406930136e-11 1.357455960856e-10 1.126630677729e-09 6.074550272688e-09 2.002270014282e-08 5.971453860039e-08 9.334011073642e-09 
1.082181197425e-21 1.878832214663e-18 3.021571919850e-16 1.652004601058e-14 4.808112288982e-13 9.208435874905e-12 1.282348981862e-10 1.325516533546e-09 9.334011073642e-09 4.714043622412e-08 
