9.621221985898e-07 3.671017705674e-07 7.263228977428e-08 9.703692851618e-09 9.216321960295e-10 5.815442179755e-11 2.059785408770e-12 3.043349631211e-14 1.053521858956e-16 1.442144825639e-20 
3.671017705674e-07 9.148070482897e-07 5.253490519374e-07 1.644569065051e-07 3.257885240235e-08 4.095423494830e-09 2.892863811824e-10 8.959419483153e-12 7.097695934825e-14 2.567115951049e-17 
7.263228977428e-08 5.253490519374e-07 8.214500512420e-07 5.380433758020e-07 2.060861180943e-07 4.643907160817e-08 5.754765008632e-09 3.236170944626e-10 5.042901959712e-12 4.224009925743e-15 
9.703692851618e-09 1.644569065051e-07 5.380433758020e-07 7.613032803109e-07 5.235831658060e-07 2.088116265619e-07 4.490127249712e-08 4.442340149859e-09 1.287464094388e-10 2.360445916467e-13 
9.216321960295e-10 3.257885240235e-08 2.060861180943e-07 5.235831658060e-07 7.046145628615e-07 4.799610036732e-07 1.833604294976e-07 3.257434495484e-08 1.761827539737e-09 7.017367543541e-12 
5.815442179755e-11 4.095423494830e-09 4.643907160817e-08 2.088116265619e-07 4.799610036732e-07 6.419553607690e-07 4.299265550389e-07 1.432343164758e-07 1.514912291685e-08 1.372448419650e-10 
2.059785408770e-12 2.892863811824e-10 5.754765008632e-09 4.490127249712e-08 1.833604294976e-07 4.299265550389e-07 6.006290055225e-07 3.792828998120e-07 8.512883000943e-08 1.951619934524e-09 
3.043349631211e-14 8.959419483153e-12 3.236170944626e-10 4.442340149859e-09 3.257434495484e-08 1.432343164758e-07 3.792828998120e-07 5.696956752124e-07 2.940727087942e-07 2.057650126028e-08 
1.053521858956e-16 7.097695934825e-14 5.042901959712e-12 1.287464094388e-10 1.761827539737e-09 1.514912291685e-08 8.512883000943e-08 2.940727087942e-07 5.120856120739e-07 1.472452522605e-07 
1.442144825639e-20 2.567115951049e-17 4.224009925743e-15 2.360445916467e-13 7.017367543541e-12 1.372448419650e-10 1.951619934524e-09 2.057650126028e-08 1.472452522605e-07 3.331642259595e-07 
