4.495818405405e-07 1.541043597176e-07 2.864545626274e-08 3.646946460066e-09 3.332859723235e-10 2.014605001487e-11 6.899241376438e-13 1.010165557268e-14 3.474657381959e-17 4.478839031056e-21 
1.541043597176e-07 3.817019149060e-07 1.997203330616e-07 6.023574591836e-08 1.147311428124e-08 1.388518731666e-09 9.622707796906e-11 2.972935978452e-12 2.321015844037e-14 7.885152763902e-18 
2.864545626274e-08 1.997203330616e-07 3.203183465947e-07 1.916427890296e-07 7.079685591724e-08 1.554447691952e-08 1.910707208429e-09 1.071682425562e-10 1.631024593015e-12 1.286419265622e-15 
3.646946460066e-09 6.023574591836e-08 1.916427890296e-07 2.813344715174e-07 1.762178864397e-07 6.943164858939e-08 1.489990804624e-08 1.464004645125e-09 4.110159340992e-11 7.144603808423e-14 
3.332859723235e-10 1.147311428124e-08 7.079685591724e-08 1.762178864397e-07 2.533248116743e-07 1.593107644501e-07 6.073626694177e-08 1.063755905243e-08 5.541665581892e-10 2.116400778160e-12 
2.014605001487e-11 1.388518731666e-09 1.554447691952e-08 6.943164858939e-08 1.593107644501e-07 2.316902730425e-07 1.414338708690e-07 4.605755185888e-08 4.687683844691e-09 4.136572171741e-11 
6.899241376438e-13 9.622707796906e-11 1.910707208429e-09 1.489990804624e-08 6.073626694177e-08 1.414338708690e-07 2.133964260603e-07 1.192256527192e-07 2.592845945585e-08 5.901998089540e-10 
1.010165557268e-14 2.972935978452e-12 1.071682425562e-10 1.464004645125e-09 1.063755905243e-08 4.605755185888e-08 1.192256527192e-07 1.941059395147e-07 8.873620586264e-08 6.282494435714e-09 
3.474657381959e-17 2.321015844037e-14 1.631024593015e-12 4.110159340992e-11 5.541665581892e-10 4.687683844691e-09 2.592845945585e-08 8.873620586264e-08 1.752324898131e-07 4.576584341228e-08 
4.478839031056e-21 7.885152763902e-18 1.286419265622e-15 7.144603808423e-14 2.116400778160e-12 4.136572171741e-11 5.901998089540e-10 6.282494435714e-09 4.576584341228e-08 1.256186250709e-07 
