1.537591737463e-07 5.152888013415e-08 9.719649635758e-09 1.226689561254e-09 1.097273557287e-10 6.432536129696e-12 2.121471410641e-13 2.966103238895e-15 9.569218387524e-18 1.134358264398e-21 
5.152888013415e-08 1.480542995680e-07 6.743731572625e-08 1.999019491477e-08 3.708876410117e-09 4.340974113352e-10 2.895129803181e-11 8.527043894859e-13 6.265732808058e-15 1.968064528035e-18 
9.719649635758e-09 6.743731572625e-08 1.254604483939e-07 6.245204777544e-08 2.243116379213e-08 4.765276948818e-09 5.635301748330e-10 3.010709877072e-11 4.329727442856e-13 3.164190228742e-16 
1.226689561254e-09 1.999019491477e-08 6.245204777544e-08 1.087761483714e-07 5.456110269245e-08 2.083044036237e-08 4.300907881185e-09 4.031040483375e-10 1.073935307737e-11 1.730583138702e-14 
1.097273557287e-10 3.708876410117e-09 2.243116379213e-08 5.456110269245e-08 9.611501457500e-08 4.659323064451e-08 1.710260463342e-08 2.868381637527e-09 1.423912607528e-10 5.042733793850e-13 
6.432536129696e-12 4.340974113352e-10 4.765276948818e-09 2.083044036237e-08 4.659323064451e-08 8.592088303548e-08 3.872768259796e-08 1.214062500470e-08 1.180763559496e-09 9.678476873234e-12 
2.121471410641e-13 2.895129803181e-11 5.635301748330e-10 4.300907881185e-09 1.710260463342e-08 3.872768259796e-08 7.740525455536e-08 3.061671022189e-08 6.363307866751e-09 1.351958582172e-10 
2.966103238895e-15 8.527043894859e-13 3.010709877072e-11 4.031040483375e-10 2.868381637527e-09 1.214062500470e-08 3.061671022189e-08 6.939108642870e-08 2.101834133376e-08 1.401675720191e-09 
9.569218387524e-18 6.265732808058e-15 4.329727442856e-13 1.073935307737e-11 1.423912607528e-10 1.180763559496e-09 6.363307866751e-09 2.101834133376e-08 6.147176968071e-08 9.865635779417e-09 
1.134358264398e-21 1.968064528035e-18 3.164190228742e-16 1.730583138702e-14 5.042733793850e-13 9.678476873234e-12 1.351958582172e-10 1.401675720191e-09 9.865635779417e-09 4.817993507377e-08 
