6.323967777800e-08 1.663440479932e-08 3.377586844438e-09 4.492203621345e-10 4.173189928839e-11 2.516397006655e-12 8.480222697993e-14 1.200093049854e-15 3.899736870909e-18 4.544611385487e-22 
1.663440479932e-08 6.936098623376e-08 2.438087643928e-08 7.516954027876e-09 1.436352909505e-09 1.720841797439e-10 1.165309138805e-11 3.462551757974e-13 2.551033402275e-15 7.851785053169e-19 
3.377586844438e-09 2.438087643928e-08 6.459113056036e-08 2.401021969777e-08 8.819647940046e-09 1.906379564910e-09 2.277966951840e-10 1.225404001349e-11 1.757925111170e-13 1.257534109359e-16 
4.492203621345e-10 7.516954027876e-09 2.401021969777e-08 5.978737306117e-08 2.173660226312e-08 8.389947743477e-09 1.744747774427e-09 1.642197209112e-10 4.343027333664e-12 6.850535923273e-15 
4.173189928839e-11 1.436352909505e-09 8.819647940046e-09 2.173660226312e-08 5.552002385910e-08 1.886292370309e-08 6.959252966742e-09 1.167280781675e-09 5.730071045885e-11 1.986797562177e-13 
2.516397006655e-12 1.720841797439e-10 1.906379564910e-09 8.389947743477e-09 1.886292370309e-08 5.167365917078e-08 1.577775515789e-08 4.920668349361e-09 4.723619775831e-10 3.788668399712e-12 
8.480222697993e-14 1.165309138805e-11 2.277966951840e-10 1.744747774427e-09 6.959252966742e-09 1.577775515789e-08 4.818176528027e-08 1.231822630667e-08 2.527495204845e-09 5.238746732618e-11 
1.200093049854e-15 3.462551757974e-13 1.225404001349e-11 1.642197209112e-10 1.167280781675e-09 4.920668349361e-09 1.231822630667e-08 4.461548813162e-08 8.261489922420e-09 5.335473386463e-10 
3.899736870909e-18 2.551033402275e-15 1.757925111170e-13 4.343027333664e-12 5.730071045885e-11 4.723619775831e-10 2.527495204845e-09 8.261489922420e-09 4.098787818062e-08 3.638563639161e-09 
4.544611385487e-22 7.851785053169e-19 1.257534109359e-16 6.850535923273e-15 1.986797562177e-13 3.788668399712e-12 5.238746732618e-11 5.335473386463e-10 3.638563639161e-09 3.522307695055e-08 
