2.535972921582e-07 8.584474151743e-08 1.585989536478e-08 1.985718205074e-09 1.774543011768e-10 1.045067703046e-11 3.481737230253e-13 4.926110170922e-15 1.618123548984e-17 1.982850579958e-21 
8.584474151743e-08 2.243072709188e-07 1.093113346252e-07 3.232479353252e-08 6.011613598304e-09 7.091521321067e-10 4.778653780522e-11 1.425050272878e-12 1.066095751341e-14 3.466981026388e-18 
1.585989536478e-08 1.093113346252e-07 1.854745895834e-07 1.011050811923e-07 3.651397045144e-08 7.826723328218e-09 9.348704549983e-10 5.061248961317e-11 7.409577427073e-13 5.617308907678e-16 
1.985718205074e-09 3.232479353252e-08 1.011050811923e-07 1.592098055789e-07 8.937011222245e-08 3.440728286419e-08 7.175455973035e-09 6.816955829073e-10 1.849488775938e-11 3.096280750791e-14 
1.774543011768e-10 6.011613598304e-09 3.651397045144e-08 8.937011222245e-08 1.402208716940e-07 7.746322717464e-08 2.873156450989e-08 4.882746043701e-09 2.471118956667e-10 9.093193949641e-13 
1.045067703046e-11 7.091521321067e-10 7.826723328218e-09 3.440728286419e-08 7.746322717464e-08 1.249636420277e-07 6.560307972240e-08 2.083445818061e-08 2.069926739507e-09 1.759313391057e-11 
3.481737230253e-13 4.778653780522e-11 9.348704549983e-10 7.175455973035e-09 2.873156450989e-08 6.560307972240e-08 1.123834027984e-07 5.314988017572e-08 1.130743792810e-08 2.479053047438e-10 
4.926110170922e-15 1.425050272878e-12 5.061248961317e-11 6.816955829073e-10 4.882746043701e-09 2.083445818061e-08 5.314988017572e-08 1.009607605106e-07 3.799286763375e-08 2.598577006156e-09 
1.618123548984e-17 1.066095751341e-14 7.409577427073e-13 1.849488775938e-11 2.471118956667e-10 2.069926739507e-09 1.130743792810e-08 3.799286763375e-08 8.951240652989e-08 1.863520866275e-08 
1.982850579958e-21 3.466981026388e-18 5.617308907678e-16 3.096280750791e-14 9.093193949641e-13 1.759313391057e-11 2.479053047438e-10 2.598577006156e-09 1.863520866275e-08 6.747497909056e-08 
