1.404441135920e-07 4.675999362074e-08 8.871212384559e-09 1.123577823583e-09 1.006437338319e-10 5.911316317810e-12 1.947392409293e-13 2.720482642578e-15 8.774934190646e-18 1.032170364573e-21 
4.675999362074e-08 1.374974073074e-07 6.172152339280e-08 1.832876295840e-08 3.405750034756e-09 3.988510662471e-10 2.654673893385e-11 7.829277346415e-13 5.728971703043e-15 1.792756833058e-18 
8.871212384559e-09 6.172152339280e-08 1.173631655784e-07 5.731715930023e-08 2.061419742537e-08 4.373602324059e-09 5.168320687596e-10 2.764167393628e-11 3.947902592361e-13 2.885231048344e-16 
1.123577823583e-09 1.832876295840e-08 5.731715930023e-08 1.022461246784e-07 5.010867150367e-08 1.910048206080e-08 3.947696436504e-09 3.695423236562e-10 9.774310861425e-12 1.578630083082e-14 
1.006437338319e-10 3.405750034756e-09 2.061419742537e-08 5.010867150367e-08 9.048072479091e-08 4.274383112534e-08 1.570251894744e-08 2.622100267901e-09 1.295182754652e-10 4.596693447173e-13 
5.911316317810e-12 3.988510662471e-10 4.373602324059e-09 1.910048206080e-08 4.274383112534e-08 8.120356881591e-08 3.548174954344e-08 1.106077431984e-08 1.074824007808e-09 8.801782912176e-12 
1.947392409293e-13 2.654673893385e-11 5.168320687596e-10 3.947696436504e-09 1.570251894744e-08 3.548174954344e-08 7.307420326659e-08 2.784984575728e-08 5.800800197428e-09 1.223823044725e-10 
2.720482642578e-15 7.829277346415e-13 2.764167393628e-11 3.695423236562e-10 2.622100267901e-09 1.106077431984e-08 2.784984575728e-08 6.573355105960e-08 1.913767286196e-08 1.260085175423e-09 
8.774934190646e-18 5.728971703043e-15 3.947902592361e-13 9.774310861425e-12 1.295182754652e-10 1.074824007808e-09 5.800800197428e-09 1.913767286196e-08 5.821762267479e-08 8.832773881578e-09 
1.032170364573e-21 1.792756833058e-18 2.885231048344e-16 1.578630083082e-14 4.596693447173e-13 8.801782912176e-12 1.223823044725e-10 1.260085175423e-09 8.832773881578e-09 4.615359263537e-08 
