7.170015426667e-08 2.025295985266e-08 4.061334728886e-09 5.347811182325e-10 4.928492132434e-11 2.954291463400e-12 9.878334872987e-14 1.394527092589e-15 4.501766438855e-18 5.246356194931e-22 
2.025295985266e-08 7.779540347229e-08 2.910245457144e-08 8.897524189939e-09 1.690283625406e-09 2.010993039769e-10 1.354938378459e-11 4.018359315183e-13 2.937441772891e-15 9.072001543567e-19 
4.061334728886e-09 2.910245457144e-08 7.131969910164e-08 2.829699892085e-08 1.033698888284e-08 2.220349103090e-09 2.647117061881e-10 1.418655283520e-11 2.022570985054e-13 1.452947803089e-16 
5.347811182325e-10 8.897524189939e-09 2.829699892085e-08 6.525787984554e-08 2.535441394246e-08 9.754061254199e-09 2.025523790488e-09 1.895828592636e-10 4.999568693102e-12 7.907941704882e-15 
4.928492132434e-11 1.690283625406e-09 1.033698888284e-08 2.535441394246e-08 5.996846265512e-08 2.191425229379e-08 8.059254391446e-09 1.344308932351e-09 6.605414621565e-11 2.289665032175e-13 
2.954291463400e-12 2.010993039769e-10 2.220349103090e-09 9.754061254199e-09 2.191425229379e-08 5.540797998546e-08 1.820026299415e-08 5.662757470244e-09 5.453660615489e-10 4.357099043094e-12 
9.878334872987e-14 1.354938378459e-11 2.647117061881e-10 2.025523790488e-09 8.059254391446e-09 1.820026299415e-08 5.119235650942e-08 1.420139433585e-08 2.918982005909e-09 6.014156614673e-11 
1.394527092589e-15 4.018359315183e-13 1.418655283520e-11 1.895828592636e-10 1.344308932351e-09 5.662757470244e-09 1.420139433585e-08 4.716108589506e-08 9.514247564008e-09 6.130022137610e-10 
4.501766438855e-18 2.937441772891e-15 2.022570985054e-13 4.999568693102e-12 6.605414621565e-11 5.453660615489e-10 2.918982005909e-09 9.514247564008e-09 4.288670547490e-08 4.211837285075e-09 
5.246356194931e-22 9.072001543567e-19 1.452947803089e-16 7.907941704882e-15 2.289665032175e-13 4.357099043094e-12 6.014156614673e-11 6.130022137610e-10 4.211837285075e-09 3.638582188352e-08 
