7.700477642789e-08 2.246535035809e-08 4.475690064343e-09 5.862852347213e-10 5.381972306512e-11 3.212600309758e-12 1.073078699727e-13 1.508573233553e-15 4.865309304334e-18 5.655297227124e-22 
2.246535035809e-08 8.291639337318e-08 3.194301510580e-08 9.729666060224e-09 1.840680517192e-09 2.185213340562e-10 1.469591196618e-11 4.339556850295e-13 3.178347255078e-15 9.766926300801e-19 
4.475690064343e-09 3.194301510580e-08 7.537803272045e-08 3.085002644982e-08 1.123693725154e-08 2.411298032904e-09 2.865165492715e-10 1.531985151717e-11 2.188932675954e-13 1.563476032589e-16 
5.862852347213e-10 9.729666060224e-09 3.085002644982e-08 6.849275679318e-08 2.754454048809e-08 1.057657344858e-08 2.188460515247e-09 2.049013539593e-10 5.406519748343e-12 8.512958407116e-15 
5.381972306512e-11 1.840680517192e-09 1.123693725154e-08 2.754454048809e-08 6.266517718160e-08 2.369964198438e-08 8.702793124460e-09 1.454387645553e-09 7.131877717238e-11 2.468208336229e-13 
3.212600309758e-12 2.185213340562e-10 2.411298032904e-09 1.057657344858e-08 2.369964198438e-08 5.757776812787e-08 1.967698073517e-08 6.126435119583e-09 5.877046462360e-10 4.707491857356e-12 
1.073078699727e-13 1.469591196618e-11 2.865165492715e-10 2.188460515247e-09 8.702793124460e-09 1.967698073517e-08 5.308092214878e-08 1.533170728862e-08 3.142300651988e-09 6.516185560436e-11 
1.508573233553e-15 4.339556850295e-13 1.531985151717e-11 2.049013539593e-10 1.454387645553e-09 6.126435119583e-09 1.533170728862e-08 4.861389769942e-08 1.026509560431e-08 6.654635623392e-10 
4.865309304334e-18 3.178347255078e-15 2.188932675954e-13 5.406519748343e-12 7.131877717238e-11 5.877046462360e-10 3.142300651988e-09 1.026509560431e-08 4.412575687755e-08 4.561897299072e-09 
5.655297227124e-22 9.766926300801e-19 1.563476032589e-16 8.512958407116e-15 2.468208336229e-13 4.707491857356e-12 6.516185560436e-11 6.654635623392e-10 4.561897299072e-09 3.707222281613e-08 
