1.290153842195e-07 4.259038054411e-08 8.128483202090e-09 1.033326532230e-09 9.278090037962e-11 5.452579130494e-12 1.800173513140e-13 2.509212989127e-15 8.091049268918e-18 9.458206927483e-22 
4.259038054411e-08 1.282567427092e-07 5.670981035269e-08 1.688756464283e-08 3.140698079520e-09 3.683564650890e-10 2.452975036495e-11 7.211701514900e-13 5.287895698596e-15 1.638778479969e-18 
8.128483202090e-09 5.670981035269e-08 1.103280635278e-07 5.285122047743e-08 1.902248807672e-08 4.042445094215e-09 4.768868439423e-10 2.546498476713e-11 3.643349954316e-13 2.633550134886e-16 
1.033326532230e-09 1.688756464283e-08 5.285122047743e-08 9.651259934756e-08 4.630097079143e-08 1.764626857551e-08 3.637649675466e-09 3.407459547238e-10 9.006545428386e-12 1.440311441166e-14 
9.278090037962e-11 3.140698079520e-09 1.902248807672e-08 4.630097079143e-08 8.575706623900e-08 3.941546401469e-08 1.446526249021e-08 2.419783390439e-09 1.190195411405e-10 4.196195769860e-13 
5.452579130494e-12 3.683564650890e-10 4.042445094215e-09 1.764626857551e-08 3.941546401469e-08 7.702103795055e-08 3.272671864408e-08 1.020074658448e-08 9.842381314152e-10 8.045087527259e-12 
1.800173513140e-13 2.452975036495e-11 4.768868439423e-10 3.637649675466e-09 1.446526249021e-08 3.272671864408e-08 6.960909078564e-08 2.558814020842e-08 5.296679597213e-09 1.120212749679e-10 
2.509212989127e-15 7.211701514900e-13 2.546498476713e-11 3.407459547238e-10 2.419783390439e-09 1.020074658448e-08 2.558814020842e-08 6.250182962239e-08 1.747990364138e-08 1.152847441086e-09 
8.091049268918e-18 5.287895698596e-15 3.643349954316e-13 9.006545428386e-12 1.190195411405e-10 9.842381314152e-10 5.296679597213e-09 1.747990364138e-08 5.567043462345e-08 8.012330972635e-09 
9.458206927483e-22 1.638778479969e-18 2.633550134886e-16 1.440311441166e-14 4.196195769860e-13 8.045087527259e-12 1.120212749679e-10 1.152847441086e-09 8.012330972635e-09 4.433567863043e-08 
