6.543852586479e-07 2.334238372795e-07 4.477121199900e-08 5.861282558863e-09 5.482221416904e-10 3.380050577063e-11 1.183319314787e-12 1.768251677700e-14 6.117942705283e-17 8.182199287114e-21 
2.334238372795e-07 5.775278464023e-07 3.187067989088e-07 9.836362108029e-08 1.910901240761e-08 2.358425532478e-09 1.669434621911e-10 5.223056957866e-12 4.099032189668e-14 1.452686055459e-17 
4.477121199900e-08 3.187067989088e-07 5.036976923740e-07 3.175607786870e-07 1.193185964954e-07 2.670423015862e-08 3.338964477375e-09 1.885068548988e-10 2.896901620802e-12 2.384872303311e-15 
5.861282558863e-09 9.836362108029e-08 3.175607786870e-07 4.536858654237e-07 3.009987196677e-07 1.205878945217e-07 2.615284165833e-08 2.578668683083e-09 7.360418126343e-11 1.329734494345e-13 
5.482221416904e-10 1.910901240761e-08 1.193185964954e-07 3.009987196677e-07 4.182428959392e-07 2.790208805961e-07 1.068254794189e-07 1.880324735426e-08 1.002837451576e-09 3.943832487883e-12 
3.380050577063e-11 2.358425532478e-09 2.670423015862e-08 1.205878945217e-07 2.790208805961e-07 3.859679778494e-07 2.492478225326e-07 8.210320788708e-08 8.587169255392e-09 7.693087710182e-11 
1.183319314787e-12 1.669434621911e-10 3.338964477375e-09 2.615284165833e-08 1.068254794189e-07 2.492478225326e-07 3.571140782259e-07 2.158596246242e-07 4.804858426166e-08 1.090767871779e-09 
1.768251677700e-14 5.223056957866e-12 1.885068548988e-10 2.578668683083e-09 1.880324735426e-08 8.210320788708e-08 2.158596246242e-07 3.343852343301e-07 1.651265102258e-07 1.147106522596e-08 
6.117942705283e-17 4.099032189668e-14 2.896901620802e-12 7.360418126343e-11 1.002837451576e-09 8.587169255392e-09 4.804858426166e-08 1.651265102258e-07 2.983122408435e-07 8.230970034059e-08 
8.182199287114e-21 1.452686055459e-17 2.384872303311e-15 1.329734494345e-13 3.943832487883e-12 7.693087710182e-11 1.090767871779e-09 1.147106522596e-08 8.230970034059e-08 2.044432281237e-07 
