1.238857104917e-07 4.070955189550e-08 7.791959939591e-09 9.921627546469e-10 8.921537845607e-11 5.245282281074e-12 1.732428461666e-13 2.417248358950e-15 7.774950257400e-18 9.101563375680e-22 
4.070955189550e-08 1.240723436292e-07 5.443131942407e-08 1.623018847917e-08 3.021321117543e-09 3.543649066844e-10 2.362552204358e-11 6.941233620409e-13 5.082051086639e-15 1.575427436690e-18 
7.791959939591e-09 5.443131942407e-08 1.071144529613e-07 5.083707159937e-08 1.829914504541e-08 3.890835524146e-09 4.593784883191e-10 2.448634300081e-11 3.503748370391e-13 2.528140124505e-16 
9.921627546469e-10 1.623018847917e-08 5.083707159937e-08 9.391615016111e-08 4.455001698641e-08 1.699625963438e-08 3.502139052478e-09 3.274772910827e-10 8.666858182486e-12 1.380449910112e-14 
8.921537845607e-11 3.021321117543e-09 1.829914504541e-08 4.455001698641e-08 8.362976500488e-08 3.796439938569e-08 1.391096821851e-08 2.325861585536e-09 1.145553905164e-10 4.015972283347e-13 
5.245282281074e-12 3.543649066844e-10 3.890835524146e-09 1.699625963438e-08 3.796439938569e-08 7.516517936875e-08 3.145013913292e-08 9.812694223430e-09 9.466750380003e-10 7.692154319364e-12 
1.732428461666e-13 2.362552204358e-11 4.593784883191e-10 3.502139052478e-09 1.391096821851e-08 3.145013913292e-08 6.802196944738e-08 2.462838693662e-08 5.083580465049e-09 1.070982530383e-10 
2.417248358950e-15 6.941233620409e-13 2.448634300081e-11 3.274772910827e-10 2.325861585536e-09 9.812694223430e-09 2.462838693662e-08 6.115569708368e-08 1.672669246405e-08 1.103514529386e-09 
7.774950257400e-18 5.082051086639e-15 3.503748370391e-13 8.666858182486e-12 1.145553905164e-10 9.466750380003e-10 5.083580465049e-09 1.672669246405e-08 5.448040732010e-08 7.679645460087e-09 
9.101563375680e-22 1.575427436690e-18 2.528140124505e-16 1.380449910112e-14 4.015972283347e-13 7.692154319364e-12 1.070982530383e-10 1.103514529386e-09 7.679645460087e-09 4.357177924364e-08 
