3.751955326476e-06 1.581762340516e-06 3.161048769483e-07 4.362135936411e-08 4.234005456037e-09 2.636933108379e-10 9.044443619167e-12 1.296398802629e-13 4.269830283746e-16 5.171890210909e-20 
1.581762340516e-06 3.872797266996e-06 2.339036749915e-06 7.520789844157e-07 1.489041530630e-07 1.823623993025e-08 1.250836382204e-09 3.759877735640e-11 2.808210419477e-13 9.021480295708e-17 
3.161048769483e-07 2.339036749915e-06 3.646368248007e-06 2.468201390073e-06 9.283497209949e-07 2.034929312397e-07 2.457857007576e-08 1.336167108531e-09 1.947522040403e-11 1.458407090168e-14 
4.362135936411e-08 7.520789844157e-07 2.468201390073e-06 3.343427019433e-06 2.312495404364e-06 9.012483497863e-07 1.891904680324e-07 1.798476040998e-08 4.849304560769e-10 8.020628054839e-13 
4.234005456037e-09 1.489041530630e-07 9.283497209949e-07 2.312495404364e-06 2.957958306275e-06 2.039412849825e-06 7.584868800544e-07 1.285857643401e-07 6.461206565001e-09 2.349857591294e-11 
2.636933108379e-10 1.823623993025e-08 2.034929312397e-07 9.012483497863e-07 2.039412849825e-06 2.582294494358e-06 1.730184205053e-06 5.470186053978e-07 5.394372605720e-08 4.533990676499e-10 
9.044443619167e-12 1.250836382204e-09 2.457857007576e-08 1.891904680324e-07 7.584868800544e-07 1.730184205053e-06 2.240896287152e-06 1.389556803608e-06 2.934837886800e-07 6.367078384608e-09 
1.296398802629e-13 3.759877735640e-11 1.336167108531e-09 1.798476040998e-08 1.285857643401e-07 5.470186053978e-07 1.389556803608e-06 1.919891962754e-06 9.809185879799e-07 6.642473635778e-08 
4.269830283746e-16 2.808210419477e-13 1.947522040403e-11 4.849304560769e-10 6.461206565001e-09 5.394372605720e-08 2.934837886800e-07 9.809185879799e-07 1.599296146113e-06 4.728343327053e-07 
5.171890210909e-20 9.021480295708e-17 1.458407090168e-14 8.020628054839e-13 2.349857591294e-11 4.533990676499e-10 6.367078384608e-09 6.642473635778e-08 4.728343327053e-07 1.008130759802e-06 
