5.676896673078e-07 1.983812639344e-07 3.757593396111e-08 4.869219312652e-09 4.515783587755e-10 2.768252395430e-11 9.598981794804e-13 1.421207744122e-14 4.975317714162e-17 6.463440541881e-21 
1.983812639344e-07 4.902124083809e-07 2.654704737626e-07 8.123235021742e-08 1.568200275814e-08 1.922317793716e-09 1.345875352292e-10 4.209710254637e-12 3.337511425425e-14 1.137450975824e-17 
3.757593396111e-08 2.654704737626e-07 4.213402607045e-07 2.609861674398e-07 9.755951818641e-08 2.164214153498e-08 2.685433120160e-09 1.526435873265e-10 2.350820697915e-12 1.855155863519e-15 
4.869219312652e-09 8.123235021742e-08 2.609861674398e-07 3.764230766790e-07 2.446863878529e-07 9.717863456267e-08 2.106161657155e-08 2.096066711725e-09 5.930659449535e-11 1.030365265839e-13 
4.515783587755e-10 1.568200275814e-08 9.755951818641e-08 2.446863878529e-07 3.428802857814e-07 2.243860820845e-07 8.645161970535e-08 1.529614633168e-08 7.998491333464e-10 3.054074302691e-12 
2.768252395430e-11 1.922317793716e-09 2.164214153498e-08 9.717863456267e-08 2.243860820845e-07 3.172593092731e-07 2.027640098744e-07 6.641789394044e-08 6.763832011683e-09 5.979108719449e-11 
9.598981794804e-13 1.345875352292e-10 2.685433120160e-09 2.106161657155e-08 8.645161970535e-08 2.027640098744e-07 2.950758911720e-07 1.720791328360e-07 3.739704955344e-08 8.562086454302e-10 
1.421207744122e-14 4.209710254637e-12 1.526435873265e-10 2.096066711725e-09 1.529614633168e-08 6.641789394044e-08 1.720791328360e-07 2.675016199173e-07 1.281472264014e-07 9.186930487683e-09 
4.975317714162e-17 3.337511425425e-14 2.350820697915e-12 5.930659449535e-11 7.998491333464e-10 6.763832011683e-09 3.739704955344e-08 1.281472264014e-07 2.423261873466e-07 6.798068466596e-08 
6.463440541881e-21 1.137450975824e-17 1.855155863519e-15 1.030365265839e-13 3.054074302691e-12 5.979108719449e-11 8.562086454302e-10 9.186930487683e-09 6.798068466596e-08 1.737345829454e-07 
