2.916165519983e-07 9.873692718262e-08 1.821476555033e-08 2.283877288181e-09 2.047779336305e-10 1.211006002692e-11 4.034712222062e-13 5.740267906357e-15 1.912054495420e-17 2.379848517109e-21 
9.873692718262e-08 2.534206786088e-07 1.256655583556e-07 3.724946975086e-08 6.956968836801e-09 8.219072226304e-10 5.546140518750e-11 1.669257235781e-12 1.264700051655e-14 4.170367310559e-18 
1.821476555033e-08 1.256655583556e-07 2.093401388341e-07 1.168706682623e-07 4.231849960567e-08 9.072350591490e-09 1.088553674500e-09 5.955702999376e-11 8.818314996850e-13 6.770416912731e-16 
2.283877288181e-09 3.724946975086e-08 1.168706682623e-07 1.800174352670e-07 1.035781636407e-07 3.995002385371e-08 8.393002823217e-09 8.055267169276e-10 2.207703131284e-11 3.739051535665e-14 
2.047779336305e-10 6.956968836801e-09 4.231849960567e-08 1.035781636407e-07 1.581756696374e-07 9.034739668709e-08 3.379192821697e-08 5.793595350876e-09 2.958612801170e-10 1.100265015689e-12 
1.211006002692e-11 8.219072226304e-10 9.072350591490e-09 3.995002385371e-08 9.034739668709e-08 1.418262342540e-07 7.760678616467e-08 2.482866450482e-08 2.486319743686e-09 2.133522061315e-11 
4.034712222062e-13 5.546140518750e-11 1.088553674500e-09 8.393002823217e-09 3.379192821697e-08 7.760678616467e-08 1.283724144581e-07 6.364187234091e-08 1.363187555999e-08 3.014996808918e-10 
5.740267906357e-15 1.669257235781e-12 5.955702999376e-11 8.055267169276e-10 5.793595350876e-09 2.482866450482e-08 6.364187234091e-08 1.157814650414e-07 4.600571997536e-08 3.173560474355e-09 
1.912054495420e-17 1.264700051655e-14 8.818314996850e-13 2.207703131284e-11 2.958612801170e-10 2.486319743686e-09 1.363187555999e-08 4.600571997536e-08 1.029153650380e-07 2.288953981427e-08 
2.379848517109e-21 4.170367310559e-18 6.770416912731e-16 3.739051535665e-14 1.100265015689e-12 2.133522061315e-11 3.014996808918e-10 3.173560474355e-09 2.288953981427e-08 7.674100619640e-08 
