3.751950545622e-06 1.581761390808e-06 3.161046827908e-07 4.362133227377e-08 4.234002808936e-09 2.636931450723e-10 9.044437892399e-12 1.296397967801e-13 4.269827328013e-16 5.171832418063e-20 
1.581761390808e-06 3.872797586323e-06 2.339036911897e-06 7.520790313729e-07 1.489041617397e-07 1.823624093033e-08 1.250836445108e-09 3.759877884197e-11 2.808210394860e-13 9.021385651763e-17 
3.161046827908e-07 2.339036911897e-06 3.646368448615e-06 2.468201510100e-06 9.283497622723e-07 2.034929395897e-07 2.457857097245e-08 1.336167142877e-09 1.947521996441e-11 1.458391769946e-14 
4.362133227377e-08 7.520790313729e-07 2.468201510100e-06 3.343427158057e-06 2.312495491424e-06 9.012483806254e-07 1.891904736452e-07 1.798476074969e-08 4.849304418256e-10 8.020543745367e-13 
4.234002808936e-09 1.489041617397e-07 9.283497622723e-07 2.312495491424e-06 2.957958404367e-06 2.039412911113e-06 7.584868993966e-07 1.285857662332e-07 6.461206348196e-09 2.349832880786e-11 
2.636931450723e-10 1.823624093033e-08 2.034929395897e-07 9.012483806254e-07 2.039412911113e-06 2.582294562353e-06 1.730184243241e-06 5.470186115752e-07 5.394372406212e-08 4.533942982650e-10 
9.044437892399e-12 1.250836445108e-09 2.457857097245e-08 1.891904736452e-07 7.584868993966e-07 1.730184243241e-06 2.240896325920e-06 1.389556812976e-06 2.934837764900e-07 6.367011379210e-09 
1.296397967801e-13 3.759877884197e-11 1.336167142877e-09 1.798476074969e-08 1.285857662332e-07 5.470186115752e-07 1.389556812976e-06 1.919891955118e-06 9.809185366643e-07 6.642403660600e-08 
4.269827328013e-16 2.808210394860e-13 1.947521996441e-11 4.849304418256e-10 6.461206348196e-09 5.394372406212e-08 2.934837764900e-07 9.809185366643e-07 1.599295988075e-06 4.728293288023e-07 
5.171832418063e-20 9.021385651763e-17 1.458391769946e-14 8.020543745367e-13 2.349832880786e-11 4.533942982650e-10 6.367011379210e-09 6.642403660600e-08 4.728293288023e-07 1.008110117805e-06 
