8.108536884871e-08 2.413751516861e-08 4.785949059108e-09 6.247196888546e-10 5.715196261836e-11 3.405940851769e-12 1.135543517399e-13 1.592427436224e-15 5.142248674560e-18 5.954983366073e-22 
2.413751516861e-08 8.675647103237e-08 3.406650561529e-08 1.034402922533e-08 1.952177916636e-09 2.314917161177e-10 1.552540254199e-11 4.583461300166e-13 3.356159311507e-15 1.029466480147e-18 
4.785949059108e-09 3.406650561529e-08 7.838137898706e-08 3.273204465568e-08 1.191019072173e-08 2.551014081264e-09 3.024951276306e-10 1.619009489774e-11 2.308403447912e-13 1.650239701830e-16 
6.247196888546e-10 1.034402922533e-08 3.273204465568e-08 7.091229250435e-08 2.916279728781e-08 1.117240947767e-08 2.311031479584e-09 2.165274435381e-10 5.695321005741e-12 8.998289853861e-15 
5.715196261836e-11 1.952177916636e-09 1.191019072173e-08 2.916279728781e-08 6.461757683544e-08 2.502019479020e-08 9.196521810775e-09 1.535510073288e-09 7.509069060621e-11 2.611846780756e-13 
3.405940851769e-12 2.314917161177e-10 2.551014081264e-09 1.117240947767e-08 2.502019479020e-08 5.923923994508e-08 2.079093485718e-08 6.457580815242e-09 6.191383212227e-10 4.983777780228e-12 
1.135543517399e-13 1.552540254199e-11 3.024951276306e-10 2.311031479584e-09 9.196521810775e-09 2.079093485718e-08 5.444011258137e-08 1.614258426500e-08 3.317138089474e-09 6.894781064136e-11 
1.592427436224e-15 4.583461300166e-13 1.619009489774e-11 2.165274435381e-10 1.535510073288e-09 6.457580815242e-09 1.614258426500e-08 4.972918219826e-08 1.086205060175e-08 7.028090433994e-10 
5.142248674560e-18 3.356159311507e-15 2.308403447912e-13 5.695321005741e-12 7.509069060621e-11 6.191383212227e-10 3.317138089474e-09 1.086205060175e-08 4.503464287080e-08 4.811205044898e-09 
5.954983366073e-22 1.029466480147e-18 1.650239701830e-16 8.998289853861e-15 2.611846780756e-13 4.983777780228e-12 6.894781064136e-11 7.028090433994e-10 4.811205044898e-09 3.762135720596e-08 
