7.011091089592e-08 1.957997799144e-08 3.934757271234e-09 5.190101477043e-10 4.788377317416e-11 2.874765999813e-12 9.620755752768e-14 1.358659211686e-15 4.393950966171e-18 5.115257769568e-22 
1.957997799144e-08 7.623296076070e-08 2.823191391437e-08 8.641866820291e-09 1.643695742519e-09 1.958204317720e-10 1.319579255628e-11 3.918325147706e-13 2.866380229114e-15 8.849609282284e-19 
3.934757271234e-09 2.823191391437e-08 7.007500897294e-08 2.750561301556e-08 1.006160760233e-08 2.162415534758e-09 2.578867302779e-10 1.384219906583e-11 1.972666765703e-13 1.418132595918e-16 
5.190101477043e-10 8.641866820291e-09 2.750561301556e-08 6.426420134054e-08 2.469237366868e-08 9.499909541079e-09 1.974621194814e-09 1.850251778217e-10 4.874270324857e-12 7.722520473388e-15 
4.788377317416e-11 1.643695742519e-09 1.006160760233e-08 2.469237366868e-08 5.913966614225e-08 2.135390156439e-08 7.863070779957e-09 1.311692264344e-09 6.439267878193e-11 2.236791548039e-13 
2.874765999813e-12 1.958204317720e-10 2.162415534758e-09 9.499909541079e-09 2.135390156439e-08 5.474062616891e-08 1.776283287433e-08 5.522040675813e-09 5.318467475099e-10 4.256643341670e-12 
9.620755752768e-14 1.319579255628e-11 2.578867302779e-10 1.974621194814e-09 7.863070779957e-09 1.776283287433e-08 5.062568409897e-08 1.384432096276e-08 2.849125608539e-09 5.872175774372e-11 
1.358659211686e-15 3.918325147706e-13 1.384219906583e-11 1.850251778217e-10 1.311692264344e-09 5.522040675813e-09 1.384432096276e-08 4.670041581818e-08 9.293811572464e-09 5.976412395681e-10 
4.393950966171e-18 2.866380229114e-15 1.972666765703e-13 4.874270324857e-12 6.439267878193e-11 5.318467475099e-10 2.849125608539e-09 9.293811572464e-09 4.252939117724e-08 4.100829663131e-09 
5.115257769568e-22 8.849609282284e-19 1.418132595918e-16 7.722520473388e-15 2.236791548039e-13 4.256643341670e-12 5.872175774372e-11 5.976412395681e-10 4.100829663131e-09 3.617742984963e-08 
