1.694202730209e-07 5.705110791192e-08 1.070148818386e-08 1.346733254968e-09 1.202014383097e-10 7.049198374361e-12 2.325950946338e-13 3.251691660849e-15 1.056461274506e-17 1.252349747694e-21 
5.705110791192e-08 1.602699130712e-07 7.408154236880e-08 2.191426600556e-08 4.062408674719e-09 4.760163981772e-10 3.171890129662e-11 9.373130013704e-13 6.918349052379e-15 2.178691991850e-18 
1.070148818386e-08 7.408154236880e-08 1.348545609968e-07 6.839682398256e-08 2.458840176794e-08 5.223855691793e-09 6.177436306295e-10 3.317868374697e-11 4.776511360219e-13 3.514885094172e-16 
1.346733254968e-09 2.191426600556e-08 6.839682398256e-08 1.165081889122e-07 5.982891149220e-08 2.282318624549e-08 4.724022050381e-09 4.449138507611e-10 1.183890105050e-11 1.929405445409e-14 
1.202014383097e-10 4.062408674719e-09 2.458840176794e-08 5.982891149220e-08 1.026138816026e-07 5.110452773800e-08 1.884184194496e-08 3.166495694772e-09 1.570190301782e-10 5.640402748978e-13 
7.049198374361e-12 4.760163981772e-10 5.223855691793e-09 2.282318624549e-08 5.110452773800e-08 9.173748776139e-08 4.275569001468e-08 1.338879979589e-08 1.305145672782e-09 1.084987252000e-11 
2.325950946338e-13 3.171890129662e-11 6.177436306295e-10 4.724022050381e-09 1.884184194496e-08 4.275569001468e-08 8.248336020967e-08 3.376325506300e-08 7.071701216335e-09 1.516190631944e-10 
3.251691660849e-15 9.373130013704e-13 3.317868374697e-11 4.449138507611e-10 3.166495694772e-09 1.338879979589e-08 3.376325506300e-08 7.386305188172e-08 2.351853876092e-08 1.568010835441e-09 
1.056461274506e-17 6.918349052379e-15 4.776511360219e-13 1.183890105050e-11 1.570190301782e-10 1.305145672782e-09 7.071701216335e-09 2.351853876092e-08 6.546242562362e-08 1.099615816596e-08 
1.252349747694e-21 2.178691991850e-18 3.514885094172e-16 1.929405445409e-14 5.640402748978e-13 1.084987252000e-11 1.516190631944e-10 1.568010835441e-09 1.099615816596e-08 5.065207229095e-08 
