4.067671183038e-07 1.387748204266e-07 2.571632495218e-08 3.250044807454e-09 2.949231533604e-10 1.772188833106e-11 6.032783411932e-13 8.785845092717e-15 2.997376985963e-17 3.852792642037e-21 
1.387748204266e-07 3.458325396911e-07 1.783713874211e-07 5.341896438403e-08 1.011465758626e-08 1.217255020690e-09 8.390519608727e-11 2.579372922896e-12 1.996301212496e-14 6.787071111002e-18 
2.571632495218e-08 1.783713874211e-07 2.875106189879e-07 1.692110121832e-07 6.219863907919e-08 1.358711816516e-08 1.662554879280e-09 9.272502701024e-11 1.400703801854e-12 1.106754097588e-15 
3.250044807454e-09 5.341896438403e-08 1.692110121832e-07 2.507608439711e-07 1.542524202268e-07 6.052213184003e-08 1.293582793525e-08 1.262877034982e-09 3.529089526405e-11 6.135407277766e-14 
2.949231533604e-10 1.011465758626e-08 6.219863907919e-08 1.542524202268e-07 2.245595338881e-07 1.385029464926e-07 5.256774857656e-08 9.149764230212e-09 4.761972193488e-10 1.811284253273e-12 
1.772188833106e-11 1.217255020690e-09 1.358711816516e-08 6.052213184003e-08 1.385029464926e-07 2.045007104551e-07 1.219000158523e-07 3.954996033866e-08 4.032405570961e-09 3.522529372760e-11 
6.032783411932e-13 8.390519608727e-11 1.662554879280e-09 1.293582793525e-08 5.256774857656e-08 1.219000158523e-07 1.872708814226e-07 1.024608928439e-07 2.228942333810e-08 4.993738701630e-10 
8.785845092717e-15 2.579372922896e-12 9.272502701024e-11 1.262877034982e-09 9.149764230212e-09 3.954996033866e-08 1.024608928439e-07 1.709348013008e-07 7.579724806499e-08 5.284870941730e-09 
2.997376985963e-17 1.996301212496e-14 1.400703801854e-12 3.529089526405e-11 4.761972193488e-10 4.032405570961e-09 2.228942333810e-08 7.579724806499e-08 1.522575647778e-07 3.864803763710e-08 
3.852792642037e-21 6.787071111002e-18 1.106754097588e-15 6.135407277766e-14 1.811284253273e-12 3.522529372760e-11 4.993738701630e-10 5.284870941730e-09 3.864803763710e-08 1.117621358272e-07 
