8.328549441656e-08 2.503518942421e-08 4.951899363581e-09 6.452609517212e-10 5.894373604828e-11 3.510507766720e-12 1.168539606198e-13 1.638156109322e-15 5.287789300986e-18 6.123106252363e-22 
2.503518942421e-08 8.881003907817e-08 3.520303067614e-08 1.067276704301e-08 2.012563522958e-09 2.384011790819e-10 1.596867190447e-11 4.716486404801e-13 3.448442489554e-15 1.059329017539e-18 
4.951899363581e-09 3.520303067614e-08 7.998636546137e-08 3.374930499162e-08 1.227242416765e-08 2.625016711288e-09 3.111667607573e-10 1.665693266539e-11 2.370783212893e-13 1.698988458982e-16 
6.452609517212e-10 1.067276704301e-08 3.374930499162e-08 7.221813360601e-08 3.002064599751e-08 1.149141952731e-08 2.377890813725e-09 2.226466484809e-10 5.849230111493e-12 9.265767239413e-15 
5.894373604828e-11 2.012563522958e-09 1.227242416765e-08 3.002064599751e-08 6.565825143974e-08 2.574018141477e-08 9.462002054925e-09 1.577740380068e-09 7.715759939850e-11 2.688987541203e-13 
3.510507766720e-12 2.384011790819e-10 2.625016711288e-09 1.149141952731e-08 2.574018141477e-08 6.013832726511e-08 2.137433708122e-08 6.632044068171e-09 6.367645683687e-10 5.128312596006e-12 
1.168539606198e-13 1.596867190447e-11 3.111667607573e-10 2.377890813725e-09 9.462002054925e-09 2.137433708122e-08 5.515042002578e-08 1.658763872302e-08 3.414737233809e-09 7.089301721154e-11 
1.638156109322e-15 4.716486404801e-13 1.665693266539e-11 2.226466484809e-10 1.577740380068e-09 6.632044068171e-09 1.658763872302e-08 5.035603559461e-08 1.118027748497e-08 7.222288158949e-10 
5.287789300986e-18 3.448442489554e-15 2.370783212893e-13 5.849230111493e-12 7.715759939850e-11 6.367645683687e-10 3.414737233809e-09 1.118027748497e-08 4.550462950021e-08 4.952792679961e-09 
6.123106252363e-22 1.059329017539e-18 1.698988458982e-16 9.265767239413e-15 2.688987541203e-13 5.128312596006e-12 7.089301721154e-11 7.222288158949e-10 4.952792679961e-09 3.793303329096e-08 
