9.357566012893e-08 2.915050155017e-08 5.705544220790e-09 7.376098507695e-10 6.705129933333e-11 3.973273185424e-12 1.317927481663e-13 1.846333580939e-15 5.927710191918e-18 6.905635179884e-22 
2.915050155017e-08 9.815282818549e-08 4.032109817737e-08 1.215674092627e-08 2.282693109481e-09 2.691331286783e-10 1.801119769792e-11 5.303842293274e-13 3.868436945468e-15 1.193722742891e-18 
5.705544220790e-09 4.032109817737e-08 8.722265028130e-08 3.832996160267e-08 1.387585937994e-08 2.960825051060e-09 3.507423736213e-10 1.869443558616e-11 2.664282738720e-13 1.911839021191e-16 
7.376098507695e-10 1.215674092627e-08 3.832996160267e-08 7.800087946686e-08 3.386849317107e-08 1.296011633057e-08 2.675757615295e-09 2.496659898907e-10 6.585733186403e-12 1.041091458914e-14 
6.705129933333e-11 2.282693109481e-09 1.387585937994e-08 3.386849317107e-08 7.044716663090e-08 2.899921502477e-08 1.062183765220e-08 1.770419062556e-09 8.698270226684e-11 3.018117157664e-13 
3.973273185424e-12 2.691331286783e-10 2.960825051060e-09 1.296011633057e-08 2.899921502477e-08 6.407479999951e-08 2.396684774775e-08 7.459375547914e-09 7.178134980513e-10 5.756192691368e-12 
1.317927481663e-13 1.801119769792e-11 3.507423736213e-10 2.675757615295e-09 1.062183765220e-08 2.396684774775e-08 5.848464364836e-08 1.870032266156e-08 3.841977846655e-09 7.974342638335e-11 
1.846333580939e-15 5.303842293274e-13 1.869443558616e-11 2.496659898907e-10 1.770419062556e-09 7.459375547914e-09 1.870032266156e-08 5.315035020984e-08 1.255259390808e-08 8.171235864418e-10 
5.927710191918e-18 3.868436945468e-15 2.664282738720e-13 6.585733186403e-12 8.698270226684e-11 7.178134980513e-10 3.841977846655e-09 1.255259390808e-08 4.772033319610e-08 5.649333346408e-09 
6.905635179884e-22 1.193722742891e-18 1.911839021191e-16 1.041091458914e-14 3.018117157664e-13 5.756192691368e-12 7.974342638335e-11 8.171235864418e-10 5.649333346408e-09 3.931048006929e-08 
