6.858396326771e-08 1.893571219007e-08 3.813366429970e-09 5.039268717088e-10 4.654763416724e-11 2.798002111518e-12 9.375414534858e-14 1.324008099074e-15 4.290317149721e-18 4.988203513312e-22 
1.893571219007e-08 7.473518382082e-08 2.739757437374e-08 8.398309965433e-09 1.598911168322e-09 1.907550230962e-10 1.285852953375e-11 3.820769087754e-13 2.799180117121e-15 8.631542395431e-19 
3.813366429970e-09 2.739757437374e-08 6.888901704725e-08 2.674765052460e-08 9.796190376959e-09 2.107194484160e-09 2.513123505395e-10 1.350746230759e-11 1.925798150888e-13 1.383791109048e-16 
5.039268717088e-10 8.398309965433e-09 2.674765052460e-08 6.330578421367e-08 2.405948692412e-08 9.257218909001e-09 1.925113651256e-09 1.806474595101e-10 4.756091088663e-12 7.539696838481e-15 
4.654763416724e-11 1.598911168322e-09 9.796190376959e-09 2.405948692412e-08 5.834982794041e-08 2.081169160473e-08 7.672239109363e-09 1.280825079596e-09 6.280538848502e-11 2.185060321771e-13 
2.798002111518e-12 1.907550230962e-10 2.107194484160e-09 9.257218909001e-09 2.081169160473e-08 5.409017657303e-08 1.734443242414e-08 5.389640634481e-09 5.187058925250e-10 4.159963150586e-12 
9.375414534858e-14 1.285852953375e-11 2.513123505395e-10 1.925113651256e-09 7.672239109363e-09 1.734443242414e-08 5.009287217904e-08 1.350287609183e-08 2.780398483096e-09 5.738859775263e-11 
1.324008099074e-15 3.820769087754e-13 1.350746230759e-11 1.806474595101e-10 1.280825079596e-09 5.389640634481e-09 1.350287609183e-08 4.624850163639e-08 9.079631807404e-09 5.834668150668e-10 
4.290317149721e-18 2.799180117121e-15 1.925798150888e-13 4.756091088663e-12 6.280538848502e-11 5.187058925250e-10 2.780398483096e-09 9.079631807404e-09 4.219664082890e-08 3.994697228471e-09 
4.988203513312e-22 8.631542395431e-19 1.383791109048e-16 7.539696838481e-15 2.185060321771e-13 4.159963150586e-12 5.738859775263e-11 5.834668150668e-10 3.994697228471e-09 3.597269299106e-08 
