1.941120803319e-06 8.107395677526e-07 1.645651010997e-07 2.276995780278e-08 2.182087427453e-09 1.332370061896e-10 4.549900921369e-12 6.731546352915e-14 2.394163041530e-16 3.253119962167e-20 
8.107395677526e-07 2.026036585886e-06 1.221431996350e-06 3.898033956221e-07 7.578132363628e-08 9.166529790546e-09 6.363433414684e-10 2.003165667526e-11 1.619069946497e-13 5.762570386704e-17 
1.645651010997e-07 1.221431996350e-06 1.907520885599e-06 1.262847369378e-06 4.679581715864e-07 1.025672152397e-07 1.271502617019e-08 7.301726913181e-10 1.150437529642e-11 9.438600184459e-15 
2.276995780278e-08 3.898033956221e-07 1.262847369378e-06 1.701919575274e-06 1.162674972001e-06 4.595215968370e-07 1.000938337999e-07 1.009088666628e-08 2.930070313348e-10 5.252003032870e-13 
2.182087427453e-09 7.578132363628e-08 4.679581715864e-07 1.162674972001e-06 1.516181080676e-06 1.063684514084e-06 4.132951882736e-07 7.427360986679e-08 3.992147473112e-09 1.555315616736e-11 
1.332370061896e-10 9.166529790546e-09 1.025672152397e-07 4.595215968370e-07 1.063684514084e-06 1.407397808823e-06 9.780547158614e-07 3.264237648844e-07 3.411036138508e-08 3.031410662517e-10 
4.549900921369e-12 6.363433414684e-10 1.271502617019e-08 1.000938337999e-07 4.132951882736e-07 9.780547158614e-07 1.333847543588e-06 8.592366954302e-07 1.901358773071e-07 4.298526570959e-09 
6.731546352915e-14 2.003165667526e-11 7.301726913181e-10 1.009088666628e-08 7.427360986679e-08 3.264237648844e-07 8.592366954302e-07 1.241735858746e-06 6.511565333425e-07 4.524839605392e-08 
2.394163041530e-16 1.619069946497e-13 1.150437529642e-11 2.930070313348e-10 3.992147473112e-09 3.411036138508e-08 1.901358773071e-07 6.511565333425e-07 1.093254078128e-06 3.239510590311e-07 
3.253119962167e-20 5.762570386704e-17 9.438600184459e-15 5.252003032870e-13 1.555315616736e-11 3.031410662517e-10 4.298526570959e-09 4.524839605392e-08 3.239510590311e-07 6.948472221093e-07 
