1.067278272897e-07 3.425745194000e-08 6.632347883617e-09 8.511153716133e-10 7.688743737185e-11 4.541203241029e-12 1.501662429616e-13 2.096533962279e-15 6.751553371866e-18 7.842998838950e-22 
3.425745194000e-08 1.096586600551e-07 4.660782533234e-08 1.396867342704e-08 2.611199766195e-09 3.071686571104e-10 2.047268344104e-11 6.029746625884e-13 4.402238206887e-15 1.358710101242e-18 
6.632347883617e-09 4.660782533234e-08 9.607874105657e-08 4.388249680546e-08 1.585160453285e-08 3.372380225840e-09 3.983608915716e-10 2.127938924833e-11 3.027348727361e-13 2.182039765248e-16 
8.511153716133e-10 1.396867342704e-08 4.388249680546e-08 8.510637775165e-08 3.862028150553e-08 1.472935558912e-08 3.040863447524e-09 2.842943345600e-10 7.474408172036e-12 1.191629767908e-14 
7.688743737185e-11 2.611199766195e-09 1.585160453285e-08 3.862028150553e-08 7.623395202109e-08 3.293699638971e-08 1.208875136860e-08 2.014289104043e-09 9.871016593228e-11 3.463232667438e-13 
4.541203241029e-12 3.071686571104e-10 3.372380225840e-09 1.472935558912e-08 3.293699638971e-08 6.901295844174e-08 2.728984560141e-08 8.471308677054e-09 8.160263856236e-10 6.616327771125e-12 
1.501662429616e-13 2.047268344104e-11 3.983608915716e-10 3.040863447524e-09 1.208875136860e-08 2.728984560141e-08 6.261315260528e-08 2.122227289147e-08 4.386371791287e-09 9.167989009876e-11 
2.096533962279e-15 6.029746625884e-13 2.127938924833e-11 2.842943345600e-10 2.014289104043e-09 8.471308677054e-09 2.122227289147e-08 5.662944125354e-08 1.440769828330e-08 9.377452009053e-10 
6.751553371866e-18 4.402238206887e-15 3.027348727361e-13 7.474408172036e-12 9.871016593228e-11 8.160263856236e-10 4.386371791287e-09 1.440769828330e-08 5.061856573645e-08 6.484284579321e-09 
7.842998838950e-22 1.358710101242e-18 2.182039765248e-16 1.191629767908e-14 3.463232667438e-13 6.616327771125e-12 9.167989009876e-11 9.377452009053e-10 6.484284579321e-09 4.114483432990e-08 
