5.881847008282e-08 1.470230077319e-08 3.006648002778e-09 4.021815379844e-10 3.755893392222e-11 2.275947275958e-12 7.685119882679e-14 1.094330424619e-15 3.557754101892e-18 4.173562352177e-22 
1.470230077319e-08 6.479525180919e-08 2.179943366561e-08 6.752159129276e-09 1.297129579677e-09 1.558018547157e-10 1.059006993332e-11 3.162104599087e-13 2.326562551103e-15 7.217776560356e-19 
3.006648002778e-09 2.179943366561e-08 6.086401912967e-08 2.165420530360e-08 7.980303315885e-09 1.728456479854e-09 2.075739990058e-10 1.118808479076e-11 1.604727024460e-13 1.155946798296e-16 
4.021815379844e-10 6.752159129276e-09 2.165420530360e-08 5.677433289694e-08 1.969095789983e-08 7.627369507930e-09 1.592730022978e-09 1.498325788781e-10 3.971848455824e-12 6.290986096108e-15 
3.755893392222e-11 1.297129579677e-09 7.980303315885e-09 1.969095789983e-08 5.301788739318e-08 1.720450108684e-08 6.354318685258e-09 1.064841984801e-09 5.252251873334e-11 1.821391666577e-13 
2.275947275958e-12 1.558018547157e-10 1.728456479854e-09 7.627369507930e-09 1.720450108684e-08 4.963691659937e-08 1.439279984025e-08 4.495503877187e-09 4.338491588928e-10 3.465999127050e-12 
7.685119882679e-14 1.059006993332e-11 2.075739990058e-10 1.592730022978e-09 6.354318685258e-09 1.439279984025e-08 4.644157646755e-08 1.129233629697e-08 2.322266169483e-09 4.784121876877e-11 
1.094330424619e-15 3.162104599087e-13 1.118808479076e-11 1.498325788781e-10 1.064841984801e-09 4.495503877187e-09 1.129233629697e-08 4.328607699949e-08 7.568568761433e-09 4.873676276579e-10 
3.557754101892e-18 2.326562551103e-15 1.604727024460e-13 3.971848455824e-12 5.252251873334e-11 4.338491588928e-10 2.322266169483e-09 7.568568761433e-09 3.988122936434e-08 3.337893693294e-09 
4.173562352177e-22 7.217776560356e-19 1.155946798296e-16 6.290986096108e-15 1.821391666577e-13 3.465999127050e-12 4.784121876877e-11 4.873676276579e-10 3.337893693294e-09 3.462827169572e-08 
