4.495407795408e-07 1.540865761222e-07 2.864037273653e-08 3.645931937713e-09 3.331882499904e-10 2.014117370752e-11 6.897686373584e-13 1.009925102548e-14 3.473774946900e-17 4.477638888168e-21 
1.540865761222e-07 3.816451146259e-07 1.996697222413e-07 6.021771507348e-08 1.147011040811e-08 1.388202473900e-09 9.620490751614e-11 2.972206539741e-12 2.320422257042e-14 7.883003037446e-18 
2.864037273653e-08 1.996697222413e-07 3.202308387666e-07 1.915898637766e-07 7.078016957518e-08 1.554095850554e-08 1.910255101706e-09 1.071414034475e-10 1.630605186542e-12 1.286063666357e-15 
3.645931937713e-09 6.021771507348e-08 1.915898637766e-07 2.812737713790e-07 1.761781089672e-07 6.941559332783e-08 1.489628187304e-08 1.463633193169e-09 4.109092545926e-11 7.142611654710e-14 
3.331882499904e-10 1.147011040811e-08 7.078016957518e-08 1.761781089672e-07 2.532731167781e-07 1.592726412986e-07 6.072108913169e-08 1.063483747322e-08 5.540204720877e-10 2.115809569113e-12 
2.014117370752e-11 1.388202473900e-09 1.554095850554e-08 6.941559332783e-08 1.592726412986e-07 2.316397545119e-07 1.413978872897e-07 4.604565975684e-08 4.686420247137e-09 4.135424364834e-11 
6.897686373584e-13 9.620490751614e-11 1.910255101706e-09 1.489628187304e-08 6.072108913169e-08 1.413978872897e-07 2.133488057094e-07 1.191941957123e-07 2.592129941681e-08 5.900388933797e-10 
1.009925102548e-14 2.972206539741e-12 1.071414034475e-10 1.463633193169e-09 1.063483747322e-08 4.604565975684e-08 1.191941957123e-07 1.940605194779e-07 8.871152171325e-08 6.280827594803e-09 
3.473774946900e-17 2.320422257042e-14 1.630605186542e-12 4.109092545926e-11 5.540204720877e-10 4.686420247137e-09 2.592129941681e-08 8.871152171325e-08 1.751929485647e-07 4.575374771654e-08 
4.477638888168e-21 7.883003037446e-18 1.286063666357e-15 7.142611654710e-14 2.115809569113e-12 4.135424364834e-11 5.900388933797e-10 6.280827594803e-09 4.575374771654e-08 1.255910647901e-07 
