2.535541610621e-07 8.582776303390e-08 1.585592959231e-08 1.985051188481e-09 1.773940861284e-10 1.044767568241e-11 3.480787174454e-13 4.924756954889e-15 1.617624035185e-17 1.982130827876e-21 
8.582776303390e-08 2.242611236188e-07 1.092770327378e-07 3.231352075101e-08 6.009779789612e-09 7.089570240380e-10 4.777357755264e-11 1.424645754768e-12 1.065755150462e-14 3.465703991266e-18 
1.585592959231e-08 1.092770327378e-07 1.854194500465e-07 1.010727681763e-07 3.650369625748e-08 7.824594184234e-09 9.346145859355e-10 5.059751654162e-11 7.407143086746e-13 5.615209266195e-16 
1.985051188481e-09 3.231352075101e-08 1.010727681763e-07 1.591725086917e-07 8.934571294300e-08 3.439793989309e-08 7.173438995229e-09 6.814856584158e-10 1.848865864315e-11 3.095107139315e-14 
1.773940861284e-10 6.009779789612e-09 3.650369625748e-08 8.934571294300e-08 1.401904742028e-07 7.744186326286e-08 2.872310562247e-08 4.881183589326e-09 2.470266207698e-10 9.089698871950e-13 
1.044767568241e-11 7.089570240380e-10 7.824594184234e-09 3.439793989309e-08 7.744186326286e-08 1.249355684319e-07 6.558266053585e-08 2.082753709102e-08 2.069194050698e-09 1.758627196183e-11 
3.480787174454e-13 4.777357755264e-11 9.346145859355e-10 7.173438995229e-09 2.872310562247e-08 6.558266053585e-08 1.123557869703e-07 5.313152556575e-08 1.130332267281e-08 2.478069947340e-10 
4.924756954889e-15 1.424645754768e-12 5.059751654162e-11 6.814856584158e-10 4.881183589326e-09 2.082753709102e-08 5.313152556575e-08 1.009345902168e-07 3.797859370709e-08 2.597524529617e-09 
1.617624035185e-17 1.065755150462e-14 7.407143086746e-13 1.848865864315e-11 2.470266207698e-10 2.069194050698e-09 1.130332267281e-08 3.797859370709e-08 8.948849180614e-08 1.862742647791e-08 
1.982130827876e-21 3.465703991266e-18 5.615209266195e-16 3.095107139315e-14 9.089698871950e-13 1.758627196183e-11 2.478069947340e-10 2.597524529617e-09 1.862742647791e-08 6.745756278743e-08 
