3.2243597484100877e-08 1.4604627557969833e-08 1.0712928326626249e-08 8.3873902018669843e-09 6.7174944455528722e-09 5.3908850578500315e-09 4.2571919032413441e-09 3.2202176826835950e-09 2.1829547416520602e-09 8.0082777277101205e-10 
1.4604627557969833e-08 9.8061548597059115e-09 5.3764028677610805e-09 4.2462364373823430e-09 3.4349317165189560e-09 2.7904539887067902e-09 2.2395921140972144e-09 1.7356047743828649e-09 1.2314776368567201e-09 5.6137056902566525e-10 
1.0712928326626249e-08 5.3764028677610805e-09 6.5390789696219692e-09 3.1784539467392010e-09 2.5883632301171441e-09 2.1196339190594180e-09 1.7189443143007052e-09 1.3522890482150145e-09 9.8553131687326917e-10 4.9888158436401988e-10 
8.3873902018669843e-09 4.2462364373823430e-09 3.1784539467392010e-09 5.0788721946048842e-09 2.0825102168778666e-09 1.7187910108564619e-09 1.4078260339193889e-09 1.1232302546617421e-09 8.3855748755914742e-10 4.6153194510268820e-10 
6.7174944455528722e-09 3.4349317165189560e-09 2.5883632301171441e-09 2.0825102168778666e-09 4.2581022369926762e-09 1.4313627116991202e-09 1.1848399342253375e-09 9.5917101074244533e-10 7.3345203901664197e-10 4.3516628163275132e-10 
5.3908850578500315e-09 2.7904539887067902e-09 2.1196339190594180e-09 1.7187910108564619e-09 1.4313627116991202e-09 3.7415674804184081e-09 1.0078002142981079e-09 8.2893760187079375e-10 6.5003305476171815e-10 4.1429535749946554e-10 
4.2571919032413441e-09 2.2395921140972144e-09 1.7189443143007052e-09 1.4078260339193889e-09 1.1848399342253375e-09 1.0078002142981079e-09 3.3948183735612115e-09 7.1752985801151985e-10 5.7858950117949949e-10 3.9624396285087920e-10 
3.2202176826835950e-09 1.7356047743828649e-09 1.3522890482150145e-09 1.1232302546617421e-09 9.5917101074244533e-10 8.2893760187079375e-10 7.1752985801151985e-10 3.1539621862504360e-09 5.1320850201290862e-10 3.7950743616063652e-10 
2.1829547416520602e-09 1.2314776368567201e-09 9.8553131687326917e-10 8.3855748755914742e-10 7.3345203901664197e-10 6.5003305476171815e-10 5.7858950117949949e-10 5.1320850201290862e-10 2.9865781586375540e-09 3.6309015186946508e-10 
8.0082777277101205e-10 5.6137056902566525e-10 4.9888158436401988e-10 4.6153194510268820e-10 4.3516628163275132e-10 4.1429535749946554e-10 3.9624396285087920e-10 3.7950743616063652e-10 3.6309015186946508e-10 2.8834781707025100e-09 
