6.6530387629844477e-08 3.1698076524544821e-08 2.3374169477545008e-08 1.8399511934545158e-08 1.4827399539267550e-08 1.1989298156202576e-08 9.5629730995635868e-09 7.3419710765922796e-09 5.1180585359738470e-09 2.1627358969189113e-09 
3.1698076524544821e-08 1.8404428575443520e-08 1.1784461542339325e-08 9.3451989635725615e-09 7.5940396814936531e-09 6.2027640991660128e-09 5.0131236196637463e-09 3.9238581758719112e-09 2.8329877069176538e-09 1.3861873973599695e-09 
2.3374169477545008e-08 1.1784461542339325e-08 1.1334822781484032e-08 7.0105053479696515e-09 5.7286006834522862e-09 4.7101661833226828e-09 3.8392281339435554e-09 3.0416239727771772e-09 2.2427496722590980e-09 1.1847032129931219e-09 
1.8399511934545158e-08 9.3451989635725615e-09 7.0105053479696515e-09 8.1536947986600469e-09 4.6137841353047905e-09 3.8181540586221404e-09 3.1376617630162579e-09 2.5143555896743555e-09 1.8899848421817056e-09 1.0642653164393522e-09 
1.4827399539267550e-08 7.5940396814936531e-09 5.7286006834522862e-09 4.6137841353047905e-09 6.3523325611739020e-09 3.1783012078350151e-09 2.6345833856596785e-09 2.1364374372043337e-09 1.6373890275019215e-09 9.7853084960810374e-10 
1.1989298156202576e-08 6.2027640991660128e-09 4.7101661833226828e-09 3.8181540586221404e-09 3.1783012078350151e-09 5.2084785242239542e-09 2.2350169382391467e-09 1.8362997452013254e-09 1.4367854755518107e-09 9.1048961995888198e-10 
9.5629730995635868e-09 5.0131236196637463e-09 3.8392281339435554e-09 3.1376617630162579e-09 2.6345833856596785e-09 2.2350169382391467e-09 4.4315452779201045e-09 1.5794419202498922e-09 1.2649442176116011e-09 8.5186606380190707e-10 
7.3419710765922796e-09 3.9238581758719112e-09 3.0416239727771772e-09 2.5143555896743555e-09 2.1364374372043337e-09 1.8362997452013254e-09 1.5794419202498922e-09 3.8824094224950943e-09 1.1074501602256272e-09 7.9765126543613820e-10 
5.1180585359738470e-09 2.8329877069176538e-09 2.2427496722590980e-09 1.8899848421817056e-09 1.6373890275019215e-09 1.4367854755518107e-09 1.2649442176116011e-09 1.1074501602256272e-09 3.4884601200605735e-09 7.4363989999505335e-10 
2.1627358969189113e-09 1.3861873973599695e-09 1.1847032129931219e-09 1.0642653164393522e-09 9.7853084960810374e-10 9.1048961995888198e-10 8.5186606380190707e-10 7.9765126543613820e-10 7.4363989999505335e-10 3.2171507346957541e-09 
