2.3997864218083274e-08 1.0515947665935109e-08 7.6957416719688561e-09 6.0105854062166215e-09 4.8005558747264370e-09 3.8393472022651327e-09 3.0180832361750849e-09 2.2671929010386919e-09 1.5165731965933144e-09 5.1526207449962788e-10 
1.0515947665935109e-08 7.7563141412059585e-09 3.8521659452048690e-09 3.0361270661054756e-09 2.4503479522682034e-09 1.9850613766375221e-09 1.5874422905102208e-09 1.2238131305341999e-09 8.6034277696044949e-10 3.7675754734397371e-10 
7.6957416719688561e-09 3.8521659452048690e-09 5.3997582655244524e-09 2.2691790290670708e-09 1.8442256955719883e-09 1.5067026038597149e-09 1.2182326834626454e-09 9.5438075755307923e-10 6.9065796349270705e-10 3.4045995361902438e-10 
6.0105854062166215e-09 3.0361270661054756e-09 2.2691790290670708e-09 4.3493851409899924e-09 1.4820648933187901e-09 1.2208755316813581e-09 9.9761510379851657e-10 7.9337868893493699e-10 5.8925613090424667e-10 3.1875799176479029e-10 
4.8005558747264370e-09 2.4503479522682034e-09 1.8442256955719883e-09 1.4820648933187901e-09 3.7607637433561884e-09 1.0159492158296379e-09 8.3952310667917694e-10 6.7809542207963322e-10 5.1677741886063774e-10 3.0352489279379877e-10 
3.8393472022651327e-09 1.9850613766375221e-09 1.5067026038597149e-09 1.2208755316813581e-09 1.0159492158296379e-09 3.3916981191506423e-09 7.1402836267450477e-10 5.8660138358573652e-10 4.5927032815907220e-10 2.9148829562452301e-10 
3.0180832361750849e-09 1.5874422905102208e-09 1.2182326834626454e-09 9.9761510379851657e-10 8.3952310667917694e-10 7.1402836267450477e-10 3.1451651885260201e-09 5.0835213302433950e-10 4.1002676021815981e-10 2.8104869099590605e-10 
2.2671929010386919e-09 1.2238131305341999e-09 9.5438075755307923e-10 7.9337868893493699e-10 6.7809542207963322e-10 5.8660138358573652e-10 5.0835213302433950e-10 2.9751968420881680e-09 3.6499992571091542e-10 2.7135179902814442e-10 
1.5165731965933144e-09 8.6034277696044949e-10 6.9065796349270705e-10 5.8925613090424667e-10 5.1677741886063774e-10 4.5927032815907220e-10 4.1002676021815981e-10 3.6499992571091542e-10 2.8587396349660373e-09 2.6195860124322704e-10 
5.1526207449962788e-10 3.7675754734397371e-10 3.4045995361902438e-10 3.1875799176479029e-10 3.0352489279379877e-10 2.9148829562452301e-10 2.8104869099590605e-10 2.7135179902814442e-10 2.6195860124322704e-10 2.7908445672125177e-09 
