4.5308745970442637e-08 2.1105197950027944e-08 1.5521525522465694e-08 1.2184788681663050e-08 9.7888090381544745e-09 7.8852845378259657e-09 6.2582673920743596e-09 4.7694902552837000e-09 3.2794799494623958e-09 1.2967292803951876e-09 
2.1105197950027944e-08 1.3072245870630049e-08 7.8087122651905854e-09 6.1802392060938014e-09 5.0111963106497832e-09 4.0824805165749846e-09 3.2885198774515223e-09 2.5618314362639269e-09 1.8344822447358945e-09 8.6873088238342503e-10 
1.5521525522465694e-08 7.8087122651905854e-09 8.3587761792412015e-09 4.6320234802329093e-09 3.7791145548518407e-09 3.1015676062787125e-09 2.5222626428267157e-09 1.9919469880487148e-09 1.4611168177319964e-09 7.5741585840190755e-10 
1.2184788681663050e-08 6.1802392060938014e-09 4.6320234802329093e-09 6.2453177198268817e-09 3.0428714243299464e-09 2.5154062440943549e-09 2.0643604932377090e-09 1.6513883471262096e-09 1.2379932012133687e-09 6.9088642225873666e-10 
9.7888090381544745e-09 5.0111963106497832e-09 3.7791145548518407e-09 3.0428714243299464e-09 5.0531349341118033e-09 2.0950284956027545e-09 1.7360984589769122e-09 1.4073893268281792e-09 1.0783340388409580e-09 6.4369990844875829e-10 
7.8852845378259657e-09 4.0824805165749846e-09 3.1015676062787125e-09 2.5154062440943549e-09 2.0950284956027545e-09 4.2996047561013828e-09 1.4754294424628688e-09 1.2136552368260445e-09 9.5157853981259380e-10 6.0629277905500639e-10 
6.2582673920743596e-09 3.2885198774515223e-09 2.5222626428267157e-09 2.0643604932377090e-09 1.7360984589769122e-09 1.4754294424628688e-09 3.7908636504863212e-09 1.0478908929308194e-09 8.4300731244176322e-10 5.7401058754596379e-10 
4.7694902552837000e-09 2.5618314362639269e-09 1.9919469880487148e-09 1.6513883471262096e-09 1.4073893268281792e-09 1.2136552368260445e-09 1.0478908929308194e-09 3.4344548683262743e-09 7.4357100897353286e-10 5.4412344168210858e-10 
3.2794799494623958e-09 1.8344822447358945e-09 1.4611168177319964e-09 1.2379932012133687e-09 1.0783340388409580e-09 9.5157853981259380e-10 8.4300731244176322e-10 7.4357100897353286e-10 3.1828171094483248e-09 5.1453642062669854e-10 
1.2967292803951876e-09 8.6873088238342503e-10 7.5741585840190755e-10 6.9088642225873666e-10 6.4369990844875829e-10 6.0629277905500639e-10 5.7401058754596379e-10 5.4412344168210858e-10 5.1453642062669854e-10 3.0186551946364800e-09 
