2.0099685576691705e-08 8.5889894226519771e-09 6.2769207261317226e-09 4.8954664629410512e-09 3.9035508306050164e-09 3.1156577627050799e-09 2.4425726238724496e-09 1.8273416739140694e-09 1.2126271889885104e-09 3.9216476954853596e-10 
8.5889894226519771e-09 6.7923327761311566e-09 3.1364648861494240e-09 2.4688160056375441e-09 1.9895787601925374e-09 1.6089465226754490e-09 1.2837175443547020e-09 9.8637903473889072e-10 6.8932605254688261e-10 2.9394251271901628e-10 
6.2769207261317226e-09 3.1364648861494240e-09 4.8653611400112624e-09 1.8431418637977282e-09 1.4959769424778297e-09 1.2202592191361345e-09 9.8464683567373093e-10 7.6920724717469992e-10 5.5399292566276468e-10 2.6811944019261778e-10 
4.8954664629410512e-09 2.4688160056375441e-09 1.8431418637977282e-09 4.0077795018587818e-09 1.2010599499215520e-09 9.8802067599774326e-10 8.0594489927529675e-10 6.3943575864614713e-10 4.7311795548888629e-10 2.5267358782257973e-10 
3.9035508306050164e-09 1.9895787601925374e-09 1.4959769424778297e-09 1.2010599499215520e-09 3.5280078571571921e-09 8.2152991414579528e-10 6.7790336881872800e-10 5.4652859976467698e-10 4.1532660402402756e-10 2.4187597003021250e-10 
3.1156577627050799e-09 1.6089465226754490e-09 1.2202592191361345e-09 9.8802067599774326e-10 8.2152991414579528e-10 3.2278127779433041e-09 5.7627522791524693e-10 4.7280377722365176e-10 3.6948137865794758e-10 2.3335550628277230e-10 
2.4425726238724496e-09 1.2837175443547020e-09 9.8464683567373093e-10 8.0594489927529675e-10 6.7790336881872800e-10 5.7627522791524693e-10 3.0278390215433440e-09 4.0976264753665345e-10 3.3022916222785256e-10 2.2594978937165518e-10 
1.8273416739140694e-09 9.8637903473889072e-10 7.6920724717469992e-10 6.3943575864614713e-10 5.4652859976467698e-10 4.7280377722365176e-10 4.0976264753665345e-10 2.8905520501346141e-09 2.9435879716852208e-10 2.1906146000361207e-10 
1.2126271889885104e-09 6.8932605254688261e-10 5.5399292566276468e-10 4.7311795548888629e-10 4.1532660402402756e-10 3.6948137865794758e-10 3.3022916222785256e-10 2.9435879716852208e-10 2.7972503688811743e-09 2.1245732074426898e-10 
3.9216476954853596e-10 2.9394251271901628e-10 2.6811944019261778e-10 2.5267358782257973e-10 2.4187597003021250e-10 2.3335550628277230e-10 2.2594978937165518e-10 2.1906146000361207e-10 2.1245732074426898e-10 2.7446293056207138e-09 
