2.4154101424882985e-07 1.1926816696098598e-07 8.8401975140196223e-08 6.9953789586514049e-08 5.6708272478533548e-08 4.6184193216714052e-08 3.7184554045191486e-08 2.8942241705273341e-08 2.0684696807677029e-08 9.7425602119649909e-09 
1.1926816696098598e-07 6.2504379260640852e-08 4.4676700940637401e-08 3.5538395506179789e-08 2.8978020113549319e-08 2.3765521076321141e-08 1.9307266561030444e-08 1.5222949638287246e-08 1.1129785858779549e-08 5.7137791630093175e-09 
8.8401975140196223e-08 4.4676700940637401e-08 3.5941201679030181e-08 2.6664174173747172e-08 2.1826888581456737e-08 1.7983438715346002e-08 1.4695750389506411e-08 1.1683190962220599e-08 8.6634271775655169e-09 4.6718013229706136e-09 
6.9953789586514049e-08 3.5538395506179789e-08 2.6664174173747172e-08 2.3898471409401723e-08 1.7552622681748087e-08 1.4527369815879013e-08 1.1939240323522266e-08 9.5672167409305678e-09 7.1889844985241525e-09 4.0486536598131654e-09 
5.6708272478533548e-08 2.8978020113549319e-08 2.1826888581456737e-08 1.7552622681748087e-08 1.7023438921526398e-08 1.2047372069378235e-08 9.9615580531940131e-09 8.0494213117233133e-09 6.1318280950825739e-09 3.6027845548676234e-09 
4.6184193216714052e-08 2.3765521076321141e-08 1.7983438715346002e-08 1.4527369815879013e-08 1.2047372069378235e-08 1.2615350409274074e-08 8.3903316435035849e-09 6.8435467377418254e-09 5.2918318921744443e-09 3.2484251637943338e-09 
3.7184554045191486e-08 1.9307266561030444e-08 1.4695750389506411e-08 1.1939240323522266e-08 9.9615580531940131e-09 8.3903316435035849e-09 9.5839085183976422e-09 5.8113266648815274e-09 4.5722572224562368e-09 2.9437840538213875e-09 
2.8942241705273341e-08 1.5222949638287246e-08 1.1683190962220599e-08 9.5672167409305678e-09 8.0494213117233133e-09 6.8435467377418254e-09 5.8113266648815274e-09 7.4027228589718254e-09 3.9120946797996217e-09 2.6624738185103721e-09 
2.0684696807677029e-08 1.1129785858779549e-08 8.6634271775655169e-09 7.1889844985241525e-09 6.1318280950825739e-09 5.2918318921744443e-09 4.5722572224562368e-09 3.9120946797996217e-09 5.7887103460952121e-09 2.3802314800830975e-09 
9.7425602119649909e-09 5.7137791630093175e-09 4.6718013229706136e-09 4.0486536598131654e-09 3.6027845548676234e-09 3.2484251637943338e-09 2.9437840538213875e-09 2.6624738185103721e-09 2.3802314800830975e-09 4.5648110350030534e-09 
