2.565920511721e-09 4.398841166620e-11 5.022945545013e-11 5.399452215317e-11 5.669718535694e-11 5.884584624589e-11 6.068710190348e-11 6.238210762447e-11 6.410223810058e-11 6.645771628186e-11 
4.398841166620e-11 2.619857783146e-09 9.925684943111e-11 1.104886429451e-10 1.185542236377e-10 1.249573524290e-10 1.304445980422e-10 1.354963574388e-10 1.406230440579e-10 1.476434813598e-10 
5.022945545013e-11 9.925684943111e-11 2.665331143198e-09 1.455715066261e-10 1.592225581810e-10 1.700219199354e-10 1.792630219496e-10 1.877710438682e-10 1.964058163398e-10 2.082304205083e-10 
5.399452215317e-11 1.104886429451e-10 1.455715066261e-10 2.710002695946e-09 1.914137679162e-10 2.072582671345e-10 2.207506604500e-10 2.331519311072e-10 2.457383828029e-10 2.629758336054e-10 
5.669718535694e-11 1.185542236377e-10 1.592225581810e-10 1.914137679162e-10 2.756316664968e-09 2.396269853489e-10 2.582038161785e-10 2.751818954948e-10 2.923896911751e-10 3.159619745478e-10 
5.884584624589e-11 1.249573524290e-10 1.700219199354e-10 2.072582671345e-10 2.396269853489e-10 2.806248121551e-09 2.923649407502e-10 3.147796325457e-10 3.373418249090e-10 3.682370246542e-10 
6.068710190348e-11 1.304445980422e-10 1.792630219496e-10 2.207506604500e-10 2.582038161785e-10 2.923649407502e-10 2.862159240032e-09 3.528379444600e-10 3.818400446568e-10 4.212432362957e-10 
6.238210762447e-11 1.354963574388e-10 1.877710438682e-10 2.331519311072e-10 2.751818954948e-10 3.147796325457e-10 3.528379444600e-10 2.928795083725e-09 4.281491327950e-10 4.778224093923e-10 
6.410223810058e-11 1.406230440579e-10 1.964058163398e-10 2.457383828029e-10 2.923896911751e-10 3.373418249090e-10 3.818400446568e-10 4.281491327950e-10 3.017874143791e-09 5.449929003060e-10 
6.645771628186e-11 1.476434813598e-10 2.082304205083e-10 2.629758336054e-10 3.159619745478e-10 3.682370246542e-10 4.212432362957e-10 4.778224093923e-10 5.449929003060e-10 3.190903711092e-09 
