8.4466566045362636e-08 4.0658582222759401e-08 3.0021112141113979e-08 2.3663733284276913e-08 1.9098878856830487e-08 1.5472009472056333e-08 1.2371138034301467e-08 9.5322798227651921e-09 6.6892394626595168e-09 2.9142670036291135e-09 
4.0658582222759401e-08 2.2915335409771764e-08 1.5148319178091576e-08 1.2023499803284140e-08 9.7801939302619903e-09 7.9978874981870257e-09 6.4737815639830404e-09 5.0780667427597260e-09 3.6800108849224089e-09 1.8270964077396160e-09 
3.0021112141113979e-08 1.5148319178091576e-08 1.3852285925193398e-08 9.0220961171923292e-09 7.3770589583148024e-09 6.0700985405257825e-09 4.9523432056871716e-09 3.9285485940731533e-09 2.9028856459176961e-09 1.5453038087362740e-09 
2.3663733284276913e-08 1.2023499803284140e-08 9.0220961171923292e-09 9.7668090346223851e-09 5.9408765428700278e-09 4.9179795277154200e-09 4.0430490434001047e-09 3.2415176166807582e-09 2.4384067833686874e-09 1.3768476193496398e-09 
1.9098878856830487e-08 9.7801939302619903e-09 7.3770589583148024e-09 5.9408765428700278e-09 7.4487832724462207e-09 4.0914817806147888e-09 3.3909351848890319e-09 2.7490007819306272e-09 2.1057115572013573e-09 1.2567500659816312e-09 
1.5472009472056333e-08 7.9978874981870257e-09 6.0700985405257825e-09 4.9179795277154200e-09 4.0914817806147888e-09 5.9733574911302703e-09 2.8729606055309694e-09 2.3578128754909865e-09 1.8414603224569247e-09 1.1613962266546917e-09 
1.2371138034301467e-08 6.4737815639830404e-09 4.9523432056871716e-09 4.0430490434001047e-09 3.3909351848890319e-09 2.8729606055309694e-09 4.9681320947430299e-09 2.0230119670920915e-09 1.6150936816083126e-09 1.0792949173018635e-09 
9.5322798227651921e-09 5.0780667427597260e-09 3.9285485940731533e-09 3.2415176166807582e-09 2.7490007819306272e-09 2.3578128754909865e-09 2.0230119670920915e-09 4.2544547212951724e-09 1.4075661909136163e-09 1.0034008310890352e-09 
6.6892394626595168e-09 3.6800108849224089e-09 2.9028856459176961e-09 2.4384067833686874e-09 2.1057115572013573e-09 1.8414603224569247e-09 1.6150936816083126e-09 1.4075661909136163e-09 3.7383861310922079e-09 9.2761406443482614e-10 
2.9142670036291135e-09 1.8270964077396160e-09 1.5453038087362740e-09 1.3768476193496398e-09 1.2567500659816312e-09 1.1613962266546917e-09 1.0792949173018635e-09 1.0034008310890352e-09 9.2761406443482614e-10 3.3737460005630646e-09 
