4.482048648284e-09 2.967177934359e-09 3.346684612574e-09 3.575486140413e-09 3.739724031229e-09 3.870295731030e-09 3.982186777723e-09 4.085190386287e-09 4.189720798560e-09 4.332859693446e-09 
2.967177934359e-09 7.756893873735e-09 6.273263393195e-09 6.935157528550e-09 7.410398173124e-09 7.787659703116e-09 8.110959852480e-09 8.408602979645e-09 8.710660842078e-09 9.124294799154e-09 
3.346684612574e-09 6.273263393195e-09 1.042622961978e-08 8.982829957463e-09 9.781625506594e-09 1.041339191873e-08 1.095396723679e-08 1.145166544268e-08 1.195678010100e-08 1.264849144614e-08 
3.575486140413e-09 6.935157528550e-09 8.982829957463e-09 1.304005108330e-08 1.166816389154e-08 1.259763544305e-08 1.338893747806e-08 1.411621674437e-08 1.485436306866e-08 1.586527267581e-08 
3.739724031229e-09 7.410398173124e-09 9.781625506594e-09 1.166816389154e-08 1.576331632797e-08 1.451071885639e-08 1.560693937007e-08 1.660865114807e-08 1.762393392262e-08 1.901473700193e-08 
3.870295731030e-09 7.787659703116e-09 1.041339191873e-08 1.259763544305e-08 1.451071885639e-08 1.871866595022e-08 1.764010984924e-08 1.897046909724e-08 2.030980887571e-08 2.214392018236e-08 
3.982186777723e-09 8.110959852480e-09 1.095396723679e-08 1.338893747806e-08 1.560693937007e-08 1.764010984924e-08 2.204477784262e-08 2.124391773564e-08 2.297370443619e-08 2.532552035975e-08 
4.085190386287e-09 8.408602979645e-09 1.145166544268e-08 1.411621674437e-08 1.660865114807e-08 1.897046909724e-08 2.124391773564e-08 2.601925072562e-08 2.574000984956e-08 2.871983835326e-08 
4.189720798560e-09 8.710660842078e-09 1.195678010100e-08 1.485436306866e-08 1.762393392262e-08 2.030980887571e-08 2.297370443619e-08 2.574000984956e-08 3.132097814121e-08 3.271558816731e-08 
4.332859693446e-09 9.124294799154e-09 1.264849144614e-08 1.586527267581e-08 1.901473700193e-08 2.214392018236e-08 2.532552035975e-08 2.871983835326e-08 3.271558816731e-08 4.150877291579e-08 
