1.609065370665e-07 5.402097445405e-08 1.016038583473e-08 1.280353280777e-09 1.143967897146e-10 6.705119003668e-12 2.213254931852e-13 3.091581754712e-15 1.001384300342e-17 1.185939114490e-21 
5.402097445405e-08 1.535434800785e-07 7.040791811482e-08 2.084987516289e-08 3.865434537873e-09 4.527826159220e-10 3.018732625115e-11 8.896045586408e-13 6.562001595939e-15 2.058810759375e-18 
1.016038583473e-08 7.040791811482e-08 1.296599266094e-07 6.509161097985e-08 2.338721294149e-08 4.970834836511e-09 5.874379745509e-10 3.145818412519e-11 4.533490593709e-13 3.314641674487e-16 
1.280353280777e-09 2.084987516289e-08 6.509161097985e-08 1.121979055495e-07 5.691788006536e-08 2.171905776732e-08 4.485815426884e-09 4.217817088522e-10 1.123731148643e-11 1.816503467437e-14 
1.143967897146e-10 3.865434537873e-09 2.338721294149e-08 5.691788006536e-08 9.902159333685e-08 4.857279604316e-08 1.786662479549e-08 3.003556439371e-09 1.489044680348e-10 5.305474949850e-13 
6.705119003668e-12 4.527826159220e-10 4.970834836511e-09 2.171905776732e-08 4.857279604316e-08 8.846619773383e-08 4.053561833277e-08 1.270818376005e-08 1.234945060132e-09 1.020553240799e-11 
2.213254931852e-13 3.018732625115e-11 5.874379745509e-10 4.485815426884e-09 1.786662479549e-08 4.053561833277e-08 7.971880501275e-08 3.201603004486e-08 6.668786288075e-09 1.427658358060e-10 
3.091581754712e-15 8.896045586408e-13 3.145818412519e-11 4.217817088522e-10 3.003556439371e-09 1.270818376005e-08 3.201603004486e-08 7.131974847345e-08 2.212674254060e-08 1.479422860203e-09 
1.001384300342e-17 6.562001595939e-15 4.533490593709e-13 1.123731148643e-11 1.489044680348e-10 1.234945060132e-09 6.668786288075e-09 2.212674254060e-08 6.332196428930e-08 1.038221974567e-08 
1.185939114490e-21 2.058810759375e-18 3.314641674487e-16 1.816503467437e-14 5.305474949850e-13 1.020553240799e-11 1.427658358060e-10 1.479422860203e-09 1.038221974567e-08 4.926946249000e-08 
