2.707297466590e-07 9.161021755701e-08 1.690890789215e-08 2.118423916590e-09 1.894940377031e-10 1.119458766316e-11 3.730962175083e-13 5.280490076211e-15 1.746870611704e-17 2.158138203131e-21 
9.161021755701e-08 2.372845863595e-07 1.165930678097e-07 3.450325945369e-08 6.431156989019e-09 7.601618581209e-10 5.118000766505e-11 1.531221593326e-12 1.153371659117e-14 3.777960661662e-18 
1.690890789215e-08 1.165930678097e-07 1.960492722697e-07 1.080675502044e-07 3.912708452573e-08 8.386257741732e-09 1.001978211875e-09 5.451496122430e-11 8.029893961331e-13 6.128107824477e-16 
2.118423916590e-09 3.450325945369e-08 1.080675502044e-07 1.685506017862e-07 9.579003145946e-08 3.685364255375e-08 7.704852057938e-09 7.359323500803e-10 2.007417551857e-11 3.381617863038e-14 
1.894940377031e-10 6.431156989019e-09 3.912708452573e-08 9.579003145946e-08 1.481808649579e-07 8.307161667811e-08 3.093831639205e-08 5.283036567085e-09 2.686235441792e-10 9.942051004673e-13 
1.119458766316e-11 7.601618581209e-10 8.386257741732e-09 3.685364255375e-08 8.307161667811e-08 1.323073436107e-07 7.086589347388e-08 2.259421318770e-08 2.253911762280e-09 1.925609672307e-11 
3.730962175083e-13 5.118000766505e-11 1.001978211875e-09 7.704852057938e-09 3.093831639205e-08 7.086589347388e-08 1.194229303987e-07 5.777965348385e-08 1.233743620916e-08 2.716445682642e-10 
5.280490076211e-15 1.531221593326e-12 5.451496122430e-11 7.359323500803e-10 5.283036567085e-09 2.259421318770e-08 5.777965348385e-08 1.075195318601e-07 4.155300997143e-08 2.851992121052e-09 
1.746870611704e-17 1.153371659117e-14 8.029893961331e-13 2.007417551857e-11 2.686235441792e-10 2.253911762280e-09 1.233743620916e-08 4.155300997143e-08 9.543327637233e-08 2.052576255985e-08 
2.158138203131e-21 3.777960661662e-18 6.128107824477e-16 3.381617863038e-14 9.942051004673e-13 1.925609672307e-11 2.716445682642e-10 2.851992121052e-09 2.052576255985e-08 7.162676545476e-08 
