8.550342733313e-08 2.592023533637e-08 5.112092389399e-09 6.647692607016e-10 6.063953092114e-11 3.608078435666e-12 1.199076128349e-13 1.681335759405e-15 5.419460870758e-18 6.284648718611e-22 
2.592023533637e-08 9.080001816559e-08 3.628688588946e-08 1.098371076632e-08 2.069368185022e-09 2.447867866646e-10 1.638476215368e-11 4.840275581452e-13 3.532275670055e-15 1.087732359511e-18 
5.112092389399e-09 3.628688588946e-08 8.150465040448e-08 3.470986083108e-08 1.260904254383e-08 2.693681989464e-09 3.193414589708e-10 1.708423121382e-11 2.428421213505e-13 1.744590052567e-16 
6.647692607016e-10 1.098371076632e-08 3.470986083108e-08 7.343490417755e-08 3.081337547757e-08 1.179106371127e-08 2.440378942911e-09 2.281970427201e-10 5.994345802472e-12 9.511518842002e-15 
6.063953092114e-11 2.069368185022e-09 1.260904254383e-08 3.081337547757e-08 6.663308098247e-08 2.641806796866e-08 9.705492580005e-09 1.616224203683e-09 7.913402790830e-11 2.758790620502e-13 
3.608078435666e-12 2.447867866646e-10 2.693681989464e-09 1.179106371127e-08 2.641806796866e-08 6.096741299550e-08 2.190293232148e-08 6.794727976446e-09 6.535989456076e-10 5.257940187749e-12 
1.199076128349e-13 1.638476215368e-11 3.193414589708e-10 2.440378942911e-09 9.705492580005e-09 2.190293232148e-08 5.580657358463e-08 1.701334088307e-08 3.505812607743e-09 7.264548632418e-11 
1.681335759405e-15 4.840275581452e-13 1.708423121382e-11 2.281970427201e-10 1.616224203683e-09 6.794727976446e-09 1.701334088307e-08 5.094755924173e-08 1.146788385304e-08 7.403544166830e-10 
5.419460870758e-18 3.532275670055e-15 2.428421213505e-13 5.994345802472e-12 7.913402790830e-11 6.535989456076e-10 3.505812607743e-09 1.146788385304e-08 4.593558802576e-08 5.092824490921e-09 
6.284648718611e-22 1.087732359511e-18 1.744590052567e-16 9.511518842002e-15 2.758790620502e-13 5.257940187749e-12 7.264548632418e-11 7.403544166830e-10 5.092824490921e-09 3.822650916590e-08 
