2.529393957184e-07 8.558092002969e-08 1.581026263440e-08 1.979387460658e-09 1.768942215060e-10 1.041880166604e-11 3.471406039537e-13 4.911797799244e-15 1.613544749156e-17 1.977459812300e-21 
8.558092002969e-08 2.236960374508e-07 1.089642751864e-07 3.222207787496e-08 5.993031203049e-09 7.070261096894e-10 4.764626961568e-11 1.420949678702e-12 1.063107971751e-14 3.457629735316e-18 
1.581026263440e-08 1.089642751864e-07 1.849737624026e-07 1.007896564506e-07 3.640335191472e-08 7.803536268815e-09 9.321496960640e-10 5.046808165908e-11 7.388990326306e-13 5.602267766520e-16 
1.979387460658e-09 3.222207787496e-08 1.007896564506e-07 1.588113301393e-07 8.910387449746e-08 3.430641162750e-08 7.154755502968e-09 6.797674664714e-10 1.844394149429e-11 3.088050941891e-14 
1.768942215060e-10 5.993031203049e-09 3.640335191472e-08 8.910387449746e-08 1.398916702945e-07 7.723856702596e-08 2.864950885202e-08 4.869071323334e-09 2.464374729126e-10 9.069211897017e-13 
1.041880166604e-11 7.070261096894e-10 7.803536268815e-09 3.430641162750e-08 7.723856702596e-08 1.246864766641e-07 6.541799057309e-08 2.077679219264e-08 2.064337784310e-09 1.754713677629e-11 
3.471406039537e-13 4.764626961568e-11 9.321496960640e-10 7.154755502968e-09 2.864950885202e-08 6.541799057309e-08 1.121494333230e-07 5.300487346312e-08 1.127730790486e-08 2.472640047666e-10 
4.911797799244e-15 1.420949678702e-12 5.046808165908e-11 6.797674664714e-10 4.869071323334e-09 2.077679219264e-08 5.300487346312e-08 1.007657849965e-07 3.789334699827e-08 2.591951265227e-09 
1.613544749156e-17 1.063107971751e-14 7.388990326306e-13 1.844394149429e-11 2.464374729126e-10 2.064337784310e-09 1.127730790486e-08 3.789334699827e-08 8.935551665660e-08 1.858871108154e-08 
1.977459812300e-21 3.457629735316e-18 5.602267766520e-16 3.088050941891e-14 9.069211897017e-13 1.754713677629e-11 2.472640047666e-10 2.591951265227e-09 1.858871108154e-08 6.737982657239e-08 
