1.609063666938e-07 5.402094201923e-08 1.016037959403e-08 1.280352485634e-09 1.143967181937e-10 6.705114788629e-12 2.213253530461e-13 3.091579763859e-15 1.001383607147e-17 1.185925862315e-21 
5.402094201923e-08 1.535434904889e-07 7.040792299068e-08 2.084987646468e-08 3.865434763112e-09 4.527826407527e-10 3.018732776926e-11 8.896045937900e-13 6.562001538415e-15 2.058789160484e-18 
1.016037959403e-08 7.040792299068e-08 1.296599322345e-07 6.509161414523e-08 2.338721398136e-08 4.970835040482e-09 5.874379959823e-10 3.145818493380e-11 4.533490491374e-13 3.314606854960e-16 
1.280352485634e-09 2.084987646468e-08 6.509161414523e-08 1.121979090616e-07 5.691788220819e-08 2.171905851051e-08 4.485815559966e-09 4.217817168192e-10 1.123731115618e-11 1.816484373116e-14 
1.143967181937e-10 3.865434763112e-09 2.338721398136e-08 5.691788220819e-08 9.902159570789e-08 4.857279750285e-08 1.786662525110e-08 3.003556483591e-09 1.489044630383e-10 5.305419158819e-13 
6.705114788629e-12 4.527826407527e-10 4.970835040482e-09 2.171905851051e-08 4.857279750285e-08 8.846619933810e-08 4.053561922745e-08 1.270818390356e-08 1.234945014458e-09 1.020542505419e-11 
2.213253530461e-13 3.018732776926e-11 5.874379959823e-10 4.485815559966e-09 1.786662525110e-08 4.053561922745e-08 7.971880591530e-08 3.201603026071e-08 6.668786011085e-09 1.427643333773e-10 
3.091579763859e-15 8.896045937900e-13 3.145818493380e-11 4.217817168192e-10 3.003556483591e-09 1.270818390356e-08 3.201603026071e-08 7.131974829941e-08 2.212674138306e-08 1.479407275215e-09 
1.001383607147e-17 6.562001538415e-15 4.533490491374e-13 1.123731115618e-11 1.489044630383e-10 1.234945014458e-09 6.668786011085e-09 2.212674138306e-08 6.332196075687e-08 1.038210987289e-08 
1.185925862315e-21 2.058789160484e-18 3.314606854960e-16 1.816484373116e-14 5.305419158819e-13 1.020542505419e-11 1.427643333773e-10 1.479407275215e-09 1.038210987289e-08 4.926901877662e-08 
