5.978641061281e-08 1.512370989811e-08 3.086698387985e-09 4.122246302175e-10 3.845168107076e-11 2.326496244141e-12 7.852426554250e-14 1.116650953142e-15 3.626838528332e-18 4.251359703010e-22 
1.512370989811e-08 6.578217044894e-08 2.235203398203e-08 6.915509763983e-09 1.326673031325e-09 1.592087540284e-10 1.081589542147e-11 3.224026356631e-13 2.372585351925e-15 7.348177607944e-19 
3.086698387985e-09 2.235203398203e-08 6.165959358369e-08 2.215662724266e-08 8.156289773634e-09 1.765951286837e-09 2.118466976637e-10 1.140432818528e-11 1.636707413470e-13 1.176367174979e-16 
4.122246302175e-10 6.915509763983e-09 2.215662724266e-08 5.740729864623e-08 2.011990161557e-08 7.789284990630e-09 1.624280565090e-09 1.527479218103e-10 4.050246403524e-12 6.401097284252e-15 
3.845168107076e-11 1.326673031325e-09 8.156289773634e-09 2.011990161557e-08 5.354892329853e-08 1.755299329056e-08 6.477247782157e-09 1.085884009886e-09 5.353237683197e-11 1.853531686218e-13 
2.326496244141e-12 1.592087540284e-10 1.765951286837e-09 7.789284990630e-09 1.755299329056e-08 5.005264337068e-08 1.467393688685e-08 4.584730943049e-09 4.418605792282e-10 3.528873051094e-12 
7.852426554250e-14 1.081589542147e-11 2.118466976637e-10 1.624280565090e-09 6.477247782157e-09 1.467393688685e-08 4.680444134750e-08 1.150907005195e-08 2.363481361536e-09 4.874855550175e-11 
1.116650953142e-15 3.224026356631e-13 1.140432818528e-11 1.527479218103e-10 1.085884009886e-09 4.584730943049e-09 1.150907005195e-08 4.355712959181e-08 7.703881032405e-09 4.969834419738e-10 
3.626838528332e-18 2.372585351925e-15 1.636707413470e-13 4.050246403524e-12 5.353237683197e-11 4.418605792282e-10 2.363481361536e-09 7.703881032405e-09 4.010678346767e-08 3.401846943518e-09 
4.251359703010e-22 7.348177607944e-19 1.176367174979e-16 6.401097284252e-15 1.853531686218e-13 3.528873051094e-12 4.874855550175e-11 4.969834419738e-10 3.401846943518e-09 3.474737946131e-08 
