3.120276234036e-09 8.741618211995e-10 9.842522346130e-10 1.050724133831e-09 1.098429145144e-09 1.136353772348e-09 1.168852940556e-09 1.198770786130e-09 1.229132056098e-09 1.270694045990e-09 
8.741618211995e-10 4.070895424112e-09 1.854281719829e-09 2.057777323626e-09 2.203780205938e-09 2.319604382145e-09 2.418863502086e-09 2.510248706076e-09 2.602989697444e-09 2.729959768801e-09 
9.842522346130e-10 1.854281719829e-09 4.902376405608e-09 2.716591216384e-09 2.974564942350e-09 3.178192056697e-09 3.352324677311e-09 3.512652199478e-09 3.675374047176e-09 3.898168600316e-09 
1.050724133831e-09 2.057777323626e-09 2.716591216384e-09 5.761682965581e-09 3.618372412274e-09 3.933391279898e-09 4.201008557574e-09 4.446825171520e-09 4.696323551747e-09 5.037977485227e-09 
1.098429145144e-09 2.203780205938e-09 2.974564942350e-09 3.618372412274e-09 6.704957878935e-09 4.623879721094e-09 5.013332392336e-09 5.368386328549e-09 5.728082701017e-09 6.220809718619e-09 
1.136353772348e-09 2.319604382145e-09 3.178192056697e-09 3.933391279898e-09 4.623879721094e-09 7.778475349157e-09 5.781713982210e-09 6.274017662259e-09 6.768399212183e-09 7.445290560007e-09 
1.168852940556e-09 2.418863502086e-09 3.352324677311e-09 4.201008557574e-09 5.013332392336e-09 5.781713982210e-09 9.036615670118e-09 7.167058840020e-09 7.829327445928e-09 8.727367585438e-09 
1.198770786130e-09 2.510248706076e-09 3.512652199478e-09 4.446825171520e-09 5.368386328549e-09 6.274017662259e-09 7.167058840020e-09 1.059700161868e-08 8.957605570486e-09 1.012879182924e-08 
1.229132056098e-09 2.602989697444e-09 3.675374047176e-09 4.696323551747e-09 5.728082701017e-09 6.768399212183e-09 7.829327445928e-09 8.957605570486e-09 1.276091604040e-08 1.182649107766e-08 
1.270694045990e-09 2.729959768801e-09 3.898168600316e-09 5.037977485227e-09 6.220809718619e-09 7.445290560007e-09 8.727367585438e-09 1.012879182924e-08 1.182649107766e-08 1.712025999708e-08 
