2.544825313349e-09 1.072176421774e-11 1.245637177001e-11 1.350569964634e-11 1.425880766781e-11 1.485751761353e-11 1.537057653317e-11 1.584288449921e-11 1.632219345228e-11 1.697854481187e-11 
1.072176421774e-11 2.559861386342e-09 2.687041257654e-11 3.035583236826e-11 3.285833145631e-11 3.484410405299e-11 3.654587179626e-11 3.811261949223e-11 3.970260952384e-11 4.187993950212e-11 
1.245637177001e-11 2.687041257654e-11 2.574232985999e-09 4.192254581182e-11 4.643441801550e-11 4.999970772278e-11 5.304961262962e-11 5.585766632045e-11 5.870760146393e-11 6.261037691818e-11 
1.350569964634e-11 3.035583236826e-11 4.192254581182e-11 2.589263939531e-09 5.765380183089e-11 6.312752497028e-11 6.778385522769e-11 7.206264404420e-11 7.640542584129e-11 8.235306348184e-11 
1.425880766781e-11 3.285833145631e-11 4.643441801550e-11 5.765380183089e-11 2.605525978688e-09 7.483385152942e-11 8.146868304299e-11 8.752759983025e-11 9.366787416183e-11 1.020795165544e-10 
1.485751761353e-11 3.484410405299e-11 4.999970772278e-11 6.312752497028e-11 7.483385152942e-11 2.623597887727e-09 9.412650444604e-11 1.023284802943e-10 1.105810130004e-10 1.218821619738e-10 
1.537057653317e-11 3.654587179626e-11 5.304961262962e-11 6.778385522769e-11 8.146868304299e-11 9.412650444604e-11 2.644267538846e-09 1.166535707735e-10 1.274569959235e-10 1.421389640452e-10 
1.584288449921e-11 3.811261949223e-11 5.585766632045e-11 7.206264404420e-11 8.752759983025e-11 1.023284802943e-10 1.166535707735e-10 2.669266416031e-09 1.450615335322e-10 1.638499108732e-10 
1.632219345228e-11 3.970260952384e-11 5.870760146393e-11 7.640542584129e-11 9.366787416183e-11 1.105810130004e-10 1.274569959235e-10 1.450615335322e-10 2.702969291122e-09 1.895263638069e-10 
1.697854481187e-11 4.187993950212e-11 6.261037691818e-11 8.235306348184e-11 1.020795165544e-10 1.218821619738e-10 1.421389640452e-10 1.638499108732e-10 1.895263638069e-10 2.768419134950e-09 
