2.542454579654e-09 6.783185728295e-12 7.908840009038e-12 8.590340476139e-12 9.079418478726e-12 9.468221528815e-12 9.801404197570e-12 1.010812333563e-11 1.041938896650e-11 1.084562729091e-11 
6.783185728295e-12 2.552218839769e-09 1.738956549914e-11 1.971560259836e-11 2.138540051041e-11 2.271011014029e-11 2.384536808767e-11 2.489056591035e-11 2.595127061321e-11 2.740379963838e-11 
7.908840009038e-12 1.738956549914e-11 2.561858745001e-09 2.757360713094e-11 3.064425394759e-11 3.306923542050e-11 3.514331076681e-11 3.705293872017e-11 3.899106741790e-11 4.164519742383e-11 
8.590340476139e-12 1.971560259836e-11 2.757360713094e-11 2.572152495129e-09 3.842389046573e-11 4.220992856833e-11 4.542862232951e-11 4.838583417039e-11 5.138731160248e-11 5.549801308389e-11 
9.079418478726e-12 2.138540051041e-11 3.064425394759e-11 3.842389046573e-11 2.583475367929e-09 5.046044985416e-11 5.511425311638e-11 5.936146397614e-11 6.366523796139e-11 6.956121320099e-11 
9.468221528815e-12 2.271011014029e-11 3.306923542050e-11 4.220992856833e-11 5.046044985416e-11 2.596231818621e-09 6.414915104005e-11 6.996945981553e-11 7.582218038207e-11 8.383698060374e-11 
9.801404197570e-12 2.384536808767e-11 3.514331076681e-11 4.542862232951e-11 5.511425311638e-11 6.414915104005e-11 2.610988332990e-09 8.030501861925e-11 8.804692080787e-11 9.856364833133e-11 
1.010812333563e-11 2.489056591035e-11 3.705293872017e-11 4.838583417039e-11 5.936146397614e-11 6.996945981553e-11 8.030501861925e-11 2.629018387050e-09 1.008723393619e-10 1.144499797517e-10 
1.041938896650e-11 2.595127061321e-11 3.899106741790e-11 5.138731160248e-11 6.366523796139e-11 7.582218038207e-11 8.804692080787e-11 1.008723393619e-10 2.653551268374e-09 1.333456102170e-10 
1.084562729091e-11 2.740379963838e-11 4.164519742383e-11 5.549801308389e-11 6.956121320099e-11 8.383698060374e-11 9.856364833133e-11 1.144499797517e-10 1.333456102170e-10 2.701636697578e-09 
