2.568740937985e-09 4.829506307062e-11 5.507203388627e-11 5.915977319663e-11 6.209407564771e-11 6.442689714153e-11 6.642596479175e-11 6.826624697004e-11 7.013380464448e-11 7.269040466964e-11 
4.829506307062e-11 2.627296295555e-09 1.080990131022e-10 1.202057958946e-10 1.288996945187e-10 1.358017269395e-10 1.417165000671e-10 1.471618530800e-10 1.526879649768e-10 1.602536980751e-10 
5.507203388627e-11 1.080990131022e-10 2.676257219673e-09 1.578896483686e-10 1.725542675572e-10 1.841555777214e-10 1.940829295057e-10 2.032227674523e-10 2.124987578446e-10 2.251991048115e-10 
5.915977319663e-11 1.202057958946e-10 1.578896483686e-10 2.724204880979e-09 2.070518681191e-10 2.240395405624e-10 2.385057771747e-10 2.518021698877e-10 2.652970727445e-10 2.837757094120e-10 
6.209407564771e-11 1.288996945187e-10 1.725542675572e-10 2.070518681191e-10 2.773832081172e-09 2.586904125305e-10 2.785881709309e-10 2.967730571385e-10 3.152037087294e-10 3.404476149203e-10 
6.442689714153e-11 1.358017269395e-10 1.841555777214e-10 2.240395405624e-10 2.586904125305e-10 2.827299828220e-09 3.151555823788e-10 3.391528536321e-10 3.633061987992e-10 3.963758705990e-10 
6.642596479175e-11 1.417165000671e-10 1.940829295057e-10 2.385057771747e-10 2.785881709309e-10 3.151555823788e-10 2.887157644814e-09 3.798907865543e-10 4.109295046153e-10 4.530893281165e-10 
6.826624697004e-11 1.471618530800e-10 2.032227674523e-10 2.518021698877e-10 2.967730571385e-10 3.391528536321e-10 3.798907865543e-10 2.958501965432e-09 4.605327100754e-10 5.136734838359e-10 
7.013380464448e-11 1.526879649768e-10 2.124987578446e-10 2.652970727445e-10 3.152037087294e-10 3.633061987992e-10 4.109295046153e-10 4.605327100754e-10 3.053972527918e-09 5.857437196605e-10 
7.269040466964e-11 1.602536980751e-10 2.251991048115e-10 2.837757094120e-10 3.404476149203e-10 3.963758705990e-10 4.530893281165e-10 5.136734838359e-10 5.857437196605e-10 3.239820173405e-09 
