2.546397875301e-09 1.328556160753e-11 1.539945861931e-11 1.667770232279e-11 1.759513608909e-11 1.832448813019e-11 1.894949826155e-11 1.952486519581e-11 2.010876073941e-11 2.090832887791e-11 
1.328556160753e-11 2.564714265799e-09 3.283454315773e-11 3.701853275118e-11 4.002280500087e-11 4.240696061009e-11 4.445012773097e-11 4.633117890976e-11 4.824013382193e-11 5.085425154858e-11 
1.539945861931e-11 3.283454315773e-11 2.581921107915e-09 5.077935211011e-11 5.614335677695e-11 6.038299010003e-11 6.401003995115e-11 6.734945433565e-11 7.073866122991e-11 7.537992401789e-11 
1.667770232279e-11 3.701853275118e-11 5.077935211011e-11 2.599738038312e-09 6.936356056368e-11 7.582172298997e-11 8.131693281653e-11 8.636687480023e-11 9.149231833134e-11 9.851181980684e-11 
1.759513608909e-11 4.002280500087e-11 5.614335677695e-11 6.936356056368e-11 2.618866943711e-09 8.951708326433e-11 9.729653312897e-11 1.044022470147e-10 1.116037244770e-10 1.214690045340e-10 
1.832448813019e-11 4.240696061009e-11 6.038299010003e-11 7.582172298997e-11 8.951708326433e-11 2.639999295861e-09 1.120250757643e-10 1.215930016352e-10 1.312222356279e-10 1.444084823611e-10 
1.894949826155e-11 4.445012773097e-11 6.401003995115e-11 8.131693281653e-11 9.729653312897e-11 1.120250757643e-10 2.664050364605e-09 1.381900946533e-10 1.507424396624e-10 1.678023582510e-10 
1.952486519581e-11 4.633117890976e-11 6.734945433565e-11 8.636687480023e-11 1.044022470147e-10 1.215930016352e-10 1.381900946533e-10 2.693026678411e-09 1.710642498487e-10 1.928112302280e-10 
2.010876073941e-11 4.824013382193e-11 7.073866122991e-11 9.149231833134e-11 1.116037244770e-10 1.312222356279e-10 1.507424396624e-10 1.710642498487e-10 2.731942164156e-09 2.223453517986e-10 
2.090832887791e-11 5.085425154858e-11 7.537992401789e-11 9.851181980684e-11 1.214690045340e-10 1.444084823611e-10 1.678023582510e-10 1.928112302280e-10 2.223453517986e-10 2.807320824424e-09 
