2.541235992572e-09 4.750441807606e-12 5.555953195947e-12 6.043903415145e-12 6.394057407181e-12 6.672415916658e-12 6.910954599237e-12 7.130547171677e-12 7.353394771618e-12 7.658556254825e-12 
4.750441807606e-12 2.548226742560e-09 1.240344682848e-11 1.410005856986e-11 1.531781318934e-11 1.628372579978e-11 1.711150232414e-11 1.787361857902e-11 1.864704284701e-11 1.970617098469e-11 
5.555953195947e-12 1.240344682848e-11 2.555282547973e-09 1.990235874688e-11 2.217291603996e-11 2.396515938817e-11 2.549781704705e-11 2.690896845564e-11 2.834119312540e-11 3.030252709529e-11 
6.043903415145e-12 1.410005856986e-11 1.990235874688e-11 2.562928620612e-09 2.800404960930e-11 3.083700896010e-11 3.324420057310e-11 3.545551599593e-11 3.769995124693e-11 4.077386626963e-11 
6.394057407181e-12 1.531781318934e-11 2.217291603996e-11 2.800404960930e-11 2.571443913194e-09 3.709863267239e-11 4.061835959635e-11 4.382880801585e-11 4.708164715283e-11 5.153801976245e-11 
6.672415916658e-12 1.628372579978e-11 2.396515938817e-11 3.083700896010e-11 3.709863267239e-11 2.581139838314e-09 4.754645986997e-11 5.198907501426e-11 5.645386492865e-11 6.256803934862e-11 
6.910954599237e-12 1.711150232414e-11 2.549781704705e-11 3.324420057310e-11 4.061835959635e-11 4.754645986997e-11 2.592460237264e-09 5.998565099713e-11 6.594182404191e-11 7.402919557304e-11 
7.130547171677e-12 1.787361857902e-11 2.690896845564e-11 3.545551599593e-11 4.382880801585e-11 5.198907501426e-11 5.998565099713e-11 2.606409956998e-09 7.595240434300e-11 8.647131561404e-11 
7.353394771618e-12 1.864704284701e-11 2.834119312540e-11 3.769995124693e-11 4.708164715283e-11 5.645386492865e-11 6.594182404191e-11 7.595240434300e-11 2.625553964514e-09 1.013523606365e-10 
7.658556254825e-12 1.970617098469e-11 3.030252709529e-11 4.077386626963e-11 5.153801976245e-11 6.256803934862e-11 7.402919557304e-11 8.647131561404e-11 1.013523606365e-10 2.663406943525e-09 
