2.543948588907e-09 9.268248201336e-12 1.077977209115e-11 1.169439210668e-11 1.235080421221e-11 1.287263943856e-11 1.331982184720e-11 1.373148574401e-11 1.414925117484e-11 1.472117329844e-11 
9.268248201336e-12 2.557053699669e-09 2.339578418758e-11 2.646116348076e-11 2.866199439354e-11 3.040825915517e-11 3.190477679606e-11 3.328256431383e-11 3.468079029121e-11 3.659513783212e-11 
1.077977209115e-11 2.339578418758e-11 2.569714558808e-09 3.669410718287e-11 4.068797272259e-11 4.384331125364e-11 4.654239897534e-11 4.902746424860e-11 5.154959886517e-11 5.500290458993e-11 
1.169439210668e-11 2.646116348076e-11 3.669410718287e-11 2.583046829754e-09 5.067930819843e-11 5.554979533132e-11 5.969224697839e-11 6.349860376409e-11 6.736190188754e-11 7.265212371054e-11 
1.235080421221e-11 2.866199439354e-11 4.068797272259e-11 5.067930819843e-11 2.597547067619e-09 6.602897071653e-11 7.195911918320e-11 7.737341960914e-11 8.286028800185e-11 9.037594319706e-11 
1.287263943856e-11 3.040825915517e-11 4.384331125364e-11 5.554979533132e-11 6.602897071653e-11 2.613732200439e-09 8.333461453749e-11 9.069189682231e-11 9.809346432079e-11 1.082280806999e-10 
1.331982184720e-11 3.190477679606e-11 4.654239897534e-11 5.969224697839e-11 7.195911918320e-11 8.333461453749e-11 2.632307160367e-09 1.036083810978e-10 1.133297606580e-10 1.265377905321e-10 
1.373148574401e-11 3.328256431383e-11 4.902746424860e-11 6.349860376409e-11 7.737341960914e-11 9.069189682231e-11 1.036083810978e-10 2.654846262095e-09 1.292490479549e-10 1.461947475742e-10 
1.414925117484e-11 3.468079029121e-11 5.154959886517e-11 6.736190188754e-11 8.286028800185e-11 9.809346432079e-11 1.133297606580e-10 1.292490479549e-10 2.685306570951e-09 1.694811834453e-10 
1.472117329844e-11 3.659513783212e-11 5.500290458993e-11 7.265212371054e-11 9.037594319706e-11 1.082280806999e-10 1.265377905321e-10 1.461947475742e-10 1.694811834453e-10 2.744629295146e-09 
