2.547914007297e-09 1.575778507550e-11 1.823529738293e-11 1.973290900010e-11 2.080781597485e-11 2.166236274068e-11 2.239465607092e-11 2.306878470673e-11 2.375290587531e-11 2.468971957576e-11 
1.575778507550e-11 2.569374717924e-09 3.854579469050e-11 4.338921726502e-11 4.686708282323e-11 4.962728447853e-11 5.199270905192e-11 5.417043929759e-11 5.638047325883e-11 5.940688666837e-11 
1.823529738293e-11 3.854579469050e-11 2.589250546138e-09 5.920134927502e-11 6.536161983884e-11 7.023158223425e-11 7.439808074049e-11 7.823414522138e-11 8.212739689949e-11 8.745890687613e-11 
1.973290900010e-11 4.338921726502e-11 5.920134927502e-11 2.609663785239e-09 8.043750437896e-11 8.781013219004e-11 9.408450382779e-11 9.985077824860e-11 1.057032399032e-10 1.137183981180e-10 
2.080781597485e-11 4.686708282323e-11 6.536161983884e-11 8.043750437896e-11 2.631450603130e-09 1.033407913288e-10 1.121781921038e-10 1.202517789335e-10 1.284343214336e-10 1.396434699994e-10 
2.166236274068e-11 4.962728447853e-11 7.023158223425e-11 8.781013219004e-11 1.033407913288e-10 2.655405723155e-09 1.288129191552e-10 1.396409001532e-10 1.505393600155e-10 1.654637552480e-10 
2.239465607092e-11 5.199270905192e-11 7.439808074049e-11 9.408450382779e-11 1.121781921038e-10 1.288129191552e-10 2.682574756103e-09 1.583270431744e-10 1.724866380449e-10 1.917331895372e-10 
2.306878470673e-11 5.417043929759e-11 7.823414522138e-11 9.985077824860e-11 1.202517789335e-10 1.396409001532e-10 1.583270431744e-10 2.715204375971e-09 1.953073169788e-10 2.197802268037e-10 
2.375290587531e-11 5.638047325883e-11 8.212739689949e-11 1.057032399032e-10 1.284343214336e-10 1.505393600155e-10 1.724866380449e-10 1.953073169788e-10 2.758939923765e-09 2.528738824995e-10 
2.468971957576e-11 5.940688666837e-11 8.745890687613e-11 1.137183981180e-10 1.396434699994e-10 1.654637552480e-10 1.917331895372e-10 2.197802268037e-10 2.528738824995e-10 2.843471732988e-09 
