2.546874773072e-09 1.406229196047e-11 1.629007106741e-11 1.763701875871e-11 1.860377181178e-11 1.937233367808e-11 2.003094392896e-11 2.063724213114e-11 2.125252743008e-11 2.209507958696e-11 
1.406229196047e-11 2.566175932600e-09 3.462481065949e-11 3.901506627183e-11 4.216747021170e-11 4.466924252935e-11 4.681320428222e-11 4.878704981649e-11 5.079017528777e-11 5.353324939869e-11 
1.629007106741e-11 3.462481065949e-11 2.584217589704e-09 5.341781836194e-11 5.903099199734e-11 6.346787358856e-11 6.726374040449e-11 7.075857634510e-11 7.430551900286e-11 7.916278749877e-11 
1.763701875871e-11 3.901506627183e-11 5.341781836194e-11 2.602847290031e-09 7.283230527941e-11 7.957688811575e-11 8.531611198257e-11 9.059038164921e-11 9.594350294251e-11 1.032748099635e-10 
1.860377181178e-11 4.216747021170e-11 5.903099199734e-11 7.283230527941e-11 2.622808945376e-09 9.384783769137e-11 1.019587688115e-10 1.093677806041e-10 1.168767112474e-10 1.271631331218e-10 
1.937233367808e-11 4.466924252935e-11 6.346787358856e-11 7.957688811575e-11 9.384783769137e-11 2.644825992763e-09 1.172845254906e-10 1.272475035767e-10 1.372746589844e-10 1.510057958935e-10 
2.003094392896e-11 4.681320428222e-11 6.726374040449e-11 8.531611198257e-11 1.019587688115e-10 1.172845254906e-10 2.669854396244e-09 1.445001746383e-10 1.575564145601e-10 1.753019045407e-10 
2.063724213114e-11 4.878704981649e-11 7.075857634510e-11 9.059038164921e-11 1.093677806041e-10 1.272475035767e-10 1.445001746383e-10 2.699976086701e-09 1.786593095129e-10 2.012603121993e-10 
2.125252743008e-11 5.079017528777e-11 7.430551900286e-11 9.594350294251e-11 1.168767112474e-10 1.372746589844e-10 1.575564145601e-10 1.786593095129e-10 2.740398753800e-09 2.319132272444e-10 
2.209507958696e-11 5.353324939869e-11 7.916278749877e-11 1.032748099635e-10 1.271631331218e-10 1.510057958935e-10 1.753019045407e-10 2.012603121993e-10 2.319132272444e-10 2.818639829022e-09 
