2.542622410705e-09 7.066539471142e-12 8.237629203914e-12 8.946590112118e-12 9.455378611549e-12 9.859851637724e-12 1.020646244942e-11 1.052554307591e-11 1.084935301555e-11 1.129265151951e-11 
7.066539471142e-12 2.552780324259e-09 1.809128549405e-11 2.050596062703e-11 2.223941665048e-11 2.361466039345e-11 2.479322415844e-11 2.587829087382e-11 2.697945479140e-11 2.848709176552e-11 
8.237629203914e-12 1.809128549405e-11 2.562783353655e-09 2.865106175288e-11 3.183337375999e-11 3.434668916662e-11 3.649634628178e-11 3.847556154082e-11 4.048431268961e-11 4.323470404266e-11 
8.946590112118e-12 2.050596062703e-11 2.865106175288e-11 2.573445528567e-09 3.988275930104e-11 4.380086989366e-11 4.713204000705e-11 5.019265002559e-11 5.329906629099e-11 5.755288371720e-11 
9.455378611549e-12 2.223941665048e-11 3.183337375999e-11 3.988275930104e-11 2.585156397446e-09 5.232453918940e-11 5.713453859358e-11 6.152457462739e-11 6.597310983160e-11 7.206663460952e-11 
9.859851637724e-12 2.361466039345e-11 3.434668916662e-11 4.380086989366e-11 5.232453918940e-11 2.598333131199e-09 6.645774870090e-11 7.246696395658e-11 7.850998119458e-11 8.678450270571e-11 
1.020646244942e-11 2.479322415844e-11 3.649634628178e-11 4.713204000705e-11 5.713453859358e-11 6.645774870090e-11 2.613559996915e-09 8.312092874284e-11 9.110657687126e-11 1.019539739161e-10 
1.052554307591e-11 2.587829087382e-11 3.847556154082e-11 5.019265002559e-11 6.152457462739e-11 7.246696395658e-11 8.312092874284e-11 2.632145655118e-09 1.043151459568e-10 1.183087217231e-10 
1.084935301555e-11 2.697945479140e-11 4.048431268961e-11 5.329906629099e-11 6.597310983160e-11 7.850998119458e-11 9.110657687126e-11 1.043151459568e-10 2.657413591558e-09 1.377468303782e-10 
1.129265151951e-11 2.848709176552e-11 4.323470404266e-11 5.755288371720e-11 7.206663460952e-11 8.678450270571e-11 1.019539739161e-10 1.183087217231e-10 1.377468303782e-10 2.706883781847e-09 
