1.238858334148e-07 4.070957948285e-08 7.791980095459e-09 9.921826374353e-10 8.922260745408e-11 5.246122459530e-12 1.732740850526e-13 2.417519475231e-15 7.775067971265e-18 9.101665152594e-22 
4.070957948285e-08 1.240724629531e-07 5.443197018678e-08 1.623108594900e-08 3.021718279241e-09 3.544284015569e-10 2.362918578272e-11 6.941693959487e-13 5.082074963905e-15 1.575443966291e-18 
7.791980095459e-09 5.443197018678e-08 1.071180579488e-07 5.084267375849e-08 1.830222552837e-08 3.891517904047e-09 4.594335628791e-10 2.448721408238e-11 3.503753592553e-13 2.528166682691e-16 
9.921826374353e-10 1.623108594900e-08 5.084267375849e-08 9.392683477836e-08 4.455804963144e-08 1.699881674614e-08 3.502415238311e-09 3.274825270749e-10 8.666861875368e-12 1.380464421002e-14 
8.922260745408e-11 3.021718279241e-09 1.830222552837e-08 4.455804963144e-08 8.363857398277e-08 3.796833972432e-08 1.391150856379e-08 2.325873482695e-09 1.145554029674e-10 4.016014514746e-13 
5.246122459530e-12 3.544284015569e-10 3.891517904047e-09 1.699881674614e-08 3.796833972432e-08 7.516746643411e-08 3.145051363009e-08 9.812703445741e-09 9.466750803260e-10 7.692235235347e-12 
1.732740850526e-13 2.362918578272e-11 4.594335628791e-10 3.502415238311e-09 1.391150856379e-08 3.145051363009e-08 6.802203863694e-08 2.462838867780e-08 5.083580677800e-09 1.070993801230e-10 
2.417519475231e-15 6.941693959487e-13 2.448721408238e-11 3.274825270749e-10 2.325873482695e-09 9.812703445741e-09 2.462838867780e-08 6.115569727268e-08 1.672669333913e-08 1.103526154489e-09 
7.775067971265e-18 5.082074963905e-15 3.503753592553e-13 8.666861875368e-12 1.145554029674e-10 9.466750803260e-10 5.083580677800e-09 1.672669333913e-08 5.448040996314e-08 7.679726732967e-09 
9.101665152594e-22 1.575443966291e-18 2.528166682691e-16 1.380464421002e-14 4.016014514746e-13 7.692235235347e-12 1.070993801230e-10 1.103526154489e-09 7.679726732967e-09 4.357210294291e-08 
