7.900230742328e-08 2.328088555715e-08 4.626974642396e-09 6.050347055475e-10 5.544907843197e-11 3.307092701852e-12 1.103934882965e-13 1.549491525824e-15 5.000886107290e-18 5.800306928733e-22 
2.328088555715e-08 8.478876738071e-08 3.297818291321e-08 1.003000853155e-08 1.895145244021e-09 2.248989372553e-10 1.510462960014e-11 4.457866236444e-13 3.266049962564e-15 1.002033624398e-18 
4.626974642396e-09 3.297818291321e-08 7.684584961307e-08 3.176967345546e-08 1.156663921566e-08 2.480262858830e-09 2.943305550990e-10 1.574307810526e-11 2.247983766520e-13 1.605033988611e-16 
6.050347055475e-10 1.003000853155e-08 3.176967345546e-08 6.967626203455e-08 2.834222923740e-08 1.086989976382e-08 2.248013529215e-09 2.105931448424e-10 5.548759944138e-12 8.746159720391e-15 
5.544907843197e-11 1.895145244021e-09 1.156663921566e-08 2.834222923740e-08 6.362793993896e-08 2.434336058019e-08 8.942789290742e-09 1.494376136527e-09 7.316063702060e-11 2.537769382922e-13 
3.307092701852e-12 2.248989372553e-10 2.480262858830e-09 1.086989976382e-08 2.434336058019e-08 5.838427862538e-08 2.022351207899e-08 6.289866869186e-09 6.028811005151e-10 4.842702179129e-12 
1.103934882965e-13 1.510462960014e-11 2.943305550990e-10 2.248013529215e-09 8.942789290742e-09 2.022351207899e-08 5.375239649588e-08 1.572741967469e-08 3.226221763347e-09 6.703400986302e-11 
1.549491525824e-15 4.457866236444e-13 1.574307810526e-11 2.105931448424e-10 1.494376136527e-09 6.289866869186e-09 1.572741967469e-08 4.914949329872e-08 1.055514541958e-08 6.840088162452e-10 
5.000886107290e-18 3.266049962564e-15 2.247983766520e-13 5.548759944138e-12 7.316063702060e-11 6.028811005151e-10 3.226221763347e-09 1.055514541958e-08 4.457581712776e-08 4.683236362173e-09 
5.800306928733e-22 1.002033624398e-18 1.605033988611e-16 8.746159720391e-15 2.537769382922e-13 4.842702179129e-12 6.703400986302e-11 6.840088162452e-10 4.683236362173e-09 3.733516011479e-08 
