9.621219889485e-07 3.670991924939e-07 7.262865967026e-08 9.702557697327e-09 9.215414930664e-10 5.815469399107e-11 2.059996458199e-12 3.043647174661e-14 1.053535727474e-16 1.442144834541e-20 
3.670991924939e-07 9.147730430842e-07 5.252957597462e-07 1.644378783725e-07 3.257763166287e-08 4.095693149048e-09 2.893200988643e-10 8.959962247784e-12 7.097725543369e-14 2.567115953165e-17 
7.262865967026e-08 5.252957597462e-07 8.213543075459e-07 5.380082213795e-07 2.060919252694e-07 4.644387141636e-08 5.755348932240e-09 3.236276526625e-10 5.042908367306e-12 4.224009926234e-15 
9.702557697327e-09 1.644378783725e-07 5.380082213795e-07 7.613135581004e-07 5.236289055279e-07 2.088356451557e-07 4.490445887786e-08 4.442404638285e-09 1.287464523535e-10 2.360445916502e-13 
9.215414930664e-10 3.257763166287e-08 2.060919252694e-07 5.236289055279e-07 7.046931436474e-07 4.800046794100e-07 1.833669627725e-07 3.257449302690e-08 1.761827647321e-09 7.017367543550e-12 
5.815469399107e-11 4.095693149048e-09 4.644387141636e-08 2.088356451557e-07 4.800046794100e-07 6.419827761050e-07 4.299311864179e-07 1.432344328334e-07 1.514912300836e-08 1.372448419650e-10 
2.059996458199e-12 2.893200988643e-10 5.755348932240e-09 4.490445887786e-08 1.833669627725e-07 4.299311864179e-07 6.006298757436e-07 3.792829236490e-07 8.512883002950e-08 1.951619934524e-09 
3.043647174661e-14 8.959962247784e-12 3.236276526625e-10 4.442404638285e-09 3.257449302690e-08 1.432344328334e-07 3.792829236490e-07 5.696956759134e-07 2.940727087948e-07 2.057650126028e-08 
1.053535727474e-16 7.097725543369e-14 5.042908367306e-12 1.287464523535e-10 1.761827647321e-09 1.514912300836e-08 8.512883002950e-08 2.940727087948e-07 5.120856120739e-07 1.472452522605e-07 
1.442144834541e-20 2.567115953165e-17 4.224009926234e-15 2.360445916502e-13 7.017367543550e-12 1.372448419650e-10 1.951619934524e-09 2.057650126028e-08 1.472452522605e-07 3.331642259595e-07 
