8.328549441661e-08 2.503518942988e-08 4.951899435267e-09 6.452612192578e-10 5.894406928630e-11 3.510635671466e-12 1.168659847921e-13 1.638318968502e-15 5.287864446243e-18 6.123106271335e-22 
2.503518942988e-08 8.881003973102e-08 3.520303910804e-08 1.067279950922e-08 2.012606002706e-09 2.384188003425e-10 1.597053568262e-11 4.716782215661e-13 3.448458503258e-15 1.059329000829e-18 
4.951899435267e-09 3.520303910804e-08 7.998647695047e-08 3.374974846503e-08 1.227303431273e-08 2.625289608221e-09 3.111987802208e-10 1.665750650030e-11 2.370786674378e-13 1.698988363058e-16 
6.452612192578e-10 1.067279950922e-08 3.374974846503e-08 7.221997695564e-08 3.002335285883e-08 1.149274517395e-08 2.378064735681e-09 2.226501451333e-10 5.849232426225e-12 9.265765515110e-15 
5.894406928630e-11 2.012606002706e-09 1.227303431273e-08 3.002335285883e-08 6.566260302472e-08 2.574257106962e-08 9.462357256084e-09 1.577748391385e-09 7.715760506162e-11 2.688985906635e-13 
3.510635671466e-12 2.384188003425e-10 2.625289608221e-09 1.149274517395e-08 2.574257106962e-08 6.013981916460e-08 2.137458801984e-08 6.632050351720e-09 6.367645648114e-10 5.128302281275e-12 
1.168659847921e-13 1.597053568262e-11 3.111987802208e-10 2.378064735681e-09 9.462357256084e-09 2.137458801984e-08 5.515046704908e-08 1.658763998653e-08 3.414736845655e-09 7.089252240046e-11 
1.638318968502e-15 4.716782215661e-13 1.665750650030e-11 2.226501451333e-10 1.577748391385e-09 6.632050351720e-09 1.658763998653e-08 5.035603488251e-08 1.118026373554e-08 7.222098614690e-10 
5.287864446243e-18 3.448458503258e-15 2.370786674378e-13 5.849232426225e-12 7.715760506162e-11 6.367645648114e-10 3.414736845655e-09 1.118026373554e-08 4.550435425179e-08 4.952322779469e-09 
6.123106271335e-22 1.059329000829e-18 1.698988363058e-16 9.265765515110e-15 2.688985906635e-13 5.128302281275e-12 7.089252240046e-11 7.222098614690e-10 4.952322779469e-09 3.793127215075e-08 
