1.787621617353e-07 6.034080585461e-08 1.128817538990e-08 1.418549676464e-09 1.265611862596e-10 7.424086645529e-12 2.448008093055e-13 3.432105053545e-15 1.114922953884e-17 1.330738588920e-21 
6.034080585461e-08 1.675621610138e-07 7.806043259573e-08 2.307249218580e-08 4.278492914399e-09 5.010760904359e-10 3.341988702108e-11 9.900930341471e-13 7.299311236266e-15 2.318191237617e-18 
1.128817538990e-08 7.806043259573e-08 1.404939904955e-07 7.202814850850e-08 2.589143848788e-08 5.499157886547e-09 6.517686582392e-10 3.503672039750e-11 5.043692513248e-13 3.741552436322e-16 
1.418549676464e-09 2.307249218580e-08 7.202814850850e-08 1.211976135961e-07 6.297276088329e-08 2.405138121013e-08 4.988991104133e-09 4.695669766462e-10 1.252340103764e-11 2.053111188224e-14 
1.265611862596e-10 4.278492914399e-09 2.589143848788e-08 6.297276088329e-08 1.065887377942e-07 5.394654996289e-08 1.989819820551e-08 3.341606685094e-09 1.664942323355e-10 5.996481681181e-13 
7.424086645529e-12 5.010760904359e-10 5.499157886547e-09 2.405138121013e-08 5.394654996289e-08 9.530921152285e-08 4.511819549944e-08 1.414885555601e-08 1.387241188847e-09 1.152019376431e-11 
2.448008093055e-13 3.341988702108e-11 6.517686582392e-10 4.988991104133e-09 1.989819820551e-08 4.511819549944e-08 8.552189587986e-08 3.580515532171e-08 7.525345636609e-09 1.607867071913e-10 
3.432105053545e-15 9.900930341471e-13 3.503672039750e-11 4.695669766462e-10 3.341606685094e-09 1.414885555601e-08 3.580515532171e-08 7.678231376986e-08 2.499201977246e-08 1.662671779521e-09 
1.114922953884e-17 7.299311236266e-15 5.043692513248e-13 1.252340103764e-11 1.664942323355e-10 1.387241188847e-09 7.525345636609e-09 2.499201977246e-08 6.771492390878e-08 1.170330630058e-08 
1.330738588920e-21 2.318191237617e-18 3.741552436322e-16 2.053111188224e-14 5.996481681181e-13 1.152019376431e-11 1.607867071913e-10 1.662671779521e-09 1.170330630058e-08 5.223693341408e-08 
