6.455506284448e-08 1.721316605700e-08 3.488979079272e-09 4.633782461954e-10 4.298313297941e-11 2.590289529144e-12 8.720481337320e-14 1.232690123279e-15 4.006836445536e-18 4.660543931419e-22 
1.721316605700e-08 7.073160892651e-08 2.515843863864e-08 7.746155656500e-09 1.478714160438e-09 1.770622461943e-10 1.197363998120e-11 3.557511634127e-13 2.619560865090e-15 8.055547012771e-19 
3.488979079272e-09 2.515843863864e-08 6.570862730699e-08 2.472187168773e-08 9.077420916029e-09 1.960159077123e-09 2.340001101588e-10 1.259196023964e-11 1.803946056078e-13 1.290869737885e-16 
4.633782461954e-10 7.746155656500e-09 2.472187168773e-08 6.071270195017e-08 2.235855406601e-08 8.620345549507e-09 1.792449865930e-09 1.687165479926e-10 4.454433568146e-12 7.035591019008e-15 
4.298313297941e-11 1.478714160438e-09 9.077420916029e-09 2.235855406601e-08 5.627395801612e-08 1.937638157081e-08 7.151048048813e-09 1.198556757593e-09 5.875832689113e-11 2.041051843807e-13 
2.590289529144e-12 1.770622461943e-10 1.960159077123e-09 8.620345549507e-09 1.937638157081e-08 5.231979285065e-08 1.620813100664e-08 5.048308522199e-09 4.845043757712e-10 3.891980855597e-12 
8.720481337320e-14 1.197363998120e-11 2.340001101588e-10 1.792449865930e-09 7.151048048813e-09 1.620813100664e-08 4.870543700435e-08 1.263162972591e-08 2.594538549432e-09 5.379034091095e-11 
1.232690123279e-15 3.557511634127e-13 1.259196023964e-11 1.687165479926e-10 1.198556757593e-09 5.048308522199e-09 1.263162972591e-08 4.504497008664e-08 8.486283266385e-09 5.473102279436e-10 
4.006836445536e-18 2.619560865090e-15 1.803946056078e-13 4.454433568146e-12 5.875832689113e-11 4.845043757712e-10 2.594538549432e-09 8.486283266385e-09 4.132394834332e-08 3.730284338965e-09 
4.660543931419e-22 8.055547012771e-19 1.290869737885e-16 7.035591019008e-15 2.041051843807e-13 3.891980855597e-12 5.379034091095e-11 5.473102279436e-10 3.730284338965e-09 3.541866457941e-08 
