2.923965275255e-07 9.903997764141e-08 1.827058720702e-08 2.290851327626e-09 2.054065470643e-10 1.214723934660e-11 4.046689956745e-13 5.756549507091e-15 1.917288109951e-17 2.386084966404e-21 
9.903997764141e-08 2.541112979722e-07 1.260494036432e-07 3.736347997129e-08 6.978364983329e-09 8.243900988356e-10 5.562209066083e-11 1.673922784622e-12 1.268124307947e-14 4.181207016330e-18 
1.827058720702e-08 1.260494036432e-07 2.098940108316e-07 1.172300188465e-07 4.244772880017e-08 9.099187443859e-09 1.091652845687e-09 5.972167603398e-11 8.841965520531e-13 6.787884811909e-16 
2.290851327626e-09 3.736347997129e-08 1.172300188465e-07 1.804823671705e-07 1.038880213634e-07 4.006547373027e-08 8.416551956440e-09 8.077306308563e-10 2.213569372438e-11 3.748627263380e-14 
2.054065470643e-10 6.978364983329e-09 4.244772880017e-08 1.038880213634e-07 1.585533071032e-07 9.060300291079e-08 3.388545799513e-08 5.809270415318e-09 2.966397491605e-10 1.103061091486e-12 
1.214723934660e-11 8.243900988356e-10 9.099187443859e-09 4.006547373027e-08 9.060300291079e-08 1.421419060263e-07 7.781850604728e-08 2.489497912391e-08 2.492788983793e-09 2.138897538741e-11 
4.046689956745e-13 5.562209066083e-11 1.091652845687e-09 8.416551956440e-09 3.388545799513e-08 7.781850604728e-08 1.286411700658e-07 6.380926461161e-08 1.366686984514e-08 3.022514420810e-10 
5.756549507091e-15 1.673922784622e-12 5.972167603398e-11 8.077306308563e-10 5.809270415318e-09 2.489497912391e-08 6.380926461161e-08 1.160075852867e-07 4.612182375438e-08 3.181362735757e-09 
1.917288109951e-17 1.268124307947e-14 8.841965520531e-13 2.213569372438e-11 2.966397491605e-10 2.492788983793e-09 1.366686984514e-08 4.612182375438e-08 1.030996410468e-07 2.294466886889e-08 
2.386084966404e-21 4.181207016330e-18 6.787884811909e-16 3.748627263380e-14 1.103061091486e-12 2.138897538741e-11 3.022514420810e-10 3.181362735757e-09 2.294466886889e-08 7.685493262660e-08 
