2.923961883353e-07 9.903991817665e-08 1.827057598489e-08 2.290849904929e-09 2.054064186441e-10 1.214723171048e-11 4.046687394459e-13 5.756545800108e-15 1.917286782734e-17 2.386058303301e-21 
9.903991817665e-08 2.541113167356e-07 1.260494123723e-07 3.736348230413e-08 6.978365389958e-09 8.243901440453e-10 5.562209345804e-11 1.673922850760e-12 1.268124296830e-14 4.181163151474e-18 
1.827057598489e-08 1.260494123723e-07 2.098940209053e-07 1.172300245474e-07 4.244773068753e-08 9.099187817230e-09 1.091652885513e-09 5.972167756908e-11 8.841965320939e-13 6.787813506783e-16 
2.290849904929e-09 3.736348230413e-08 1.172300245474e-07 1.804823735379e-07 1.038880252746e-07 4.006547510124e-08 8.416552206138e-09 8.077306461135e-10 2.213569307385e-11 3.748587859385e-14 
2.054064186441e-10 6.978365389958e-09 4.244773068753e-08 1.038880252746e-07 1.585533114675e-07 9.060300563356e-08 3.388545885924e-08 5.809270500844e-09 2.966397392068e-10 1.103049491975e-12 
1.214723171048e-11 8.243901440453e-10 9.099187817230e-09 4.006547510124e-08 9.060300563356e-08 1.421419090596e-07 7.781850776484e-08 2.489497940504e-08 2.492788891599e-09 2.138875039299e-11 
4.046687394459e-13 5.562209345804e-11 1.091652885513e-09 8.416552206138e-09 3.388545885924e-08 7.781850776484e-08 1.286411718255e-07 6.380926504181e-08 1.366686927748e-08 3.022482612692e-10 
5.756545800108e-15 1.673922850760e-12 5.972167756908e-11 8.077306461135e-10 5.809270500844e-09 2.489497940504e-08 6.380926504181e-08 1.160075849323e-07 4.612182134157e-08 3.181329221672e-09 
1.917286782734e-17 1.268124296830e-14 8.841965320939e-13 2.213569307385e-11 2.966397392068e-10 2.492788891599e-09 1.366686927748e-08 4.612182134157e-08 1.030996335131e-07 2.294442605045e-08 
2.386058303301e-21 4.181163151474e-18 6.787813506783e-16 3.748587859385e-14 1.103049491975e-12 2.138875039299e-11 3.022482612692e-10 3.181329221672e-09 2.294442605045e-08 7.685390782903e-08 
