4.508433108634e-07 1.545594148606e-07 2.872683891387e-08 3.656780718665e-09 3.341625491533e-10 2.019895236252e-11 6.917068014622e-13 1.012699550230e-14 3.483068557456e-17 4.489218547011e-21 
1.545594148606e-07 3.827150283981e-07 2.002663382350e-07 6.039486566488e-08 1.150325664964e-08 1.392138433560e-09 9.647220833442e-11 2.980293478766e-12 2.326573891476e-14 7.903309744924e-18 
2.872683891387e-08 2.002663382350e-07 3.210920967448e-07 1.921462993719e-07 7.098233874757e-08 1.558455801105e-08 1.915513783429e-09 1.074304653870e-10 1.634894913152e-12 1.289363770380e-15 
3.656780718665e-09 6.039486566488e-08 1.921462993719e-07 2.819984758567e-07 1.766750085823e-07 6.960820355438e-08 1.493691714152e-08 1.467548081539e-09 4.119831067200e-11 7.160858935026e-14 
3.341625491533e-10 1.150325664964e-08 7.098233874757e-08 1.766750085823e-07 2.538992948882e-07 1.597094894451e-07 6.088506582935e-08 1.066301609999e-08 5.554596756078e-10 2.121185582836e-12 
2.019895236252e-11 1.392138433560e-09 1.558455801105e-08 6.960820355438e-08 1.597094894451e-07 2.321907690500e-07 1.417751718434e-07 4.616643497586e-08 4.698522220571e-09 4.145859247777e-11 
6.917068014622e-13 9.647220833442e-11 1.915513783429e-09 1.493691714152e-08 6.088506582935e-08 1.417751718434e-07 2.138360623394e-07 1.195037794095e-07 2.598775870680e-08 5.915140480886e-10 
1.012699550230e-14 2.980293478766e-12 1.074304653870e-10 1.467548081539e-09 1.066301609999e-08 4.616643497586e-08 1.195037794095e-07 1.944871456045e-07 8.893636246327e-08 6.296340719310e-09 
3.483068557456e-17 2.326573891476e-14 1.634894913152e-12 4.119831067200e-11 5.554596756078e-10 4.698522220571e-09 2.598775870680e-08 8.893636246327e-08 1.755582983929e-07 4.586540836712e-08 
4.489218547011e-21 7.903309744924e-18 1.289363770380e-15 7.160858935026e-14 2.121185582836e-12 4.145859247777e-11 5.915140480886e-10 6.296340719310e-09 4.586540836712e-08 1.258272674915e-07 
