3.760070082063e-06 1.585007712470e-06 3.167433926328e-07 4.370951705717e-08 4.242763542282e-09 2.642492437835e-10 9.063043732626e-12 1.298981100625e-13 4.278294550730e-16 5.182158765028e-20 
1.585007712470e-06 3.880578784066e-06 2.343754776029e-06 7.536198094483e-07 1.492166988531e-07 1.827429198512e-08 1.253360294876e-09 3.767337906137e-11 2.813778911956e-13 9.039396983316e-17 
3.167433926328e-07 2.343754776029e-06 3.653753106412e-06 2.473354865652e-06 9.303013210872e-07 2.039103166422e-07 2.462764591170e-08 1.338816002996e-09 1.951385065596e-11 1.461304235463e-14 
4.370951705717e-08 7.536198094483e-07 2.473354865652e-06 3.350406474032e-06 2.317283224284e-06 9.030639217572e-07 1.895662076837e-07 1.802041372124e-08 4.858926529869e-10 8.036565177272e-13 
4.242763542282e-09 1.492166988531e-07 9.303013210872e-07 2.317283224284e-06 2.963882673268e-06 2.043473060996e-06 7.599906141214e-07 1.288407485877e-07 6.474031258177e-09 2.354528010541e-11 
2.642492437835e-10 1.827429198512e-08 2.039103166422e-07 9.030639217572e-07 2.043473060996e-06 2.587359098860e-06 1.733614335791e-06 5.481038035676e-07 5.405083944501e-08 4.543004665907e-10 
9.063043732626e-12 1.253360294876e-09 2.462764591170e-08 1.895662076837e-07 7.599906141214e-07 1.733614335791e-06 2.245285231689e-06 1.392314935885e-06 2.940668162492e-07 6.379740891612e-09 
1.298981100625e-13 3.767337906137e-11 1.338816002996e-09 1.802041372124e-08 1.288407485877e-07 5.481038035676e-07 1.392314935885e-06 1.923649192788e-06 9.828683710034e-07 6.655689483745e-08 
4.278294550730e-16 2.813778911956e-13 1.951385065596e-11 4.858926529869e-10 6.474031258177e-09 5.405083944501e-08 2.940668162492e-07 9.828683710034e-07 1.602421271130e-06 4.737756514203e-07 
5.182158765028e-20 9.039396983316e-17 1.461304235463e-14 8.036565177272e-13 2.354528010541e-11 4.543004665907e-10 6.379740891612e-09 6.655689483745e-08 4.737756514203e-07 1.010083210599e-06 
