1.193860723164e-07 3.906310064974e-08 7.498473648129e-09 9.565715902493e-10 8.613915668807e-11 5.070083816141e-12 1.673975962500e-13 2.338753135784e-15 7.508282890979e-18 8.796643525729e-22 
3.906310064974e-08 1.204187988849e-07 5.245827897370e-08 1.566211913512e-08 2.919616398341e-09 3.424535614167e-10 2.284049624337e-11 6.715602329119e-13 4.903599927422e-15 1.522813069733e-18 
7.498473648129e-09 5.245827897370e-08 1.043366951743e-07 4.911060580230e-08 1.768690755204e-08 3.759973710220e-09 4.443794469747e-10 2.367152163756e-11 3.380472031310e-13 2.442572075523e-16 
9.565715902493e-10 1.566211913512e-08 4.911060580230e-08 9.171960974329e-08 4.304952792242e-08 1.643274889118e-08 3.388346599388e-09 3.162583084326e-10 8.365797251111e-12 1.332308599792e-14 
8.613915668807e-11 2.919616398341e-09 1.768690755204e-08 4.304952792242e-08 8.178264242815e-08 3.673108553402e-08 1.344955111297e-08 2.244415344740e-09 1.106526573958e-10 3.869775019746e-13 
5.070083816141e-12 3.424535614167e-10 3.759973710220e-09 1.643274889118e-08 3.673108553402e-08 7.362181038826e-08 3.036410821304e-08 9.469375463800e-09 9.148755365006e-10 7.398070811686e-12 
1.673975962500e-13 2.284049624337e-11 4.443794469747e-10 3.388346599388e-09 1.344955111297e-08 3.036410821304e-08 6.662292830358e-08 2.379042293451e-08 4.909807103672e-09 1.028230218515e-10 
2.338753135784e-15 6.715602329119e-13 2.367152163756e-11 3.162583084326e-10 2.244415344740e-09 9.469375463800e-09 2.379042293451e-08 6.004491353313e-08 1.610780612410e-08 1.058904585851e-09 
7.508282890979e-18 4.903599927422e-15 3.380472031310e-13 8.365797251111e-12 1.106526573958e-10 9.148755365006e-10 4.909807103672e-09 1.610780612410e-08 5.342727233725e-08 7.382902498062e-09 
8.796643525729e-22 1.522813069733e-18 2.442572075523e-16 1.332308599792e-14 3.869775019746e-13 7.398070811686e-12 1.028230218515e-10 1.058904585851e-09 7.382902498062e-09 4.294218739567e-08 
