7.782150320600e-07 2.857705071484e-07 5.559802903609e-08 7.356342775942e-09 6.955004604547e-10 4.320252725896e-11 1.506662811362e-12 2.269652781009e-14 8.103525778584e-17 1.044970318899e-20 
2.857705071484e-07 7.087694659558e-07 3.989401789411e-07 1.243200272354e-07 2.437719635084e-08 3.009624966195e-09 2.127028443850e-10 6.788886500119e-12 5.440406107949e-14 1.834348697038e-17 
5.559802903609e-08 3.989401789411e-07 6.282334754095e-07 4.042904962356e-07 1.524527499494e-07 3.400805808025e-08 4.280219547624e-09 2.476799222934e-10 3.827921173728e-12 2.984502147891e-15 
7.356342775942e-09 1.243200272354e-07 4.042904962356e-07 5.719264788451e-07 3.836834006730e-07 1.537595849548e-07 3.387612827056e-08 3.412565801059e-09 9.637744486189e-11 1.653544441092e-13 
6.955004604547e-10 2.437719635084e-08 1.524527499494e-07 3.836834006730e-07 5.250273171967e-07 3.589550593432e-07 1.401876773518e-07 2.492595327510e-08 1.296349382547e-09 4.889092862291e-12 
4.320252725896e-11 3.009624966195e-09 3.400805808025e-08 1.537595849548e-07 3.589550593432e-07 4.960274016578e-07 3.303108371166e-07 1.080556194465e-07 1.092524923202e-08 9.548543789797e-11 
1.506662811362e-12 2.127028443850e-10 4.280219547624e-09 3.387612827056e-08 1.401876773518e-07 3.303108371166e-07 4.627499065916e-07 2.788659196980e-07 6.014350955546e-08 1.364669420273e-09 
2.269652781009e-14 6.788886500119e-12 2.476799222934e-10 3.412565801059e-09 2.492595327510e-08 1.080556194465e-07 2.788659196980e-07 4.137771521584e-07 2.049957708869e-07 1.464467710883e-08 
8.103525778584e-17 5.440406107949e-14 3.827921173728e-12 9.637744486189e-11 1.296349382547e-09 1.092524923202e-08 6.014350955546e-08 2.049957708869e-07 3.695068643812e-07 1.092878393073e-07 
1.044970318899e-20 1.834348697038e-17 2.984502147891e-15 1.653544441092e-13 4.889092862291e-12 9.548543789797e-11 1.364669420273e-09 1.464467710883e-08 1.092878393073e-07 2.690211201130e-07 
