5.1425692529221177e-07 2.5544450052120117e-07 1.8937790892308073e-07 1.4989101901042382e-07 1.2154135442048672e-07 9.9016756753507560e-08 7.9756398244359149e-08 6.2121782484945786e-08 4.4448214659169269e-08 2.1044192575164096e-08 
2.5544450052120117e-07 1.3090077740899449e-07 9.5597498064665604e-08 7.6013899965625579e-08 6.1955174257828488e-08 5.0785023297006272e-08 4.1231872963445715e-08 3.2482164446526387e-08 2.3710533670536602e-08 1.2112151417322962e-08 
1.8937790892308073e-07 9.5597498064665604e-08 7.3955561825180106e-08 5.6964038936338071e-08 4.6588954061857565e-08 3.8345517409422414e-08 3.1294553237988303e-08 2.4835092901915888e-08 1.8358093830976248e-08 9.8027844518879257e-09 
1.4989101901042382e-07 7.6013899965625579e-08 5.6964038936338071e-08 4.8116029647133918e-08 3.7404198756808744e-08 3.0909874440752293e-08 2.5354273230797189e-08 2.0263570947940109e-08 1.5157977821797743e-08 8.4213749917336320e-09 
1.2154135442048672e-07 6.1955174257828488e-08 4.6588954061857565e-08 3.7404198756808744e-08 3.3350515772480197e-08 2.5573886308216881e-08 2.1091949140237728e-08 1.6983913339080160e-08 1.2862961569023079e-08 7.4322151046033262e-09 
9.9016756753507560e-08 5.0785023297006272e-08 3.8345517409422414e-08 3.0909874440752293e-08 2.5573886308216881e-08 2.3872608690021407e-08 1.7705582548475058e-08 1.4378207609325925e-08 1.1039331432814823e-08 6.6460008673852088e-09 
7.9756398244359149e-08 4.1231872963445715e-08 3.1294553237988303e-08 2.5354273230797189e-08 2.1091949140237728e-08 1.7705582548475058e-08 1.7345646434959897e-08 1.2147851013274510e-08 9.4772078050553667e-09 5.9701674259487603e-09 
6.2121782484945786e-08 3.2482164446526387e-08 2.4835092901915888e-08 2.0263570947940109e-08 1.6983913339080160e-08 1.4378207609325925e-08 1.2147851013274510e-08 1.2640064851946574e-08 8.0440011182876178e-09 5.3458504733585331e-09 
4.4448214659169269e-08 2.3710533670536602e-08 1.8358093830976248e-08 1.5157977821797743e-08 1.2862961569023079e-08 1.1039331432814823e-08 9.4772078050553667e-09 8.0440011182876178e-09 9.1454014177771428e-09 4.7195541844431675e-09 
2.1044192575164096e-08 1.2112151417322962e-08 9.8027844518879257e-09 8.4213749917336320e-09 7.4322151046033262e-09 6.6460008673852088e-09 5.9701674259487603e-09 5.3458504733585331e-09 4.7195541844431675e-09 6.4725581483756217e-09 
