1.9572190541692538e-08 8.3287912319411502e-09 6.0856088689393110e-09 4.7453205762490606e-09 3.7829673732847151e-09 3.0185625572773232e-09 2.3655558055266225e-09 1.7687020197925282e-09 1.1723925240210418e-09 3.7643320487841657e-10 
8.3287912319411502e-09 6.6623752535323954e-09 3.0400790259028265e-09 2.3924921275397639e-09 1.9276576714706462e-09 1.5584681134113215e-09 1.2430224938231838e-09 9.5464060979835296e-10 6.6655835108926701e-10 2.8309203284670154e-10 
6.0856088689393110e-09 3.0400790259028265e-09 4.7934471558361494e-09 1.7858519269548536e-09 1.4491840044842549e-09 1.1818055068641820e-09 9.5332389840155678e-10 7.4441362219700754e-10 5.3573918969304161e-10 2.5854011596693062e-10 
4.7453205762490606e-09 2.3924921275397639e-09 1.7858519269548536e-09 3.9618634501425113e-09 1.1633064730186920e-09 9.5675197374235505e-10 7.8022199466094054e-10 6.1879167936712807e-10 4.5756111945809211e-10 2.4385329636301460e-10 
3.7829673732847151e-09 1.9276576714706462e-09 1.4491840044842549e-09 1.1633064730186920e-09 3.4967394222285374e-09 7.9541357615001395e-10 6.5619434941456626e-10 5.2885669518949574e-10 4.0169853716115189e-10 2.3359239613232468e-10 
3.0185625572773232e-09 1.5584681134113215e-09 1.1818055068641820e-09 9.5675197374235505e-10 7.9541357615001395e-10 3.2057889939598201e-09 5.5775355269020420e-10 4.5749165009264273e-10 3.5738438591949294e-10 2.2549704632348654e-10 
2.3655558055266225e-09 1.2430224938231838e-09 9.5332389840155678e-10 7.8022199466094054e-10 6.5619434941456626e-10 5.5775355269020420e-10 3.0120449443338904e-09 3.9646984895784562e-10 3.1944378391531878e-10 2.1845850990999659e-10 
1.7687020197925282e-09 9.5464060979835296e-10 7.4441362219700754e-10 6.1879167936712807e-10 5.2885669518949574e-10 4.5749165009264273e-10 3.9646984895784562e-10 2.8791102356301825e-09 2.8477489603574441e-10 2.1191032676390382e-10 
1.1723925240210418e-09 6.6655835108926701e-10 5.3573918969304161e-10 4.5756111945809211e-10 4.0169853716115189e-10 3.5738438591949294e-10 3.1944378391531878e-10 2.8477489603574441e-10 2.7888660795780130e-09 2.0564263235272400e-10 
3.7643320487841657e-10 2.8309203284670154e-10 2.5854011596693062e-10 2.4385329636301460e-10 2.3359239613232468e-10 2.2549704632348654e-10 2.1845850990999659e-10 2.1191032676390382e-10 2.0564263235272400e-10 2.7382019719919338e-09 
