2.549933724817e-09 1.900147719143e-11 2.193950812477e-11 2.371482196446e-11 2.498908242688e-11 2.600212035662e-11 2.687022928865e-11 2.766938568475e-11 2.848038787224e-11 2.959094706816e-11 
1.900147719143e-11 2.575373302600e-09 4.584872913032e-11 5.150936851574e-11 5.557421719735e-11 5.880049811425e-11 6.156533211726e-11 6.411077008143e-11 6.669396502090e-11 7.023138088697e-11 
2.193950812477e-11 4.584872913032e-11 2.598545664848e-09 6.983778234935e-11 7.697523107375e-11 8.261863826121e-11 8.744712647589e-11 9.189266127411e-11 9.640445570957e-11 1.025830065395e-10 
2.371482196446e-11 5.150936851574e-11 6.983778234935e-11 2.622136842736e-09 9.430999598014e-11 1.027973807745e-10 1.100218302497e-10 1.166614826683e-10 1.234003507841e-10 1.326294515802e-10 
2.498908242688e-11 5.557421719735e-11 7.697523107375e-11 9.430999598014e-11 2.647156515474e-09 1.205541833534e-10 1.306771989193e-10 1.399264647747e-10 1.493008319575e-10 1.621425515528e-10 
2.600212035662e-11 5.880049811425e-11 8.261863826121e-11 1.027973807745e-10 1.205541833534e-10 2.674539742014e-09 1.496203130204e-10 1.619747439530e-10 1.744113772889e-10 1.914419027840e-10 
2.687022928865e-11 6.156533211726e-11 8.744712647589e-11 1.100218302497e-10 1.306771989193e-10 1.496203130204e-10 2.705483139341e-09 1.831916826310e-10 1.993009278622e-10 2.211967545247e-10 
2.766938568475e-11 6.411077008143e-11 9.189266127411e-11 1.166614826683e-10 1.399264647747e-10 1.619747439530e-10 1.831916826310e-10 2.742551991852e-09 2.251575583579e-10 2.529210513902e-10 
2.848038787224e-11 6.669396502090e-11 9.640445570957e-11 1.234003507841e-10 1.493008319575e-10 1.744113772889e-10 1.993009278622e-10 2.251575583579e-10 2.792121477312e-09 2.903466336465e-10 
2.959094706816e-11 7.023138088697e-11 1.025830065395e-10 1.326294515802e-10 1.621425515528e-10 1.914419027840e-10 2.211967545247e-10 2.529210513902e-10 2.903466336465e-10 2.887866041067e-09 
