3.3398394050673574e-07 1.6537765411301892e-07 1.2256660630827472e-07 9.6979201744161615e-08 7.8608307347710281e-08 6.4012215425843435e-08 5.1530989879615605e-08 4.0101682318174270e-08 2.8650745872414856e-08 1.3506829713636716e-08 
1.6537765411301892e-07 8.5646002951167554e-08 6.1896578595077630e-08 4.9218817589467708e-08 4.0117597512474272e-08 3.2886405622460883e-08 2.6701837430741758e-08 2.1036730730698297e-08 1.5359173684001781e-08 7.8614411864769801e-09 
1.2256660630827472e-07 6.1896578595077630e-08 4.8791981527090235e-08 3.6903448028533450e-08 3.0191528370383339e-08 2.4858663636532805e-08 2.0297123310130776e-08 1.6117814143452057e-08 1.1928416004770701e-08 6.4015523945313928e-09 
9.6979201744161615e-08 4.9218817589467708e-08 3.6903448028533450e-08 3.2080870727846927e-08 2.4258579670238170e-08 2.0060225946656583e-08 1.6468644016358647e-08 1.3177317793797833e-08 9.8773327838046952e-09 5.5283710019722450e-09 
7.8608307347710281e-08 4.0117597512474272e-08 3.0191528370383339e-08 2.4258579670238170e-08 2.2538896462455003e-08 1.6616881330670841e-08 1.3721748097272486e-08 1.1067946118218697e-08 8.4065623339680013e-09 4.9033798761765114e-09 
6.4012215425843435e-08 3.2886405622460883e-08 2.4858663636532805e-08 2.0060225946656583e-08 1.6616881330670841e-08 1.6419435384511631e-08 1.1539389695908986e-08 9.3920505040288247e-09 7.2378853374886226e-09 4.4066126237483611e-09 
5.1530989879615605e-08 2.6701837430741758e-08 2.0297123310130776e-08 1.6468644016358647e-08 1.3721748097272486e-08 1.1539389695908986e-08 1.2209935853249994e-08 7.9575474760004354e-09 6.2367806460939608e-09 3.9795570590147865e-09 
4.0101682318174270e-08 2.1036730730698297e-08 1.6117814143452057e-08 1.3177317793797833e-08 1.1067946118218697e-08 9.3920505040288247e-09 7.9575474760004354e-09 9.1799236472216589e-09 5.3183577064118995e-09 3.5851496575254233e-09 
2.8650745872414856e-08 1.5359173684001781e-08 1.1928416004770701e-08 9.8773327838046952e-09 8.4065623339680013e-09 7.2378853374886226e-09 6.2367806460939608e-09 5.3183577064118995e-09 6.9361422641412166e-09 3.1895601620024481e-09 
1.3506829713636716e-08 7.8614411864769801e-09 6.4015523945313928e-09 5.5283710019722450e-09 4.9033798761765114e-09 4.4066126237483611e-09 3.9795570590147865e-09 3.5851496575254233e-09 3.1895601620024481e-09 5.2329152848092506e-09 
