7.1782034396754102e-08 3.4319339093439430e-08 2.5317653284138516e-08 1.9937987210367798e-08 1.6075130758925806e-08 1.3006050769943157e-08 1.0382219484838708e-08 7.9803406871425845e-09 5.5752165119889497e-09 2.3800161563872160e-09 
3.4319339093439430e-08 1.9723255732735389e-08 1.2767647557494440e-08 1.0127817991046531e-08 8.2326953622070613e-09 6.7270488811182264e-09 5.4395939819756185e-09 4.2607223662009635e-09 3.0800495491937659e-09 1.5145444020789276e-09 
2.5317653284138516e-08 1.2767647557494440e-08 1.2070519361956288e-08 7.5983088878931882e-09 6.2102563338178182e-09 5.1074927318104470e-09 4.1644247453165280e-09 3.3007295333818231e-09 2.4356036669865675e-09 1.2900709672968512e-09 
1.9937987210367798e-08 1.0127817991046531e-08 7.5983088878931882e-09 8.6250826064843906e-09 5.0016221181848968e-09 4.1396132807402841e-09 3.4023374805181286e-09 2.7269911038283237e-09 2.0504412550463657e-09 1.1558896420815672e-09 
1.6075130758925806e-08 8.2326953622070613e-09 6.2102563338178182e-09 5.0016221181848968e-09 6.6728486634642084e-09 3.4453292717627537e-09 2.8558457105231573e-09 2.3157461609631392e-09 1.7746215773465717e-09 1.0603242155730442e-09 
1.3006050769943157e-08 6.7270488811182264e-09 5.1074927318104470e-09 4.1396132807402841e-09 3.4453292717627537e-09 5.4322630075148893e-09 2.4217921510535659e-09 1.9891335616334860e-09 1.5555667886986700e-09 9.8447042133472253e-10 
1.0382219484838708e-08 5.4395939819756185e-09 4.1644247453165280e-09 3.4023374805181286e-09 2.8558457105231573e-09 2.4217921510535659e-09 4.5888029717864400e-09 1.7096146789028219e-09 1.3679204102673091e-09 9.1913101082889439e-10 
7.9803406871425845e-09 4.2607223662009635e-09 3.3007295333818231e-09 2.7269911038283237e-09 2.3157461609631392e-09 1.9891335616334860e-09 1.7096146789028219e-09 3.9917903292826788e-09 1.1959257570381813e-09 8.5871435711571634e-10 
5.5752165119889497e-09 3.0800495491937659e-09 2.4356036669865675e-09 2.0504412550463657e-09 1.7746215773465717e-09 1.5555667886986700e-09 1.3679204102673091e-09 1.1959257570381813e-09 3.5623943450699228e-09 7.9847656817390454e-10 
2.3800161563872160e-09 1.5145444020789276e-09 1.2900709672968512e-09 1.1558896420815672e-09 1.0603242155730442e-09 9.8447042133472253e-10 9.1913101082889439e-10 8.5871435711571634e-10 7.9847656817390454e-10 3.2641822631652338e-09 
