2.9731983200409937e-08 1.3356558047360975e-08 9.7906856185495654e-09 7.6599261916160514e-09 6.1299256314837642e-09 4.9144931318708242e-09 3.8758811998402743e-09 2.9259979943831366e-09 1.9760272663686712e-09 7.0986799162154603e-10 
1.3356558047360975e-08 9.1794541687640304e-09 4.9099564410459080e-09 3.8755891884688971e-09 3.1330750285375113e-09 2.5432644315679170e-09 2.0391637472563277e-09 1.5780194310153018e-09 1.1168431028557513e-09 5.0369780018783798e-10 
9.7906856185495654e-09 4.9099564410459080e-09 6.1901957016512302e-09 2.8998493523119651e-09 2.3602174367964049e-09 1.9315863148676749e-09 1.5651998610180150e-09 1.2299792792122534e-09 8.9473999512662091e-10 4.4983901976771822e-10 
7.6599261916160514e-09 3.8755891884688971e-09 2.8998493523119651e-09 4.8552884273017517e-09 1.8984253120316156e-09 1.5660955560602550e-09 1.2819870222911584e-09 1.0220062671733454e-09 7.6201773181185325e-10 4.1764670702354750e-10 
6.1299256314837642e-09 3.1330750285375113e-09 2.3602174367964049e-09 1.8984253120316156e-09 4.1056405171285233e-09 1.3040322443235878e-09 1.0790165764504616e-09 8.7306438971256021e-10 6.6712039372723401e-10 3.9495599583054501e-10 
4.9144931318708242e-09 2.5432644315679170e-09 1.9315863148676749e-09 1.5660955560602550e-09 1.3040322443235878e-09 3.6343923712935892e-09 9.1787870496619991e-10 7.5484053203323997e-10 5.9181076056341559e-10 3.7700281344776717e-10 
3.8758811998402743e-09 2.0391637472563277e-09 1.5651998610180150e-09 1.2819870222911584e-09 1.0790165764504616e-09 9.1787870496619991e-10 3.3185102172355439e-09 6.5371427863918930e-10 5.2731584220919725e-10 3.6146400425644199e-10 
2.9259979943831366e-09 1.5780194310153018e-09 1.2299792792122534e-09 1.0220062671733454e-09 8.7306438971256021e-10 7.5484053203323997e-10 6.5371427863918930e-10 3.0995796577894875e-09 4.6830835235781475e-10 3.4705029357396169e-10 
1.9760272663686712e-09 1.1168431028557513e-09 8.9473999512662091e-10 7.6201773181185325e-10 6.6712039372723401e-10 5.9181076056341559e-10 5.2731584220919725e-10 4.6830835235781475e-10 2.9480625071175474e-09 3.3295616770654456e-10 
7.0986799162154603e-10 5.0369780018783798e-10 4.4983901976771822e-10 4.1764670702354750e-10 3.9495599583054501e-10 3.7700281344776717e-10 3.6146400425644199e-10 3.4705029357396169e-10 3.3295616770654456e-10 2.8561911870705655e-09 
