2.556232454310e-09 2.898908799177e-11 3.329615149330e-11 3.589650066645e-11 3.776303570710e-11 3.924694897526e-11 4.051856411585e-11 4.168917581520e-11 4.287713767374e-11 4.450342562289e-11 
2.898908799177e-11 2.593492142372e-09 6.774161833886e-11 7.576130449464e-11 8.152035222177e-11 8.609194638106e-11 9.000965606400e-11 9.361645967906e-11 9.727675699558e-11 1.022880774353e-10 
3.329615149330e-11 6.774161833886e-11 2.626136029256e-09 1.012461837684e-10 1.111633182092e-10 1.190072332546e-10 1.257190778882e-10 1.318985302950e-10 1.381700506183e-10 1.467568619764e-10 
3.589650066645e-11 7.576130449464e-11 1.012461837684e-10 2.658735986395e-09 1.348607440676e-10 1.464954999835e-10 1.564018845777e-10 1.655069679797e-10 1.747480398878e-10 1.874019794299e-10 
3.776303570710e-11 8.152035222177e-11 1.111633182092e-10 1.348607440676e-10 2.692865026836e-09 1.705003769914e-10 1.842375308744e-10 1.967919819401e-10 2.095165186136e-10 2.269449923167e-10 
3.924694897526e-11 8.609194638106e-11 1.190072332546e-10 1.464954999835e-10 1.705003769914e-10 2.729875821491e-09 2.096591078654e-10 2.263024203665e-10 2.430575486354e-10 2.659985188793e-10 
4.051856411585e-11 9.000965606400e-11 1.257190778882e-10 1.564018845777e-10 1.842375308744e-10 2.096591078654e-10 2.771435470712e-09 2.546465991462e-10 2.762301375510e-10 3.055602538815e-10 
4.168917581520e-11 9.361645967906e-11 1.318985302950e-10 1.655069679797e-10 1.967919819401e-10 2.263024203665e-10 2.546465991462e-10 2.821007693021e-09 3.106773072899e-10 3.477074333577e-10 
4.287713767374e-11 9.727675699558e-11 1.381700506183e-10 1.747480398878e-10 2.095165186136e-10 2.430575486354e-10 2.762301375510e-10 3.106773072899e-10 2.887161541749e-09 3.975477874148e-10 
4.450342562289e-11 1.022880774353e-10 1.467568619764e-10 1.874019794299e-10 2.269449923167e-10 2.659985188793e-10 3.055602538815e-10 3.477074333577e-10 3.975477874148e-10 3.015036814625e-09 
