2.547393390565e-09 1.490671438488e-11 1.725826864352e-11 1.867989049572e-11 1.970024831054e-11 2.051142717150e-11 2.120655723903e-11 2.184647449009e-11 2.249587716577e-11 2.338514846941e-11 
1.490671438488e-11 2.567764880250e-09 3.657129065864e-11 4.118591931241e-11 4.449946088852e-11 4.712918262449e-11 4.938279238907e-11 5.145758279804e-11 5.356315023353e-11 5.644650770222e-11 
1.725826864352e-11 3.657129065864e-11 2.586714758105e-09 5.628674880354e-11 6.217086833687e-11 6.682224616978e-11 7.080168206783e-11 7.446552279943e-11 7.818398661143e-11 8.327613900265e-11 
1.867989049572e-11 4.118591931241e-11 5.628674880354e-11 2.606227873141e-09 7.660360945237e-11 8.365936672253e-11 8.966371807910e-11 9.518174273913e-11 1.007822552759e-10 1.084523660641e-10 
1.970024831054e-11 4.449946088852e-11 6.217086833687e-11 7.660360945237e-11 2.627093890761e-09 9.855450058731e-11 1.070252456899e-10 1.147634765017e-10 1.226061103305e-10 1.333496391774e-10 
2.051142717150e-11 4.712918262449e-11 6.682224616978e-11 8.365936672253e-11 9.855450058731e-11 2.650070610795e-09 1.229987864473e-10 1.333901828137e-10 1.438488549492e-10 1.581709486353e-10 
2.120655723903e-11 4.938279238907e-11 7.080168206783e-11 8.966371807910e-11 1.070252456899e-10 1.229987864473e-10 2.676158771149e-09 1.513522394218e-10 1.649543817924e-10 1.834427386658e-10 
2.184647449009e-11 5.145758279804e-11 7.446552279943e-11 9.518174273913e-11 1.147634765017e-10 1.333901828137e-10 1.513522394218e-10 2.707520365697e-09 1.869045590960e-10 2.104316143476e-10 
2.249587716577e-11 5.356315023353e-11 7.818398661143e-11 1.007822552759e-10 1.226061103305e-10 1.438488549492e-10 1.649543817924e-10 1.869045590960e-10 2.749578850443e-09 2.422906773250e-10 
2.338514846941e-11 5.644650770222e-11 8.327613900265e-11 1.084523660641e-10 1.333496391774e-10 1.581709486353e-10 1.834427386658e-10 2.104316143476e-10 2.422906773250e-10 2.830917614673e-09 
