2.549948244968e-09 1.902511458641e-11 2.196658833123e-11 2.374397792625e-11 2.501972861474e-11 2.603395132053e-11 2.690307546899e-11 2.770316625234e-11 2.851511559489e-11 2.962666306469e-11 
1.902511458641e-11 2.575417614309e-09 4.590280727476e-11 5.156955144951e-11 5.563878621011e-11 5.886855088238e-11 6.163637019851e-11 6.418455603371e-11 6.677053704061e-11 7.031103534204e-11 
2.196658833123e-11 4.590280727476e-11 2.598614547701e-09 6.991654725619e-11 7.706118660722e-11 8.271029193514e-11 8.754365854892e-11 9.199368399953e-11 9.651003214989e-11 1.026937484959e-10 
2.374397792625e-11 5.156955144951e-11 6.991654725619e-11 2.622228937748e-09 9.441217032794e-11 1.029075820868e-10 1.101388816057e-10 1.167848334492e-10 1.235300900779e-10 1.327665557752e-10 
2.501972861474e-11 5.563878621011e-11 7.706118660722e-11 9.441217032794e-11 2.647271614183e-09 1.206798279278e-10 1.308118476520e-10 1.400693651972e-10 1.494520949604e-10 1.623035763951e-10 
2.603395132053e-11 5.886855088238e-11 8.271029193514e-11 1.029075820868e-10 1.206798279278e-10 2.674678470198e-09 1.497703909804e-10 1.621352030444e-10 1.745823172596e-10 1.916251977516e-10 
2.690307546899e-11 6.163637019851e-11 8.754365854892e-11 1.101388816057e-10 1.308118476520e-10 1.497703909804e-10 2.705647027624e-09 1.833683653314e-10 1.994904417130e-10 2.214014608275e-10 
2.770316625234e-11 6.418455603371e-11 9.199368399953e-11 1.167848334492e-10 1.400693651972e-10 1.621352030444e-10 1.833683653314e-10 2.742744234206e-09 2.253655344338e-10 2.531474649373e-10 
2.851511559489e-11 6.677053704061e-11 9.651003214989e-11 1.235300900779e-10 1.494520949604e-10 1.745823172596e-10 1.994904417130e-10 2.253655344338e-10 2.792349150371e-09 2.905972824952e-10 
2.962666306469e-11 7.031103534204e-11 1.026937484959e-10 1.327665557752e-10 1.623035763951e-10 1.916251977516e-10 2.214014608275e-10 2.531474649373e-10 2.905972824952e-10 2.888149354733e-09 
