2.563516568084e-09 4.028620020254e-11 4.605731502551e-11 4.953942046590e-11 5.203895309302e-11 5.402611895522e-11 5.572898491145e-11 5.729659289289e-11 5.888743500895e-11 6.106523540586e-11 
4.028620020254e-11 2.613402655110e-09 9.156325276168e-11 1.020228232712e-10 1.095339617939e-10 1.154968281023e-10 1.206067906589e-10 1.253112128127e-10 1.300854057898e-10 1.366217197338e-10 
4.605731502551e-11 9.156325276168e-11 2.655795706527e-09 1.348060661238e-10 1.475618090214e-10 1.576525425288e-10 1.662872688942e-10 1.742370272229e-10 1.823052125098e-10 1.933519105227e-10 
4.953942046590e-11 1.020228232712e-10 1.348060661238e-10 2.697572869139e-09 1.777147153910e-10 1.925487138122e-10 2.051806111803e-10 2.167909070938e-10 2.285745652431e-10 2.447100257109e-10 
5.203895309302e-11 1.095339617939e-10 1.475618090214e-10 1.777147153910e-10 2.740958406297e-09 2.229036769232e-10 2.403160250830e-10 2.562296316505e-10 2.723586940783e-10 2.944502054362e-10 
5.402611895522e-11 1.154968281023e-10 1.576525425288e-10 1.925487138122e-10 2.229036769232e-10 2.787776287504e-09 2.723612470352e-10 2.933801746280e-10 3.145387643001e-10 3.435086167727e-10 
5.572898491145e-11 1.206067906589e-10 1.662872688942e-10 2.051806111803e-10 2.403160250830e-10 2.723612470352e-10 2.840207819795e-09 3.290743439599e-10 3.562791693850e-10 3.932404718129e-10 
5.729659289289e-11 1.253112128127e-10 1.742370272229e-10 2.167909070938e-10 2.562296316505e-10 2.933801746280e-10 3.290743439599e-10 2.902698759965e-09 3.997016846760e-10 4.463135385394e-10 
5.888743500895e-11 1.300854057898e-10 1.823052125098e-10 2.285745652431e-10 2.723586940783e-10 3.145387643001e-10 3.562791693850e-10 3.997016846760e-10 2.986184279438e-09 5.092212726694e-10 
6.106523540586e-11 1.366217197338e-10 1.933519105227e-10 2.447100257109e-10 2.944502054362e-10 3.435086167727e-10 3.932404718129e-10 4.463135385394e-10 5.092212726694e-10 3.148045524817e-09 
