7.8024182050240697e-08 2.2901024523177092e-08 4.5568412302905605e-09 5.9630647044030377e-10 5.4673314340023503e-11 3.2632672615151067e-12 1.0883400527151821e-13 1.5295047425627180e-15 4.9320372517008946e-18 5.7253919666541623e-22 
2.2901024523177092e-08 8.3920381780037517e-08 3.2499092336043925e-08 9.8873882903056723e-09 1.8696886855079201e-09 2.2181326174794904e-10 1.4895830509367031e-11 4.4022682596979366e-13 3.2180805464462656e-15 9.8968457410951124e-19 
4.5568412302905605e-09 3.2499092336043925e-08 7.6150868983426456e-08 3.1335947936869543e-08 1.1411734360296167e-08 2.4454293431360339e-09 2.9047214551772937e-10 1.5539768645556049e-11 2.2143814693161952e-13 1.5854011342058728e-16 
5.9630647044030377e-10 9.8873882903056723e-09 3.1335947936869543e-08 6.9124015094795116e-08 2.7947273663518918e-08 1.0720572682470749e-08 2.2197103049831789e-09 2.0769297550626824e-10 5.4678212565928580e-12 8.6351107121669535e-15 
5.4673314340023503e-11 1.8696886855079201e-09 1.1411734360296167e-08 2.7947273663518918e-08 6.3135298603211693e-08 2.4031085605509687e-08 8.8279384774134793e-09 1.4725317696175323e-09 7.2152915576186291e-11 2.5030564737624568e-13 
3.2632672615151067e-12 2.2181326174794904e-10 2.4454293431360339e-09 1.0720572682470749e-08 2.4031085605509687e-08 5.8002838587990957e-08 1.9939599194820281e-08 6.1968245427994138e-09 5.9515878820209960e-10 4.7698750384383647e-12 
1.0883400527151821e-13 1.4895830509367031e-11 2.9047214551772937e-10 2.2197103049831789e-09 8.8279384774134793e-09 1.9939599194820281e-08 5.3372031451637937e-08 1.5511701165647170e-08 3.1859008230844679e-09 6.5929957828193437e-11 
1.5295047425627180e-15 4.4022682596979366e-13 1.5539768645556049e-11 2.0769297550626824e-10 1.4725317696175323e-09 6.1968245427994138e-09 1.5511701165647170e-08 4.8889108909242200e-08 1.0405686955846992e-08 6.7237583957932436e-10 
4.9320372517008946e-18 3.2180805464462656e-15 2.2143814693161952e-13 5.4678212565928580e-12 7.2152915576186291e-11 5.9515878820209960e-10 3.1859008230844679e-09 1.0405686955846992e-08 4.4302633494182151e-08 4.6162231572235174e-09 
5.7253919666541623e-22 9.8968457410951124e-19 1.5854011342058728e-16 8.6351107121669535e-15 2.5030564737624568e-13 4.7698750384383647e-12 6.5929957828193437e-11 6.7237583957932436e-10 4.6162231572235174e-09 3.7215355115598719e-08 
