6.858401510918e-08 1.893572355930e-08 3.813368772213e-09 5.039271846647e-10 4.654766326885e-11 2.798003870427e-12 9.375420471193e-14 1.324008951618e-15 4.290320033655e-18 4.988217982769e-22 
1.893572355930e-08 7.473517995611e-08 2.739757247641e-08 8.398309441073e-09 1.598911075154e-09 1.907550126351e-10 1.285852888706e-11 3.820768934674e-13 2.799179853862e-15 8.631488813395e-19 
3.813368772213e-09 2.739757247641e-08 6.888901479155e-08 2.674764922387e-08 9.796189941389e-09 2.107194397694e-09 2.513123413616e-10 1.350746190345e-11 1.925797404458e-13 1.383763938901e-16 
5.039271846647e-10 8.398309441073e-09 2.674764922387e-08 6.330578274597e-08 2.405948601832e-08 9.257218592177e-09 1.925113593385e-09 1.806474514131e-10 4.756084559238e-12 7.539399016145e-15 
4.654766326885e-11 1.598911075154e-09 9.796189941389e-09 2.405948601832e-08 5.834982693102e-08 2.081169097706e-08 7.672238884433e-09 1.280824876674e-09 6.280511949759e-11 2.184915236916e-13 
2.798003870427e-12 1.907550126351e-10 2.107194397694e-09 9.257218592177e-09 2.081169097706e-08 5.409017583430e-08 1.734443138652e-08 5.389636366629e-09 5.186994148069e-10 4.159547444205e-12 
9.375420471193e-14 1.285852888706e-11 2.513123413616e-10 1.925113593385e-09 7.672238884433e-09 1.734443138652e-08 5.009286299763e-08 1.350281755585e-08 2.780301265510e-09 5.738068544276e-11 
1.324008951618e-15 3.820768934674e-13 1.350746190345e-11 1.806474514131e-10 1.280824876674e-09 5.389636366629e-09 1.350281755585e-08 4.624808803107e-08 9.078831416332e-09 5.833665970597e-10 
4.290320033655e-18 2.799179853862e-15 1.925797404458e-13 4.756084559238e-12 6.280511949759e-11 5.186994148069e-10 2.780301265510e-09 9.078831416332e-09 4.219435647894e-08 3.993947962083e-09 
4.988217982769e-22 8.631488813395e-19 1.383763938901e-16 7.539399016145e-15 2.184915236916e-13 4.159547444205e-12 5.738068544276e-11 5.833665970597e-10 3.993947962083e-09 3.597130346088e-08 
