1.5932513699031995e-07 5.3495415396375824e-08 1.0065379120901907e-08 1.2684504409564869e-09 1.1331587075315725e-10 6.6426463718312852e-12 2.1895633837380142e-13 3.0603048572413542e-15 9.8968758308625576e-18 1.1722081932218560e-21 
5.3495415396375824e-08 1.5236535221680794e-07 6.9757204306045279e-08 2.0652537453061593e-08 3.8295316465329186e-09 4.4822697933025900e-10 2.9863087266453292e-11 8.8080907575689554e-13 6.4768641441785687e-15 2.0364347910491208e-18 
1.0065379120901907e-08 6.9757204306045279e-08 1.2870132407568554e-07 6.4483207687374720e-08 2.3163646829766073e-08 4.9177878588072451e-09 5.8140505014838673e-10 3.1126366677912067e-11 4.4721956541365156e-13 3.2790870256324305e-16 
1.2684504409564869e-09 2.0652537453061593e-08 6.4483207687374720e-08 1.1140647559184435e-07 5.6325304349961311e-08 2.1486875958510340e-08 4.4411629267821549e-09 4.1684555660123923e-10 1.1087717702226289e-11 1.7960151183287203e-14 
1.1331587075315725e-10 3.8295316465329186e-09 2.3163646829766073e-08 5.6325304349961311e-08 9.8257965390118928e-08 4.8083384638442155e-08 1.7679896282829602e-08 2.9647549073164465e-09 1.4704150627529713e-10 5.2389843203043645e-13 
6.6426463718312852e-12 4.4822697933025900e-10 4.9177878588072451e-09 2.1486875958510340e-08 4.8083384638442155e-08 8.7853709758583349e-08 4.0046607426865931e-08 1.2537454952738476e-08 1.2208180186459510e-09 1.0058942607057955e-11 
2.1895633837380142e-13 2.9863087266453292e-11 5.8140505014838673e-10 4.4411629267821549e-09 1.7679896282829602e-08 4.0046607426865931e-08 7.9026418326495047e-08 3.1617582541182140e-08 6.5949975988611904e-09 1.4041928555639855e-10 
3.0603048572413542e-15 8.8080907575689554e-13 3.1126366677912067e-11 4.1684555660123923e-10 2.9647549073164465e-09 1.2537454952738476e-08 3.1617582541182140e-08 7.0846342447380351e-08 2.1834457130352096e-08 1.4534658640967920e-09 
9.8968758308625576e-18 6.4768641441785687e-15 4.4721956541365156e-13 1.1087717702226289e-11 1.4704150627529713e-10 1.2208180186459510e-09 6.5949975988611904e-09 2.1834457130352096e-08 6.2727266390488159e-08 1.0235192008489893e-08 
1.1722081932218560e-21 2.0364347910491208e-18 3.2790870256324305e-16 1.7960151183287203e-14 5.2389843203043645e-13 1.0058942607057955e-11 1.4041928555639855e-10 1.4534658640967920e-09 1.0235192008489893e-08 4.9148367246752595e-08 
