1.0920901660285226e-07 3.5215683982234458e-08 6.8042427447561519e-09 8.7175629938330083e-10 7.8689996632092365e-11 4.6413024168968283e-12 1.5339879896562410e-13 2.1416831451103427e-15 6.8829439700789687e-18 8.0145102527575555e-22 
3.5215683982234458e-08 1.1179716190613216e-07 4.7757500630397980e-08 1.4298838621612915e-08 2.6704184565214104e-09 3.1376998416098195e-10 2.0920054566338415e-11 6.1531602606229335e-13 4.4907433940722422e-15 1.3872640409735421e-18 
6.8042427447561519e-09 4.7757500630397980e-08 9.7689318216406844e-08 4.4894339947364010e-08 1.6197115571130999e-08 3.4451854729625573e-09 4.0695843523427246e-10 2.1699030370841673e-11 3.0911327871142522e-13 2.2257074243201079e-16 
8.7175629938330083e-10 1.4298838621612915e-08 4.4894339947364010e-08 8.6355863169457744e-08 3.9449043216591429e-08 1.5050771145025974e-08 3.1040440071311720e-09 2.8986823852132296e-10 7.6377117679301976e-12 1.2144309450516383e-14 
7.8689996632092365e-11 2.6704184565214104e-09 1.6197115571130999e-08 3.9449043216591429e-08 7.7281637833139341e-08 3.3639747267696509e-08 1.2328144871912728e-08 2.0550332405684452e-09 1.0089106818525723e-10 3.5277782836900591e-13 
4.6413024168968283e-12 3.1376998416098195e-10 3.4451854729625573e-09 1.5050771145025974e-08 3.3639747267696509e-08 6.9829879319996761e-08 2.7826607986437807e-08 8.6527897409075660e-09 8.3356622239733078e-10 6.7406024467327929e-12 
1.5339879896562410e-13 2.0920054566338415e-11 4.0695843523427246e-10 3.1040440071311720e-09 1.2328144871912728e-08 2.7826607986437807e-08 6.3336571948657564e-08 2.1690862448994045e-08 4.4740064522766339e-09 9.3511866555577035e-11 
2.1416831451103427e-15 6.1531602606229335e-13 2.1699030370841673e-11 2.8986823852132296e-10 2.0550332405684452e-09 8.6527897409075660e-09 2.1690862448994045e-08 5.7215546381835711e-08 1.4679106380631205e-08 9.5913009818818206e-10 
6.8829439700789687e-18 4.4907433940722422e-15 3.0911327871142522e-13 7.6377117679301976e-12 1.0089106818525723e-10 8.3356622239733078e-10 4.4740064522766339e-09 1.4679106380631205e-08 5.1097629396871646e-08 6.6522261839732118e-09 
8.0145102527575555e-22 1.3872640409735421e-18 2.2257074243201079e-16 1.2144309450516383e-14 3.5277782836900591e-13 6.7406024467327929e-12 9.3511866555577035e-11 9.5913009818818206e-10 6.6522261839732118e-09 4.1458019481692565e-08 
