1.7621545977477129e-07 5.9405032654405980e-08 1.1114937561158693e-08 1.3966043359632579e-09 1.2459362383298813e-10 7.3020525805235194e-12 2.4089321701752275e-13 3.3732651852259374e-15 1.0946938837676881e-17 1.3050435479886525e-21 
5.9405032654405980e-08 1.6542285165498517e-07 7.6853546554952960e-08 2.2715704979795685e-08 4.2096445228132055e-09 4.9290800944680635e-10 3.2882092410151845e-11 9.7200369874544107e-13 7.1737662588398930e-15 2.2700300241819034e-18 
1.1114937561158693e-08 7.6853546554952960e-08 1.3875923170264847e-07 7.0887752003765465e-08 2.5466088967751904e-08 5.4111474999004971e-09 6.4073690743937451e-10 3.4388021219539627e-11 4.9596460199717616e-13 3.6597854911711101e-16 
1.3966043359632579e-09 2.2715704979795685e-08 7.0887752003765465e-08 1.1967053629157701e-07 6.1955953699012647e-08 2.3661921128863892e-08 4.8994332847380153e-09 4.6108874933119167e-10 1.2311875807804114e-11 2.0071903194555968e-14 
1.2459362383298813e-10 4.2096445228132055e-09 2.5466088967751904e-08 6.1955953699012647e-08 1.0533174789301915e-07 5.3010846414945745e-08 1.9529989347813265e-08 3.2840867320580801e-09 1.6350405093646950e-10 5.8635615091198272e-13 
7.3020525805235194e-12 4.9290800944680635e-10 5.4111474999004971e-09 2.3661921128863892e-08 5.3010846414945745e-08 9.4068807424083861e-08 4.4312829978430385e-08 1.3911802278410635e-08 1.3597903780226989e-09 1.1277317955876385e-11 
2.4089321701752275e-13 3.2882092410151845e-11 6.4073690743937451e-10 4.8994332847380153e-09 1.9529989347813265e-08 4.4312829978430385e-08 8.4562584220751385e-08 3.5159201205798412e-08 7.3621133521268126e-09 1.5776420628001870e-10 
3.3732651852259374e-15 9.7200369874544107e-13 3.4388021219539627e-11 4.6108874933119167e-10 3.2840867320580801e-09 1.3911802278410635e-08 3.5159201205798412e-08 7.5759169222289041e-08 2.4451311414865261e-08 1.6378407288341079e-09 
1.0946938837676881e-17 7.1737662588398930e-15 4.9596460199717616e-13 1.2311875807804114e-11 1.6350405093646950e-10 1.3597903780226989e-09 7.3621133521268126e-09 2.4451311414865261e-08 6.7045088881780321e-08 1.1584639733271951e-08 
1.3050435479886525e-21 2.2700300241819034e-18 3.6597854911711101e-16 2.0071903194555968e-14 5.8635615091198272e-13 1.1277317955876385e-11 1.5776420628001870e-10 1.6378407288341079e-09 1.1584639733271951e-08 5.2075257727040924e-08 
