2.6844549607391947e-07 9.0798676016334601e-08 1.6751703692060664e-08 2.0973202829362926e-09 1.8755370710074074e-10 1.1065876278715542e-11 3.6901487903834876e-13 5.2486609650711917e-15 1.7419057045180657e-17 2.1532124774061788e-21 
9.0798676016334601e-08 2.3536045724593565e-07 1.1545258982255915e-07 3.4152082285251137e-08 6.3610608589048568e-09 7.5129154318889400e-10 5.0737808394807670e-11 1.5245720029341578e-12 1.1504677991489494e-14 3.7693075516802707e-18 
1.6751703692060664e-08 1.1545258982255915e-07 1.9434564943223873e-07 1.0692737528735423e-07 3.8671916658457212e-08 8.2976858824771979e-09 9.9542479063764014e-10 5.4327792596355966e-11 8.0108363094834942e-13 6.1140270122906574e-16 
2.0973202829362926e-09 3.4152082285251137e-08 1.0692737528735423e-07 1.6693284056272894e-07 9.4706643367007787e-08 3.6545899748875930e-08 7.6679346657251380e-09 7.3381694074433038e-10 2.0027754072437027e-11 3.3738273355072653e-14 
1.8755370710074074e-10 6.3610608589048568e-09 3.8671916658457212e-08 9.4706643367007787e-08 1.4710578680986838e-07 8.2593382259286976e-08 3.0829328465744331e-08 5.2696936024724256e-09 2.6800747377312159e-10 9.9191185701662964e-13 
1.1065876278715542e-11 7.5129154318889400e-10 8.2976858824771979e-09 3.6545899748875930e-08 8.2593382259286976e-08 1.3191091179856277e-07 7.0670699743931427e-08 2.2541231414147208e-08 2.2487357582824339e-09 1.9211819384510585e-11 
3.6901487903834876e-13 5.0737808394807670e-11 9.9542479063764014e-10 7.6679346657251380e-09 3.0829328465744331e-08 7.0670699743931427e-08 1.1920533129312065e-07 5.7647111865348498e-08 1.2308956601101838e-08 2.7103187039458966e-10 
5.2486609650711917e-15 1.5245720029341578e-12 5.4327792596355966e-11 7.3381694074433038e-10 5.2696936024724256e-09 2.2541231414147208e-08 5.7647111865348498e-08 1.0733682993789281e-07 4.1456905023596304e-08 2.8461044052413523e-09 
1.7419057045180657e-17 1.1504677991489494e-14 8.0108363094834942e-13 2.0027754072437027e-11 2.6800747377312159e-10 2.2487357582824339e-09 1.2308956601101838e-08 4.1456905023596304e-08 9.5286977185158194e-08 2.0497433291478269e-08 
2.1532124774061788e-21 3.7693075516802707e-18 6.1140270122906574e-16 3.3738273355072653e-14 9.9191185701662964e-13 1.9211819384510585e-11 2.7103187039458966e-10 2.8461044052413523e-09 2.0497433291478269e-08 7.1602362329514105e-08 
