7.338003748329e-08 2.095462375269e-08 4.193057252407e-09 5.511450061291e-10 5.073717232277e-11 3.036980862348e-12 1.015097405788e-13 1.431696523207e-15 4.616423584426e-18 5.381160347698e-22 
2.095462375269e-08 7.942230637386e-08 3.000566815686e-08 9.162843865783e-09 1.738562493457e-09 2.066541672175e-10 1.392068850181e-11 4.121953113047e-13 3.013779946225e-15 9.299520134717e-19 
4.193057252407e-09 3.000566815686e-08 7.261174448993e-08 2.911662370616e-08 1.062455382529e-08 2.281554878081e-09 2.718066749430e-10 1.454722299353e-11 2.075990825109e-13 1.488647734066e-16 
5.511450061291e-10 9.162843865783e-09 2.911662370616e-08 6.629284331797e-08 2.605352720350e-08 1.002061878295e-08 2.078242481688e-09 1.944252826327e-10 5.132057647089e-12 8.099902999216e-15 
5.073717232277e-11 1.738562493457e-09 1.062455382529e-08 2.605352720350e-08 6.084024941076e-08 2.249495705014e-08 8.264400435354e-09 1.379270335942e-09 6.778411408226e-11 2.345320234244e-13 
3.036980862348e-12 2.066541672175e-10 2.281554878081e-09 1.002061878295e-08 2.249495705014e-08 5.610268307854e-08 1.866680111455e-08 5.812569057504e-09 5.592660895322e-10 4.465143380260e-12 
1.015097405788e-13 1.392068850181e-11 2.718066749430e-10 2.078242481688e-09 8.264400435354e-09 1.866680111455e-08 5.179855690547e-08 1.457290610122e-08 2.990885191262e-09 6.169751492628e-11 
1.431696523207e-15 4.121953113047e-13 1.454722299353e-11 1.944252826327e-10 1.379270335942e-09 5.812569057504e-09 1.457290610122e-08 4.763368517316e-08 9.748009403759e-09 6.297508765454e-10 
4.616423584426e-18 3.013779946225e-15 2.075990825109e-13 5.132057647089e-12 6.778411408226e-11 5.592660895322e-10 2.990885191262e-09 9.748009403759e-09 4.327676100048e-08 4.327622469881e-09 
5.381160347698e-22 9.299520134717e-19 1.488647734066e-16 8.099902999216e-15 2.345320234244e-13 4.465143380260e-12 6.169751492628e-11 6.297508765454e-10 4.327622469881e-09 3.660440857896e-08 
