6.544231443947e-07 2.334428731113e-07 4.477541065467e-08 5.861984372995e-09 5.483228767957e-10 3.380842791138e-11 1.183542272010e-12 1.768491797696e-14 6.118750242466e-17 8.183325808802e-21 
2.334428731113e-07 5.775776805188e-07 3.187416858425e-07 9.837918321338e-08 1.911323545764e-08 2.358933113689e-09 1.669692129225e-10 5.223745816935e-12 4.099562730465e-14 1.452888817420e-17 
4.477541065467e-08 3.187416858425e-07 5.037682121168e-07 3.176265559976e-07 1.193459095915e-07 2.670911766114e-08 3.339427088647e-09 1.885316828238e-10 2.897270496477e-12 2.385214012184e-15 
5.861984372995e-09 9.837918321338e-08 3.176265559976e-07 4.537842389556e-07 3.010590686945e-07 1.206061901868e-07 2.615630833020e-08 2.579006540544e-09 7.361344560564e-11 1.329931214022e-13 
5.483228767957e-10 1.911323545764e-08 1.193459095915e-07 3.010590686945e-07 4.183044717538e-07 2.790585006305e-07 1.068395461205e-07 1.880567631545e-08 1.002963513418e-09 3.944437523983e-12 
3.380842791138e-11 2.358933113689e-09 2.670911766114e-08 1.206061901868e-07 2.790585006305e-07 3.860151098210e-07 2.492803960655e-07 8.211360277664e-08 8.588266849141e-09 7.694315900054e-11 
1.183542272010e-12 1.669692129225e-10 3.339427088647e-09 2.615630833020e-08 1.068395461205e-07 2.492803960655e-07 3.571559801682e-07 2.158867525539e-07 4.805501289815e-08 1.090949563463e-09 
1.768491797696e-14 5.223745816935e-12 1.885316828238e-10 2.579006540544e-09 1.880567631545e-08 8.211360277664e-08 2.158867525539e-07 3.344252682749e-07 1.651504602446e-07 1.147305319219e-08 
6.118750242466e-17 4.099562730465e-14 2.897270496477e-12 7.361344560564e-11 1.002963513418e-09 8.588266849141e-09 4.805501289815e-08 1.651504602446e-07 2.983552684962e-07 8.232412854739e-08 
8.183325808802e-21 1.452888817420e-17 2.385214012184e-15 1.329931214022e-13 3.944437523983e-12 7.694315900054e-11 1.090949563463e-09 1.147305319219e-08 8.232412854739e-08 2.044736713183e-07 
