1.612794650913e-07 5.418769575176e-08 1.019274957542e-08 1.284506226832e-09 1.147718634787e-10 6.727229974941e-12 2.220563869820e-13 3.101766966042e-15 1.004651561337e-17 1.189725797931e-21 
5.418769575176e-08 1.539408630470e-07 7.063535279002e-08 2.091802695004e-08 3.878158937804e-09 4.542775126803e-10 3.028694526970e-11 8.925273626005e-13 6.583317663688e-15 2.065354648238e-18 
1.019274957542e-08 7.063535279002e-08 1.299910863415e-07 6.530556469373e-08 2.346437597383e-08 4.987248182543e-09 5.893738617647e-10 3.156120370458e-11 4.548156715261e-13 3.325126775392e-16 
1.284506226832e-09 2.091802695004e-08 6.530556469373e-08 1.124749348067e-07 5.710583205425e-08 2.179071843751e-08 4.500564756217e-09 4.231576968065e-10 1.127351342649e-11 1.822219190014e-14 
1.147718634787e-10 3.878158937804e-09 2.346437597383e-08 5.710583205425e-08 9.925531470860e-08 4.873274448216e-08 1.792515717806e-08 3.013310072615e-09 1.493819288189e-10 5.322069634624e-13 
6.727229974941e-12 4.542775126803e-10 4.987248182543e-09 2.179071843751e-08 4.873274448216e-08 8.866385347668e-08 4.066770787994e-08 1.274921996962e-08 1.238881381854e-09 1.023723310087e-11 
2.220563869820e-13 3.028694526970e-11 5.893738617647e-10 4.500564756217e-09 1.792515717806e-08 4.066770787994e-08 7.988548500892e-08 3.211867213725e-08 6.689863864895e-09 1.432055119056e-10 
3.101766966042e-15 8.925273626005e-13 3.156120370458e-11 4.231576968065e-10 3.013310072615e-09 1.274921996962e-08 3.211867213725e-08 7.145654101976e-08 2.219579347406e-08 1.483926350614e-09 
1.004651561337e-17 6.583317663688e-15 4.548156715261e-13 1.127351342649e-11 1.493819288189e-10 1.238881381854e-09 6.689863864895e-09 2.219579347406e-08 6.342953169962e-08 1.041327107595e-08 
1.189725797931e-21 2.065354648238e-18 3.325126775392e-16 1.822219190014e-14 5.322069634624e-13 1.023723310087e-11 1.432055119056e-10 1.483926350614e-09 1.041327107595e-08 4.933048674656e-08 
