1.067337469002e-07 3.426076543793e-08 6.633077586158e-09 8.512190453311e-10 7.689762167627e-11 4.541850870195e-12 1.501891804306e-13 2.096875205863e-15 6.752731237497e-18 7.844464561515e-22 
3.426076543793e-08 1.096674319366e-07 4.661335853682e-08 1.397047539229e-08 2.611562167693e-09 3.072142511290e-10 2.047591344595e-11 6.030754184084e-13 4.403021889402e-15 1.358966109784e-18 
6.633077586158e-09 4.661335853682e-08 9.608739606811e-08 4.388847105090e-08 1.585389940516e-08 3.372897609757e-09 3.984253653094e-10 2.128302483764e-11 3.027896109671e-13 2.182454273419e-16 
8.512190453311e-10 1.397047539229e-08 4.388847105090e-08 8.511454166645e-08 3.862611133470e-08 1.473168812990e-08 3.041367986885e-09 2.843439365555e-10 7.475776988615e-12 1.191858047015e-14 
7.689762167627e-11 2.611562167693e-09 1.585389940516e-08 3.862611133470e-08 7.624150127125e-08 3.294238093107e-08 1.209081162755e-08 2.014647980295e-09 9.872845143543e-11 3.463901287026e-13 
4.541850870195e-12 3.072142511290e-10 3.372897609757e-09 1.473168812990e-08 3.294238093107e-08 6.901985979464e-08 2.729463428466e-08 8.472849138810e-09 8.161793492257e-10 6.617609785432e-12 
1.501891804306e-13 2.047591344595e-11 3.984253653094e-10 3.041367986885e-09 1.209081162755e-08 2.729463428466e-08 6.261936854609e-08 2.122620548040e-08 4.387205958120e-09 9.169740437555e-11 
2.096875205863e-15 6.030754184084e-13 2.128302483764e-11 2.843439365555e-10 2.014647980295e-09 8.472849138810e-09 2.122620548040e-08 5.663481307695e-08 1.441048049129e-08 9.379080208748e-10 
6.752731237497e-18 4.403021889402e-15 3.027896109671e-13 7.475776988615e-12 9.872845143543e-11 8.161793492257e-10 4.387205958120e-09 1.441048049129e-08 5.062266583871e-08 6.484964899888e-09 
7.844464561515e-22 1.358966109784e-18 2.182454273419e-16 1.191858047015e-14 3.463901287026e-13 6.617609785432e-12 9.169740437555e-11 9.379080208748e-10 6.484964899888e-09 4.114508963504e-08 
