8.108962737904e-08 2.413993986436e-08 4.786500641002e-09 6.248096991106e-10 5.716399822617e-11 3.406854891460e-12 1.135806281727e-13 1.592708970836e-15 5.143160029341e-18 5.956190029040e-22 
2.413993986436e-08 8.676300767405e-08 3.407103878281e-08 1.034593313827e-08 1.952669042941e-09 2.315507820762e-10 1.552846690802e-11 4.584249955935e-13 3.356764600291e-15 1.029676192619e-18 
4.786500641002e-09 3.407103878281e-08 7.839010093416e-08 3.273976404827e-08 1.191334928491e-08 2.551590807188e-09 3.025496052091e-10 1.619290456463e-11 2.308827444282e-13 1.650578591328e-16 
6.248096991106e-10 1.034593313827e-08 3.273976404827e-08 7.092365822542e-08 2.916986601985e-08 1.117458464875e-08 2.311431210527e-09 2.165656899802e-10 5.696383936496e-12 9.000153460811e-15 
5.716399822617e-11 1.952669042941e-09 1.191334928491e-08 2.916986601985e-08 6.462490172321e-08 2.502459115510e-08 9.198115343901e-09 1.535787312202e-09 7.510491126183e-11 2.612392938857e-13 
3.406854891460e-12 2.315507820762e-10 2.551590807188e-09 1.117458464875e-08 2.502459115510e-08 5.924459529516e-08 2.079462767926e-08 6.458775162832e-09 6.192572587370e-10 4.984831875823e-12 
1.135806281727e-13 1.552846690802e-11 3.025496052091e-10 2.311431210527e-09 9.198115343901e-09 2.079462767926e-08 5.444492577685e-08 1.614564204369e-08 3.317785444007e-09 6.896260009938e-11 
1.592708970836e-15 4.584249955935e-13 1.619290456463e-11 2.165656899802e-10 1.535787312202e-09 6.458775162832e-09 1.614564204369e-08 4.973335317156e-08 1.086421696459e-08 7.029624478587e-10 
5.143160029341e-18 3.356764600291e-15 2.308827444282e-13 5.696383936496e-12 7.510491126183e-11 6.192572587370e-10 3.317785444007e-09 1.086421696459e-08 4.503810689817e-08 4.812272386948e-09 
5.956190029040e-22 1.029676192619e-18 1.650578591328e-16 9.000153460811e-15 2.612392938857e-13 4.984831875823e-12 6.896260009938e-11 7.029624478587e-10 4.812272386948e-09 3.762355621723e-08 
