1.941214868559e-06 8.107929008997e-07 1.645769597714e-07 2.277181686149e-08 2.182300740685e-09 1.332518570422e-10 4.550433075922e-12 6.732325218241e-14 2.394439376996e-16 3.253539367714e-20 
8.107929008997e-07 2.026178709750e-06 1.221527571274e-06 3.898393231121e-07 7.578942365912e-08 9.167588342775e-09 6.364176313877e-10 2.003395825991e-11 1.619259432384e-13 5.763333731363e-17 
1.645769597714e-07 1.221527571274e-06 1.907689647435e-06 1.262977799385e-06 4.680111168486e-07 1.025792004216e-07 1.271650008529e-08 7.302565595009e-10 1.150574737764e-11 9.439883857693e-15 
2.277181686149e-08 3.898393231121e-07 1.262977799385e-06 1.702107184194e-06 1.162810366093e-06 4.595751984432e-07 1.001053561917e-07 1.009205314327e-08 2.930428028803e-10 5.252736252185e-13 
2.182300740685e-09 7.578942365912e-08 4.680111168486e-07 1.162810366093e-06 1.516354925300e-06 1.063807434966e-06 4.133426566098e-07 7.428232409916e-08 3.992649036459e-09 1.555538286481e-11 
1.332518570422e-10 9.167588342775e-09 1.025792004216e-07 4.595751984432e-07 1.063807434966e-06 1.407556144861e-06 9.781680801250e-07 3.264631040658e-07 3.411480558483e-08 3.031853697346e-10 
4.550433075922e-12 6.364176313877e-10 1.271650008529e-08 1.001053561917e-07 4.133426566098e-07 9.781680801250e-07 1.334003196273e-06 8.593447687980e-07 1.901618333645e-07 4.299155191247e-09 
6.732325218241e-14 2.003395825991e-11 7.302565595009e-10 1.009205314327e-08 7.428232409916e-08 3.264631040658e-07 8.593447687980e-07 1.241898224278e-06 6.512502874476e-07 4.525442329808e-08 
2.394439376996e-16 1.619259432384e-13 1.150574737764e-11 2.930428028803e-10 3.992649036459e-09 3.411480558483e-08 1.901618333645e-07 6.512502874476e-07 1.093403282456e-06 3.239750034355e-07 
3.253539367714e-20 5.763333731363e-17 9.439883857693e-15 5.252736252185e-13 1.555538286481e-11 3.031853697346e-10 4.299155191247e-09 4.525442329808e-08 3.239750034355e-07 6.948486720219e-07 
