2.5697426554322314e-08 1.1356222252769357e-08 8.3146493756078676e-09 6.4972277168090595e-09 5.1922301338979707e-09 4.1555739754647725e-09 3.2698169444778101e-09 2.4598968176788047e-09 1.6501693251129851e-09 5.7032063743196496e-10 
1.1356222252769357e-08 8.1767121379469241e-09 4.1643761929079198e-09 3.2836961026942693e-09 2.6515163550506213e-09 2.1493686672404887e-09 1.7202342869827678e-09 1.3277518850844364e-09 9.3538658815115550e-10 4.1348795406930035e-10 
8.3146493756078676e-09 4.1643761929079198e-09 5.6329335499259237e-09 2.4551315530939029e-09 1.9962861039655617e-09 1.6318397561101983e-09 1.3203483511802887e-09 1.0354156550034850e-09 7.5057969533380656e-10 3.7242838158374926e-10 
6.4972277168090595e-09 3.2836961026942693e-09 2.4551315530939029e-09 4.4985237744894139e-09 1.6047862150189838e-09 1.3226109290584369e-09 1.0814034280655533e-09 8.6073005469355907e-10 6.4014387110377161e-10 3.4788245792695297e-10 
5.1922301338979707e-09 2.6515163550506213e-09 1.9962861039655617e-09 1.6047862150189838e-09 3.8624380827452382e-09 1.1009035269334665e-09 9.1017458860761716e-10 7.3564444127157252e-10 5.6120186181145234e-10 3.3063177962741417e-10 
4.1555739754647725e-09 2.1493686672404887e-09 1.6318397561101983e-09 1.3226109290584369e-09 1.1009035269334665e-09 3.4633235216059215e-09 7.7424808656549332e-10 6.3636738909678919e-10 4.9856345575825875e-10 3.1699550459777642e-10 
3.2698169444778101e-09 1.7202342869827678e-09 1.3203483511802887e-09 1.0814034280655533e-09 9.1017458860761716e-10 7.7424808656549332e-10 3.1964579289617684e-09 5.5145793266805996e-10 4.4492421224663396e-10 3.0517597653915480e-10 
2.4598968176788047e-09 1.3277518850844364e-09 1.0354156550034850e-09 8.6073005469355907e-10 7.3564444127157252e-10 6.3636738909678919e-10 5.5145793266805996e-10 3.0121968543338567e-09 3.9586987039928767e-10 2.9420190903555756e-10 
1.6501693251129851e-09 9.3538658815115550e-10 7.5057969533380656e-10 6.4014387110377161e-10 5.6120186181145234e-10 4.9856345575825875e-10 4.4492421224663396e-10 3.9586987039928767e-10 2.8855856596792932e-09 2.8354018776338779e-10 
5.7032063743196496e-10 4.1348795406930035e-10 3.7242838158374926e-10 3.4788245792695297e-10 3.3063177962741417e-10 3.1699550459777642e-10 3.0517597653915480e-10 2.9420190903555756e-10 2.8354018776338779e-10 2.8109313158732741e-09 
