5.4244489623786607e-08 2.5561159766047264e-08 1.8822679610791739e-08 1.4795714963943540e-08 1.1904110024341923e-08 9.6067604600524135e-09 7.6429384364981993e-09 5.8456498300751843e-09 4.0464348381539423e-09 1.6539384007054774e-09 
2.5561159766047264e-08 1.5314118435424432e-08 9.4797609986566052e-09 7.5101041859713204e-09 6.0961094118480485e-09 4.9727555049177516e-09 4.0123073922905627e-09 3.1330731716183868e-09 2.2527912545126971e-09 1.0846850704163966e-09 
1.8822679610791739e-08 9.4797609986566052e-09 9.6095275398361196e-09 5.6315591366451943e-09 4.5983062833684544e-09 3.7774589860763752e-09 3.0755650505783296e-09 2.4329035406571563e-09 1.7894193655881831e-09 9.3681725843781448e-10 
1.4795714963943540e-08 7.5101041859713204e-09 5.6315591366451943e-09 7.0474158404257479e-09 3.7032448622665996e-09 3.0631619274848131e-09 2.5157629753847653e-09 2.0144714736317176e-09 1.5124965040082737e-09 8.4843714642575871e-10 
1.1904110024341923e-08 6.0961094118480485e-09 4.5983062833684544e-09 3.7032448622665996e-09 5.5995256203524521e-09 2.5508427635479656e-09 2.1144006671543477e-09 1.7146248634072471e-09 1.3142782041243879e-09 7.8563612847672624e-10 
9.6067604600524135e-09 4.9727555049177516e-09 3.7774589860763752e-09 3.0631619274848131e-09 2.5508427635479656e-09 4.6823636003744550e-09 1.7956541779786000e-09 1.4765206627720113e-09 1.1568857123865464e-09 7.3582206743216013e-10 
7.6429384364981993e-09 4.0123073922905627e-09 3.0755650505783296e-09 2.5157629753847653e-09 2.1144006671543477e-09 1.7956541779786000e-09 4.0613714382137872e-09 1.2727718010886382e-09 1.0220658852802514e-09 6.9286850944292476e-10 
5.8456498300751843e-09 3.1330731716183868e-09 2.4329035406571563e-09 2.0144714736317176e-09 1.7146248634072471e-09 1.4765206627720113e-09 1.2727718010886382e-09 3.6244805750423240e-09 8.9854663273615511e-10 6.5312382089595889e-10 
4.0464348381539423e-09 2.2527912545126971e-09 1.7894193655881831e-09 1.5124965040082737e-09 1.3142782041243879e-09 1.1568857123865464e-09 1.0220658852802514e-09 8.9854663273615511e-10 3.3136449924209308e-09 6.1364926274685460e-10 
1.6539384007054774e-09 1.0846850704163966e-09 9.3681725843781448e-10 8.4843714642575871e-10 7.8563612847672624e-10 7.3582206743216013e-10 6.9286850944292476e-10 6.5312382089595889e-10 6.1364926274685460e-10 3.1054378711232854e-09 
