5.1439017363895510e-07 2.5551215023551116e-07 1.8942847263011926e-07 1.4993124174135195e-07 1.2157403570331824e-07 9.9043350946458305e-08 7.9777718849654737e-08 6.2138275267159752e-08 4.4460004657480338e-08 2.1049953426052300e-08 
2.5551215023551116e-07 1.3093605978744008e-07 9.5624343780401137e-08 7.6035638498197811e-08 6.1973190468076650e-08 5.0800034886970785e-08 4.1244279263069469e-08 3.2492181068390028e-08 2.3718218129509995e-08 1.2116882789620906e-08 
1.8942847263011926e-07 9.5624343780401137e-08 7.3976222319778494e-08 5.6980954384663560e-08 4.6603140521324713e-08 3.8357500834970567e-08 3.1304625332323508e-08 2.4843409483016896e-08 1.8364694996004702e-08 9.8072328700316744e-09 
1.4993124174135195e-07 7.6035638498197811e-08 5.6980954384663560e-08 4.8130024573432930e-08 3.7416065869151902e-08 3.0920023065128971e-08 2.5362929858667415e-08 2.0270855402350202e-08 1.5163919866129950e-08 8.4256484314961418e-09 
1.2157403570331824e-07 6.1973190468076650e-08 4.6603140521324713e-08 3.7416065869151902e-08 3.3360694248541951e-08 2.5582700271051409e-08 2.1099576699688003e-08 1.6990447855138873e-08 1.2868425581987457e-08 7.4363637069561825e-09 
9.9043350946458305e-08 5.0800034886970785e-08 3.8357500834970567e-08 3.0920023065128971e-08 2.5582700271051409e-08 2.3880344439733055e-08 1.7712379144519486e-08 1.4384136023048098e-08 1.1044408095515034e-08 6.6500468520553106e-09 
7.9777718849654737e-08 4.1244279263069469e-08 3.1304625332323508e-08 2.5362929858667415e-08 2.1099576699688003e-08 1.7712379144519486e-08 1.7351719101335305e-08 1.2153251653217754e-08 9.4819450619281562e-09 5.9741188713733553e-09 
6.2138275267159752e-08 3.2492181068390028e-08 2.4843409483016896e-08 2.0270855402350202e-08 1.6990447855138873e-08 1.4384136023048098e-08 1.2153251653217754e-08 1.2644976782724374e-08 8.0484255310608887e-09 5.3497067038904082e-09 
4.4460004657480338e-08 2.3718218129509995e-08 1.8364694996004702e-08 1.5163919866129950e-08 1.2868425581987457e-08 1.1044408095515034e-08 9.4819450619281562e-09 8.0484255310608887e-09 9.1495260281954276e-09 4.7233225435035954e-09 
2.1049953426052300e-08 1.2116882789620906e-08 9.8072328700316744e-09 8.4256484314961418e-09 7.4363637069561825e-09 6.6500468520553106e-09 5.9741188713733553e-09 5.3497067038904082e-09 4.7233225435035954e-09 6.4763145714205125e-09 
