2.620050375293e-09 1.239904645965e-10 1.394226376457e-10 1.487212521212e-10 1.553961102928e-10 1.607027496685e-10 1.652501703060e-10 1.694363911139e-10 1.736846634941e-10 1.795020309694e-10 
1.239904645965e-10 2.753085823382e-09 2.561484200252e-10 2.821574806130e-10 3.008301705229e-10 3.156533575653e-10 3.283561755873e-10 3.400508873948e-10 3.519190632006e-10 3.681711530795e-10 
1.394226376457e-10 2.561484200252e-10 2.857483909523e-09 3.614453310371e-10 3.923785281037e-10 4.168405801079e-10 4.377697933936e-10 4.570386195589e-10 4.765946755494e-10 5.033750189994e-10 
1.487212521212e-10 2.821574806130e-10 3.614453310371e-10 2.958361368421e-09 4.647101564363e-10 5.004172215353e-10 5.308033403511e-10 5.587246052153e-10 5.870628858179e-10 6.258733954773e-10 
1.553961102928e-10 3.008301705229e-10 3.923785281037e-10 4.647101564363e-10 3.062833647066e-09 5.736716116882e-10 6.156974692249e-10 6.540603636727e-10 6.929297262512e-10 7.461787476420e-10 
1.607027496685e-10 3.156533575653e-10 4.168405801079e-10 5.004172215353e-10 5.736716116882e-10 3.176336434130e-09 6.941104114222e-10 7.452885586217e-10 7.967014141197e-10 8.670959942834e-10 
1.652501703060e-10 3.283561755873e-10 4.377697933936e-10 5.308033403511e-10 6.156974692249e-10 6.941104114222e-10 3.305154853360e-09 8.343886035534e-10 9.014003477215e-10 9.922176867137e-10 
1.694363911139e-10 3.400508873948e-10 4.570386195589e-10 5.587246052153e-10 6.540603636727e-10 7.452885586217e-10 8.343886035534e-10 3.461718226596e-09 1.012782224866e-09 1.128883376525e-09 
1.736846634941e-10 3.519190632006e-10 4.765946755494e-10 5.870628858179e-10 6.929297262512e-10 7.967014141197e-10 9.014003477215e-10 1.012782224866e-09 3.677044773230e-09 1.296663279683e-09 
1.795020309694e-10 3.681711530795e-10 5.033750189994e-10 6.258733954773e-10 7.461787476420e-10 8.670959942834e-10 9.922176867137e-10 1.128883376525e-09 1.296663279683e-09 4.113620752093e-09 
