2.545975407883e-09 1.259692719832e-11 1.460909872687e-11 1.582595479356e-11 1.669932161549e-11 1.739363967305e-11 1.798862808914e-11 1.853635792072e-11 1.909220670262e-11 1.985336877026e-11 
1.259692719832e-11 2.563412005479e-09 3.123513407334e-11 3.523242059861e-11 3.810260118814e-11 4.038029518640e-11 4.233222704798e-11 4.412928416835e-11 4.595299932703e-11 4.845039060648e-11 
1.460909872687e-11 3.123513407334e-11 2.579861625430e-09 4.840839485801e-11 5.354542515781e-11 5.760541630738e-11 6.107871184508e-11 6.427657159310e-11 6.752211615644e-11 7.196664562752e-11 
1.582595479356e-11 3.523242059861e-11 4.840839485801e-11 2.596936963042e-09 6.623396020323e-11 7.243031028536e-11 7.770246242048e-11 8.254735975111e-11 8.746469536415e-11 9.419919160483e-11 
1.669932161549e-11 3.810260118814e-11 5.354542515781e-11 6.623396020323e-11 2.615303750835e-09 8.559729043191e-11 9.307279952730e-11 9.990048564128e-11 1.068201054194e-10 1.162993041700e-10 
1.739363967305e-11 4.038029518640e-11 5.760541630738e-11 7.243031028536e-11 8.559729043191e-11 2.635623726800e-09 1.072522020373e-10 1.164573755854e-10 1.257211242107e-10 1.384069453569e-10 
1.798862808914e-11 4.233222704798e-11 6.107871184508e-11 7.770246242048e-11 9.307279952730e-11 1.072522020373e-10 2.658776858090e-09 1.324505945277e-10 1.445389693678e-10 1.609679679430e-10 
1.853635792072e-11 4.412928416835e-11 6.427657159310e-11 8.254735975111e-11 9.990048564128e-11 1.164573755854e-10 1.324505945277e-10 2.686697239264e-09 1.641406351535e-10 1.851023976287e-10 
1.909220670262e-11 4.595299932703e-11 6.752211615644e-11 8.746469536415e-11 1.068201054194e-10 1.257211242107e-10 1.445389693678e-10 1.641406351535e-10 2.724227344871e-09 2.136041769826e-10 
1.985336877026e-11 4.845039060648e-11 7.196664562752e-11 9.419919160483e-11 1.162993041700e-10 1.384069453569e-10 1.609679679430e-10 1.851023976287e-10 2.136041769826e-10 2.796961536993e-09 
