2.541854116834e-09 5.775857144585e-12 6.741915075106e-12 7.326946946611e-12 7.746782254933e-12 8.080537306802e-12 8.366547303988e-12 8.629840628345e-12 8.897036751139e-12 9.262927648348e-12 
5.775857144585e-12 2.550235669680e-09 1.491366051585e-11 1.692796545125e-11 1.837390553977e-11 1.952092387192e-11 2.050390262163e-11 2.140890580197e-11 2.232733643067e-11 2.358503579407e-11 
6.741915075106e-12 1.491366051585e-11 2.558597350016e-09 2.377251433313e-11 2.644902823484e-11 2.856223268222e-11 3.036952512140e-11 3.203353284141e-11 3.372238148483e-11 3.603514210029e-11 
7.326946946611e-12 1.692796545125e-11 2.377251433313e-11 2.567588700562e-09 3.327293365995e-11 3.659104763595e-11 3.941135780380e-11 4.200237236186e-11 4.463217898715e-11 4.823387085045e-11 
7.746782254933e-12 1.837390553977e-11 2.644902823484e-11 3.327293365995e-11 2.577534942810e-09 4.386921644355e-11 4.796823745924e-11 5.170809364063e-11 5.549758680015e-11 6.068909409473e-11 
8.080537306802e-12 1.952092387192e-11 2.856223268222e-11 3.659104763595e-11 4.386921644355e-11 2.588796624151e-09 5.597661917907e-11 6.112424750689e-11 6.629943304246e-11 7.338639862403e-11 
8.366547303988e-12 2.050390262163e-11 3.036952512140e-11 3.941135780380e-11 4.796823745924e-11 5.597661917907e-11 2.601877209840e-09 7.032153339388e-11 7.719422081546e-11 8.652797831650e-11 
8.629840628345e-12 2.140890580197e-11 3.203353284141e-11 4.200237236186e-11 5.170809364063e-11 6.112424750689e-11 7.032153339388e-11 2.617923677689e-09 8.865458968911e-11 1.007439542752e-10 
8.897036751139e-12 2.232733643067e-11 3.372238148483e-11 4.463217898715e-11 5.549758680015e-11 6.629943304246e-11 7.719422081546e-11 8.865458968911e-11 2.639835914243e-09 1.176886010713e-10 
9.262927648348e-12 2.358503579407e-11 3.603514210029e-11 4.823387085045e-11 6.068909409473e-11 7.338639862403e-11 8.652797831650e-11 1.007439542752e-10 1.176886010713e-10 2.682960613586e-09 
