1.405007586920e-07 4.678675228691e-08 8.876304436655e-09 1.124185095793e-09 1.007017170983e-10 5.915282222434e-12 1.948809836678e-13 2.722509115912e-15 8.781637012188e-18 1.032953335604e-21 
4.678675228691e-08 1.375605841555e-07 6.175535182406e-08 1.833892866400e-08 3.407910954322e-09 3.991339931712e-10 2.656632932744e-11 7.835163947759e-13 5.733361823671e-15 1.794118018129e-18 
8.876304436655e-09 6.175535182406e-08 1.174119898351e-07 5.735205637064e-08 2.062834523802e-08 4.376789553854e-09 5.172164759597e-10 2.766263665579e-11 3.950923821539e-13 2.887427655625e-16 
1.124185095793e-09 1.833892866400e-08 5.735205637064e-08 1.022962285363e-07 5.014479846873e-08 1.911459547811e-08 3.950657001424e-09 3.698244249967e-10 9.781765115442e-12 1.579836229473e-14 
1.007017170983e-10 3.407910954322e-09 2.062834523802e-08 5.014479846873e-08 9.052662786300e-08 4.277572138563e-08 1.571441541939e-08 2.624108149478e-09 1.296167155945e-10 4.600217693663e-13 
5.915282222434e-12 3.991339931712e-10 4.376789553854e-09 1.911459547811e-08 4.277572138563e-08 8.124360428264e-08 3.550887530504e-08 1.106922586527e-08 1.075639983273e-09 8.808545089589e-12 
1.948809836678e-13 2.656632932744e-11 5.172164759597e-10 3.950657001424e-09 1.571441541939e-08 3.550887530504e-08 7.310853519484e-08 2.787101021942e-08 5.805219371761e-09 1.224761250244e-10 
2.722509115912e-15 7.835163947759e-13 2.766263665579e-11 3.698244249967e-10 2.624108149478e-09 1.106922586527e-08 2.787101021942e-08 6.576208525660e-08 1.915234886502e-08 1.261038045181e-09 
8.781637012188e-18 5.733361823671e-15 3.950923821539e-13 9.781765115442e-12 1.296167155945e-10 1.075639983273e-09 5.805219371761e-09 1.915234886502e-08 5.824047356595e-08 8.839240162113e-09 
1.032953335604e-21 1.794118018129e-18 2.887427655625e-16 1.579836229473e-14 4.600217693663e-13 8.808545089589e-12 1.224761250244e-10 1.261038045181e-09 8.839240162113e-09 4.616647127537e-08 
