7.902879759248e-08 2.329439383602e-08 4.629831436211e-09 6.054274519218e-10 5.548647378262e-11 3.309304565965e-12 1.104628113014e-13 1.550511625310e-15 5.004710916345e-18 5.804992549811e-22 
2.329439383602e-08 8.482337825831e-08 3.299934027365e-08 1.003670557653e-08 1.896426248047e-09 2.250442318778e-10 1.511413602960e-11 4.461001515268e-13 3.268613509894e-15 1.002845311515e-18 
4.629831436211e-09 3.299934027365e-08 7.687816075230e-08 3.179119341696e-08 1.157428861126e-08 2.481824427051e-09 2.945228136128e-10 1.575469689364e-11 2.249776649439e-13 1.606333762077e-16 
6.054274519218e-10 1.003670557653e-08 3.179119341696e-08 6.970388724613e-08 2.836026624459e-08 1.087677154764e-08 2.249566634403e-09 2.107541477414e-10 5.553238422409e-12 8.753234921590e-15 
5.548647378262e-11 1.896426248047e-09 1.157428861126e-08 2.836026624459e-08 6.365019103442e-08 2.435959196358e-08 8.949355280376e-09 1.495549646784e-09 7.322022148193e-11 2.539821357158e-13 
3.309304565965e-12 2.250442318778e-10 2.481824427051e-09 1.087677154764e-08 2.435959196358e-08 5.840608864923e-08 2.023910220286e-08 6.294910737299e-09 6.033749141889e-10 4.846623601695e-12 
1.104628113014e-13 1.511413602960e-11 2.945228136128e-10 2.249566634403e-09 8.949355280376e-09 2.023910220286e-08 5.377275383877e-08 1.574023252653e-08 3.228867524918e-09 6.708855466949e-11 
1.550511625310e-15 4.461001515268e-13 1.575469689364e-11 2.107541477414e-10 1.495549646784e-09 6.294910737299e-09 1.574023252653e-08 4.916666844554e-08 1.056379882395e-08 6.845706367970e-10 
5.004710916345e-18 3.268613509894e-15 2.249776649439e-13 5.553238422409e-12 7.322022148193e-11 6.033749141889e-10 3.228867524918e-09 1.056379882395e-08 4.458937001506e-08 4.687115927411e-09 
5.804992549811e-22 1.002845311515e-18 1.606333762077e-16 8.753234921590e-15 2.539821357158e-13 4.846623601695e-12 6.708855466949e-11 6.845706367970e-10 4.687115927411e-09 3.734245220790e-08 
