3.407852383139e-07 1.156161034475e-07 2.135836510747e-08 2.688072492651e-09 2.415053413086e-10 1.433249543559e-11 4.824539193619e-13 6.947288894059e-15 2.341686091603e-17 2.959481250515e-21 
1.156161034475e-07 2.921558872282e-07 1.477484818279e-07 4.391346503353e-08 8.218273711566e-09 9.780189181565e-10 6.672760693301e-11 2.029777859594e-12 1.554178298530e-14 5.198628761918e-18 
2.135836510747e-08 1.477484818279e-07 2.416978580030e-07 1.379377486449e-07 5.017872859835e-08 1.085753618472e-08 1.316021225996e-09 7.269066133239e-11 1.086964330572e-12 8.457366110852e-16 
2.688072492651e-09 4.391346503353e-08 1.379377486449e-07 2.080187000256e-07 1.235950875329e-07 4.809916744358e-08 1.019279932241e-08 9.865657839898e-10 2.729425470980e-11 4.679440763979e-14 
2.415053413086e-10 8.218273711566e-09 5.017872859835e-08 1.235950875329e-07 1.844642446695e-07 1.094303764911e-07 4.122693859909e-08 7.121376221610e-09 3.669402833359e-10 1.379411591272e-12 
1.433249543559e-11 9.780189181565e-10 1.085753618472e-08 4.809916744358e-08 1.094303764911e-07 1.666477508721e-07 9.513829599232e-08 3.064526575642e-08 3.094462267716e-09 2.679752669557e-11 
4.824539193619e-13 6.672760693301e-11 1.316021225996e-09 1.019279932241e-08 4.122693859909e-08 9.513829599232e-08 1.516575437134e-07 7.894098864147e-08 1.703130657244e-08 3.795887578949e-10 
6.947288894059e-15 2.029777859594e-12 7.269066133239e-11 9.865657839898e-10 7.121376221610e-09 3.064526575642e-08 7.894098864147e-08 1.374491577315e-07 5.771149209748e-08 4.011676576779e-09 
2.341686091603e-17 1.554178298530e-14 1.086964330572e-12 2.729425470980e-11 3.669402833359e-10 3.094462267716e-09 1.703130657244e-08 5.771149209748e-08 1.224460636555e-07 2.916064076112e-08 
2.959481250515e-21 5.198628761918e-18 8.457366110852e-16 4.679440763979e-14 1.379411591272e-12 2.679752669557e-11 3.795887578949e-10 4.011676576779e-09 2.916064076112e-08 9.039536168721e-08 
