2.104991007565e-07 7.122520729294e-08 1.322880684095e-08 1.657527267213e-09 1.477919814092e-10 8.676434029412e-12 2.873649628525e-13 4.039165628857e-15 1.324758130941e-17 1.591313024957e-21 
7.122520729294e-08 1.916807418481e-07 9.125329633654e-08 2.694731284318e-08 4.997195660933e-09 5.870113268827e-10 3.929001763340e-11 1.167702377646e-12 8.709197949935e-15 2.770197646707e-18 
1.322880684095e-08 9.125329633654e-08 1.593601489454e-07 8.411227620602e-08 3.028387910082e-08 6.456275038002e-09 7.669577111461e-10 4.146290031765e-11 6.032607035655e-13 4.471092211279e-16 
1.657527267213e-09 2.694731284318e-08 8.411227620602e-08 1.369216451680e-07 7.385701186140e-08 2.828020671762e-08 5.880523744336e-09 5.579598321643e-10 1.499220903292e-11 2.455659607323e-14 
1.477919814092e-10 4.997195660933e-09 3.028387910082e-08 7.385701186140e-08 1.203461235948e-07 6.351143356004e-08 2.353783196224e-08 3.987000671478e-09 1.992574009018e-10 7.186224649151e-13 
8.676434029412e-12 5.870113268827e-10 6.456275038002e-09 2.828020671762e-08 6.351143356004e-08 1.074818815429e-07 5.367458001272e-08 1.692998443990e-08 1.658694729851e-09 1.385063247410e-11 
2.873649628525e-13 3.929001763340e-11 7.669577111461e-10 5.880523744336e-09 2.353783196224e-08 5.367458001272e-08 9.674501831875e-08 4.284778612726e-08 8.996920741481e-09 1.942975555988e-10 
4.039165628857e-15 1.167702377646e-12 4.146290031765e-11 5.579598321643e-10 3.987000671478e-09 1.692998443990e-08 4.284778612726e-08 8.626547986760e-08 2.998892168195e-08 2.025119467670e-09 
1.324758130941e-17 8.709197949935e-15 6.032607035655e-13 1.499220903292e-11 1.992574009018e-10 1.658694729851e-09 8.996920741481e-09 2.998892168195e-08 7.612867427553e-08 1.441199166440e-08 
1.591313024957e-21 2.770197646707e-18 4.471092211279e-16 2.455659607323e-14 7.186224649151e-13 1.385063247410e-11 1.942975555988e-10 2.025119467670e-09 1.441199166440e-08 5.820986995849e-08 
