5.787143295209e-08 1.428611633331e-08 2.926045303347e-09 3.920158976729e-10 3.664737496005e-11 2.224030988033e-12 7.514528896769e-14 1.070982558106e-15 3.487218217753e-18 4.090904404367e-22 
1.428611633331e-08 6.380410039822e-08 2.124018058009e-08 6.586156172922e-09 1.266779444684e-09 1.523246502100e-10 1.035708431889e-11 3.097376195412e-13 2.279795115557e-15 7.078879312400e-19 
2.926045303347e-09 2.124018058009e-08 6.005676869348e-08 2.113896495460e-08 7.799966720270e-09 1.690137439689e-09 2.031190259290e-10 1.096449211648e-11 1.571995053634e-13 1.134299990345e-16 
3.920158976729e-10 6.586156172922e-09 2.113896495460e-08 5.612480554175e-08 1.925352187409e-08 7.460094433922e-09 1.559738182917e-09 1.468518629836e-10 3.890550527036e-12 6.175643911108e-15 
3.664737496005e-11 1.266779444684e-09 7.799966720270e-09 1.925352187409e-08 5.247111612083e-08 1.684008359303e-08 6.227015821415e-09 1.043411030086e-09 5.146057133346e-11 1.788317682615e-13 
2.224030988033e-12 1.523246502100e-10 1.690137439689e-09 7.460094433922e-09 1.684008359303e-08 4.920461177704e-08 1.410611333428e-08 4.403649169393e-09 4.253439974690e-10 3.402547318405e-12 
7.514528896769e-14 1.035708431889e-11 2.031190259290e-10 1.559738182917e-09 6.227015821415e-09 1.410611333428e-08 4.607008367911e-08 1.106428284646e-08 2.278744747788e-09 4.693642472198e-11 
1.070982558106e-15 3.097376195412e-13 1.096449211648e-11 1.468518629836e-10 1.043411030086e-09 4.403649169393e-09 1.106428284646e-08 4.299840796321e-08 7.430153865696e-09 4.776579114807e-10 
3.487218217753e-18 2.279795115557e-15 1.571995053634e-13 3.890550527036e-12 5.146057133346e-11 4.253439974690e-10 2.278744747788e-09 7.430153865696e-09 3.965460627519e-08 3.270746194622e-09 
4.090904404367e-22 7.078879312400e-19 1.134299990345e-16 6.175643911108e-15 1.788317682615e-13 3.402547318405e-12 4.693642472198e-11 4.776579114807e-10 3.270746194622e-09 3.450535174990e-08 
