1.106536057925e-07 3.575161901579e-08 6.902070066281e-09 8.839419864796e-10 7.975853181785e-11 4.706891850581e-12 1.554517038390e-13 2.172259633870e-15 6.985448479285e-18 8.142105250228e-22 
3.575161901579e-08 1.130085657814e-07 4.843139056663e-08 1.449388901441e-08 2.707559935815e-09 3.181078586905e-10 2.120041366881e-11 6.246638655504e-13 4.553719356406e-15 1.411041481466e-18 
6.902070066281e-09 4.843139056663e-08 9.864066965976e-08 4.551100026433e-08 1.642480374130e-08 3.491390180254e-09 4.126924222771e-10 2.203124314582e-11 3.133090699897e-13 2.265773506689e-16 
8.839419864796e-10 1.449388901441e-08 4.551100026433e-08 8.717521389607e-08 3.998583042417e-08 1.525368338180e-08 3.150392113842e-09 2.941654273976e-10 7.743164626755e-12 1.236747464208e-14 
7.975853181785e-11 2.707559935815e-09 1.642480374130e-08 3.998583042417e-08 7.793726019964e-08 3.412550446643e-08 1.251692847195e-08 2.083899346488e-09 1.023795517573e-10 3.591901356971e-13 
4.706891850581e-12 3.181078586905e-10 3.491390180254e-09 1.525368338180e-08 3.412550446643e-08 7.046796589676e-08 2.823357756155e-08 8.771062677611e-09 8.471598427574e-10 6.857534643866e-12 
1.554517038390e-13 2.120041366881e-11 4.126924222771e-10 3.150392113842e-09 1.251692847195e-08 2.823357756155e-08 6.381575722732e-08 2.201240907008e-08 4.553895634129e-09 9.499792004977e-11 
2.172259633870e-15 6.246638655504e-13 2.203124314582e-11 2.941654273976e-10 2.083899346488e-09 8.771062677611e-09 2.201240907008e-08 5.771899139009e-08 1.494019377663e-08 9.729661165137e-10 
6.985448479285e-18 4.553719356406e-15 3.133090699897e-13 7.743164626755e-12 1.023795517573e-10 8.471598427574e-10 4.553895634129e-09 1.494019377663e-08 5.144545275712e-08 6.758633604284e-09 
8.142105250228e-22 1.411041481466e-18 2.265773506689e-16 1.236747464208e-14 3.591901356971e-13 6.857534643866e-12 9.499792004977e-11 9.729661165137e-10 6.758633604284e-09 4.171234187843e-08 
