1.941123259280e-06 8.107400545304e-07 1.645652021787e-07 2.276997194371e-08 2.182088791696e-09 1.332370899465e-10 4.549903802281e-12 6.731550687759e-14 2.394164698855e-16 3.253156275580e-20 
8.107400545304e-07 2.026036419949e-06 1.221431911764e-06 3.898033712842e-07 7.578131922050e-08 9.166529287852e-09 6.363433094671e-10 2.003165588379e-11 1.619069960669e-13 5.762630603912e-17 
1.645652021787e-07 1.221431911764e-06 1.907520781401e-06 1.262847307966e-06 4.679581507795e-07 1.025672110311e-07 1.271502570631e-08 7.301726725496e-10 1.150437555498e-11 9.438698051302e-15 
2.276997194371e-08 3.898033712842e-07 1.262847307966e-06 1.701919505289e-06 1.162674928228e-06 4.595215811131e-07 1.000938308303e-07 1.009088647567e-08 2.930070397465e-10 5.252055936722e-13 
2.182088791696e-09 7.578131922050e-08 4.679581507795e-07 1.162674928228e-06 1.516181030857e-06 1.063684482119e-06 4.132951777341e-07 7.427360877222e-08 3.992147588573e-09 1.555329787775e-11 
1.332370899465e-10 9.166529287852e-09 1.025672110311e-07 4.595215811131e-07 1.063684482119e-06 1.407397772106e-06 9.780546942723e-07 3.264237611327e-07 3.411036151351e-08 3.031428757548e-10 
4.549903802281e-12 6.363433094671e-10 1.271502570631e-08 1.000938308303e-07 4.132951777341e-07 9.780546942723e-07 1.333847520625e-06 8.592366866988e-07 1.901358332212e-07 4.298505575965e-09 
6.731550687759e-14 2.003165588379e-11 7.301726725496e-10 1.009088647567e-08 7.427360877222e-08 3.264237611327e-07 8.592366866988e-07 1.241735763544e-06 6.511547294931e-07 4.524633111200e-08 
2.394164698855e-16 1.619069960669e-13 1.150437555498e-11 2.930070397465e-10 3.992147588573e-09 3.411036151351e-08 1.901358332212e-07 6.511547294931e-07 1.093217311660e-06 3.238911705344e-07 
3.253156275580e-20 5.762630603912e-17 9.438698051302e-15 5.252055936722e-13 1.555329787775e-11 3.031428757548e-10 4.298505575965e-09 4.524633111200e-08 3.238911705344e-07 6.946185046871e-07 
