3.7361242084528461e-06 1.5748020776103126e-06 3.1464398462811312e-07 4.3430545894171897e-08 4.2169911581923491e-09 2.6268181310257882e-10 9.0090814309256620e-12 1.2910249444521527e-13 4.2508178754746746e-16 5.1467170036336204e-20 
1.5748020776103126e-06 3.8550654539800990e-06 2.3285802036055700e-06 7.4897410419863635e-07 1.4832594255537828e-07 1.8165941136929410e-08 1.2458084159362383e-09 3.7438663584386765e-11 2.7954244857127969e-13 8.9770402924187707e-17 
3.1464398462811312e-07 2.3285802036055700e-06 3.6312513188587352e-06 2.4584996334018770e-06 9.2478699348402402e-07 2.0269389858246607e-07 2.4477259044185759e-08 1.3303455389667770e-09 1.9384859034823821e-11 1.4511469954761569e-14 
4.3430545894171897e-08 7.4897410419863635e-07 2.4584996334018770e-06 3.3307033467622638e-06 2.3035136451724054e-06 8.9761268632282115e-07 1.8839060601971917e-07 1.7904650868112181e-08 4.8264125728592769e-10 7.9803113306570782e-13 
4.2169911581923491e-09 1.4832594255537828e-07 9.2478699348402402e-07 2.3035136451724054e-06 2.9462229288880908e-06 2.0309205438000328e-06 7.5519057528777690e-07 1.2799951576159434e-07 6.4301832631583591e-09 2.3379376415231183e-11 
2.6268181310257882e-10 1.8165941136929410e-08 2.0269389858246607e-07 8.9761268632282115e-07 2.0309205438000328e-06 2.5712827138956909e-06 1.7224301994141438e-06 5.4446084045472950e-07 5.3680068643169815e-08 4.5107905012008503e-10 
9.0090814309256620e-12 1.2458084159362383e-09 2.4477259044185759e-08 1.8839060601971917e-07 7.5519057528777690e-07 1.7224301994141438e-06 2.2306389252101810e-06 1.3828809510894744e-06 2.9202139980289436e-07 6.3342209869034057e-09 
1.2910249444521527e-13 3.7438663584386765e-11 1.3303455389667770e-09 1.7904650868112181e-08 1.2799951576159434e-07 5.4446084045472950e-07 1.3828809510894744e-06 1.9105406254013670e-06 9.7593012980001920e-07 6.6079035145564624e-08 
4.2508178754746746e-16 2.7954244857127969e-13 1.9384859034823821e-11 4.8264125728592769e-10 6.4301832631583591e-09 5.3680068643169815e-08 2.9202139980289436e-07 9.7593012980001920e-07 1.5911570079906054e-06 4.7035306149004812e-07 
5.1467170036336204e-20 8.9770402924187707e-17 1.4511469954761569e-14 7.9803113306570782e-13 2.3379376415231183e-11 4.5107905012008503e-10 6.3342209869034057e-09 6.6079035145564624e-08 4.7035306149004812e-07 1.0030212357121775e-06 
