9.974161721911e-08 3.155612817355e-08 6.143753224132e-09 7.913715019999e-10 7.171731455056e-11 4.240506467657e-12 1.405816439578e-13 1.963440062303e-15 6.317950138006e-18 7.337421658657e-22 
3.155612817355e-08 1.035910113379e-07 4.329462683147e-08 1.301725256477e-08 2.437566684853e-09 2.871885466577e-10 1.918316327097e-11 5.640482207271e-13 4.125257297905e-15 1.268520450482e-18 
6.143753224132e-09 4.329462683147e-08 9.142835472458e-08 4.095451375319e-08 1.480804150515e-08 3.157428261931e-09 3.731172040114e-10 1.990147981130e-11 2.839618500019e-13 2.033648175393e-16 
7.913715019999e-10 1.301725256477e-08 4.095451375319e-08 8.134834957015e-08 3.613329485659e-08 1.380117416831e-08 2.845511068581e-09 2.660704019326e-10 7.011309056637e-12 1.109348938714e-14 
7.171731455056e-11 2.437566684853e-09 1.480804150515e-08 3.613329485659e-08 7.320629951027e-08 3.083940149046e-08 1.130602034212e-08 1.887592725474e-09 9.249468970014e-11 3.223140469932e-13 
4.240506467657e-12 2.871885466577e-10 3.157428261931e-09 1.380117416831e-08 3.083940149046e-08 6.637041157526e-08 2.554817286964e-08 7.946321664919e-09 7.628783671906e-10 6.161262430438e-12 
1.405816439578e-13 1.918316327097e-11 3.731172040114e-10 2.845511068581e-09 1.130602034212e-08 2.554817286964e-08 6.047632368255e-08 1.988412139903e-08 4.088596133834e-09 8.549506797350e-11 
1.963440062303e-15 5.640482207271e-13 1.990147981130e-11 2.660704019326e-10 1.887592725474e-09 7.946321664919e-09 1.988412139903e-08 5.472862168251e-08 1.341396409491e-08 8.757240901722e-10 
6.317950138006e-18 4.125257297905e-15 2.839618500019e-13 7.011309056637e-12 9.249468970014e-11 7.628783671906e-10 4.088596133834e-09 1.341396409491e-08 4.912140171029e-08 6.035439885516e-09 
7.337421658657e-22 1.268520450482e-18 2.033648175393e-16 1.109348938714e-14 3.223140469932e-13 6.161262430438e-12 8.549506797350e-11 8.757240901722e-10 6.035439885516e-09 4.012972427927e-08 
