7.7098838512014793e-07 2.8368395264034828e-07 5.5203069482058282e-08 7.3050081559140105e-09 6.9073673214885925e-10 4.2911484305854633e-11 1.4965413164707137e-12 2.2546137633098342e-14 8.0515303876068608e-17 1.0380927988255236e-20 
2.8368395264034828e-07 7.0391408127628032e-07 3.9614391316459232e-07 1.2346267323347151e-07 2.4212106950423893e-08 2.9893945108958662e-09 2.1127955261728066e-10 6.7444702498659406e-12 5.4056284346742043e-14 1.8221339474734411e-17 
5.5203069482058282e-08 3.9614391316459232e-07 6.2408410871634777e-07 4.0154032074183990e-07 1.5142678703329911e-07 3.3779735864955543e-08 4.2518055604394733e-09 2.4607686751402376e-10 3.8034001276575558e-12 2.9644202635854167e-15 
7.3050081559140105e-09 1.2346267323347151e-07 4.0154032074183990e-07 5.6826466568402195e-07 3.8110562723708904e-07 1.5273179153410221e-07 3.3653721720700417e-08 3.3906527515005314e-09 9.5755868613282182e-11 1.6423172058156514e-13 
6.9073673214885925e-10 2.4212106950423893e-08 1.5142678703329911e-07 3.8110562723708904e-07 5.2170067438373391e-07 3.5658173928834234e-07 1.3927924796688028e-07 2.4766465132965939e-08 1.2878965982728475e-09 4.8556595936279467e-12 
4.2911484305854633e-11 2.9893945108958662e-09 3.3779735864955543e-08 1.5273179153410221e-07 3.5658173928834234e-07 4.9298490904386443e-07 3.2819346726313328e-07 1.0736138412854157e-07 1.0852921315181518e-08 9.4829617254804408e-11 
1.4965413164707137e-12 2.1127955261728066e-10 4.2518055604394733e-09 3.3653721720700417e-08 1.3927924796688028e-07 3.2819346726313328e-07 4.5996560281889016e-07 2.7704660745186988e-07 5.9737944200501153e-08 1.3553007723111989e-09 
2.2546137633098342e-14 6.7444702498659406e-12 2.4607686751402376e-10 3.3906527515005314e-09 2.4766465132965939e-08 1.0736138412854157e-07 2.7704660745186988e-07 4.1119645741784833e-07 2.0359086503142341e-07 1.4545207994694635e-08 
8.0515303876068608e-17 5.4056284346742043e-14 3.8034001276575558e-12 9.5755868613282182e-11 1.2878965982728475e-09 1.0852921315181518e-08 5.9737944200501153e-08 2.0359086503142341e-07 3.6717276555072176e-07 1.0856811219728225e-07 
1.0380927988255236e-20 1.8221339474734411e-17 2.9644202635854167e-15 1.6423172058156514e-13 4.8556595936279467e-12 9.4829617254804408e-11 1.3553007723111989e-09 1.4545207994694635e-08 1.0856811219728225e-07 2.6750375583129057e-07 
