9.077751638660e-08 2.804212691697e-08 5.502966865348e-09 7.128154690423e-10 6.487556009664e-11 3.850057198334e-12 1.277222192930e-13 1.791144763030e-15 5.753572240159e-18 6.699778792130e-22 
2.804212691697e-08 9.564019096983e-08 3.894846778212e-08 1.175759101946e-08 2.210702655855e-09 2.608406811749e-10 1.745872216399e-11 5.149264192218e-13 3.751790325343e-15 1.158851470512e-18 
5.502966865348e-09 3.894846778212e-08 8.527570046072e-08 3.710600655395e-08 1.344707939423e-08 2.869505090321e-09 3.402011391531e-10 1.815159759928e-11 2.582567608326e-13 1.856755992155e-16 
7.128154690423e-10 1.175759101946e-08 3.710600655395e-08 7.645828419184e-08 3.282462594121e-08 1.256357579875e-08 2.597207374491e-09 2.423147720072e-10 6.383273074238e-12 1.011177105398e-14 
6.487556009664e-11 2.210702655855e-09 1.344707939423e-08 3.282462594121e-08 6.914926501672e-08 2.813619230720e-08 1.031341319910e-08 1.717026475633e-09 8.434095778177e-11 2.930268971438e-13 
3.850057198334e-12 2.608406811749e-10 2.869505090321e-09 1.256357579875e-08 2.813619230720e-08 6.303363669924e-08 2.325705820155e-08 7.230316415999e-09 6.965371090419e-10 5.583227456919e-12 
1.277222192930e-13 1.745872216399e-11 3.402011391531e-10 2.597207374491e-09 1.031341319910e-08 2.325705820155e-08 5.755758694050e-08 1.813304163691e-08 3.730738897294e-09 7.722228615701e-11 
1.791144763030e-15 5.149264192218e-13 1.815159759928e-11 2.423147720072e-10 1.717026475633e-09 7.230316415999e-09 1.813304163691e-08 5.242348428805e-08 1.218182173454e-08 7.898567187407e-10 
5.753572240159e-18 3.751790325343e-15 2.582567608326e-13 6.383273074238e-12 8.434095778177e-11 6.965371090419e-10 3.730738897294e-09 1.218182173454e-08 4.708709246394e-08 5.460628042573e-09 
6.699778792130e-22 1.158851470512e-18 1.856755992155e-16 1.011177105398e-14 2.930268971438e-13 5.583227456919e-12 7.722228615701e-11 7.898567187407e-10 5.460628042573e-09 3.894183016060e-08 
