8.9635860534505468e-08 2.7604134858759046e-08 5.4234944788716214e-09 7.0304968846260525e-10 6.3999872011541912e-11 3.7985148431971250e-12 1.2611717283786929e-13 1.7660511200428746e-15 5.6813352746771384e-18 6.5939980097269346e-22 
2.7604134858759046e-08 9.4655429018390611e-08 3.8405921122185235e-08 1.1599683577935225e-08 2.1807247817366348e-09 2.5750626641040109e-10 1.7228387774426575e-11 5.0774189111543480e-13 3.7057069179936023e-15 1.1402189398750443e-18 
5.4234944788716214e-09 3.8405921122185235e-08 8.4508902966437429e-08 3.6602349014311027e-08 1.3270043604656504e-08 2.8330633924056734e-09 3.3550003389894623e-10 1.7910202753165609e-11 2.5495225721078324e-13 1.8273421534586422e-16 
7.0304968846260525e-10 1.1599683577935225e-08 3.6602349014311027e-08 7.5816469031286223e-08 3.2409574352329952e-08 1.2396825708294174e-08 2.5609061044004081e-09 2.3925233044834561e-10 6.2952532036319918e-12 9.9583049593517930e-15 
6.3999872011541912e-11 2.1807247817366348e-09 1.3270043604656504e-08 3.2409574352329952e-08 6.8613873938178428e-08 2.7742614449180267e-08 1.0175313676010934e-08 1.6956751091846559e-09 8.3082503339331268e-11 2.8885660263177024e-13 
3.7985148431971250e-12 2.5750626641040109e-10 2.8330633924056734e-09 1.2396825708294174e-08 2.7742614449180267e-08 6.2558711657026313e-08 2.2966725501151422e-08 7.1346164267328661e-09 6.8555257070304567e-10 5.5092660217411250e-12 
1.2611717283786929e-13 1.7228387774426575e-11 3.3550003389894623e-10 2.5609061044004081e-09 1.0175313676010934e-08 2.2966725501151422e-08 5.7181385411768128e-08 1.7861508899639586e-08 3.6724787693660134e-09 7.6239414223236231e-11 
1.7660511200428746e-15 5.0774189111543480e-13 1.7910202753165609e-11 2.3925233044834561e-10 1.6956751091846559e-09 7.1346164267328661e-09 1.7861508899639586e-08 5.2039485838599523e-08 1.2011908013431420e-08 7.7887430421030914e-10 
5.6813352746771384e-18 3.7057069179936023e-15 2.5495225721078324e-13 6.2952532036319918e-12 8.3082503339331268e-11 6.8555257070304567e-10 3.6724787693660134e-09 1.2011908013431420e-08 4.6834832647275369e-08 5.3629371388084287e-09 
6.5939980097269346e-22 1.1402189398750443e-18 1.8273421534586422e-16 9.9583049593517930e-15 2.8885660263177024e-13 5.5092660217411250e-12 7.6239414223236231e-11 7.7887430421030914e-10 5.3629371388084287e-09 3.8747205313419441e-08 
