1.031211755275e-07 3.286636721465e-08 6.381502115396e-09 8.204962723718e-10 7.423036490849e-11 4.386641065113e-12 1.452694598077e-13 2.027498313289e-15 6.530870053750e-18 7.576884516841e-22 
3.286636721465e-08 1.065427019864e-07 4.490839912916e-08 1.348072425241e-08 2.521813068427e-09 2.969503998914e-10 1.980888886877e-11 5.828444445067e-13 4.261548578844e-15 1.311254344794e-18 
6.381502115396e-09 4.490839912916e-08 9.369513930908e-08 4.237538314994e-08 1.531620945735e-08 3.262396366390e-09 3.852907430138e-10 2.057251885267e-11 2.931416911427e-13 2.104462089562e-16 
8.204962723718e-10 1.348072425241e-08 4.237538314994e-08 8.317604352549e-08 3.734938916448e-08 1.425119832445e-08 2.939743334266e-09 2.750095929881e-10 7.235184795259e-12 1.149046993550e-14 
7.423036490849e-11 2.521813068427e-09 1.531620945735e-08 3.734938916448e-08 7.467746031940e-08 3.184970741486e-08 1.168677758164e-08 1.949832574974e-09 9.546285428393e-11 3.340339202581e-13 
4.386641065113e-12 2.969503998914e-10 3.262396366390e-09 1.425119832445e-08 3.184970741486e-08 6.765197686508e-08 2.640381728941e-08 8.201732429841e-09 7.880935291134e-10 6.385546943954e-12 
1.452694598077e-13 1.980888886877e-11 3.852907430138e-10 2.939743334266e-09 1.168677758164e-08 2.640381728941e-08 6.152101949525e-08 2.052276492348e-08 4.231037424692e-09 8.855449807469e-11 
2.027498313289e-15 5.828444445067e-13 2.057251885267e-11 2.750095929881e-10 1.949832574974e-09 8.201732429841e-09 2.052276492348e-08 5.563305643795e-08 1.390004705342e-08 9.060152387123e-10 
6.530870053750e-18 4.261548578844e-15 2.931416911427e-13 7.235184795259e-12 9.546285428393e-11 7.880935291134e-10 4.231037424692e-09 1.390004705342e-08 4.985715581489e-08 6.244960861767e-09 
7.576884516841e-22 1.311254344794e-18 2.104462089562e-16 1.149046993550e-14 3.340339202581e-13 6.385546943954e-12 8.855449807469e-11 9.060152387123e-10 6.244960861767e-09 4.061101631276e-08 
