3.1098552619992342e-07 1.0524180237522148e-07 1.9409432806184602e-08 2.4364862149844895e-09 2.1883105490644487e-10 1.2985123172812928e-11 4.3593931273071232e-13 6.2496375708109884e-15 2.0949401681859724e-17 2.6257853707846244e-21 
1.0524180237522148e-07 2.6817725780947451e-07 1.3400368321249487e-07 3.9784537538714877e-08 7.4474366083052307e-09 8.8492686661473003e-10 6.0168395807280607e-11 1.8220275366692843e-12 1.3881539350456405e-14 4.6069404856983462e-18 
1.9409432806184602e-08 1.3400368321249487e-07 2.2162171138411786e-07 1.2500187411546818e-07 4.5441959028114745e-08 9.8077562166157781e-09 1.1843776469247014e-09 6.5135878053414431e-11 9.6933702098978021e-13 7.4891485916995739e-16 
2.4364862149844895e-09 3.9784537538714877e-08 1.2500187411546818e-07 1.9108450772755363e-07 1.1174477693637557e-07 4.3359275915746228e-08 9.1548772370430806e-09 8.8259157283971829e-10 2.4299409704618483e-11 4.1420487875624816e-14 
2.1883105490644487e-10 7.4474366083052307e-09 4.5441959028114745e-08 1.1174477693637557e-07 1.6914087578866157e-07 9.8405560101842325e-08 3.6949370161252039e-08 6.3597406474837914e-09 3.2607164380932880e-10 1.2206986353245762e-12 
1.2985123172812928e-11 8.8492686661473003e-10 9.8077562166157781e-09 4.3359275915746228e-08 9.8405560101842325e-08 1.5235858591561424e-07 8.5073790171688844e-08 2.7308263478621601e-08 2.7445622700696534e-09 2.3703966125409293e-11 
4.3593931273071232e-13 6.0168395807280607e-11 1.1843776469247014e-09 9.1548772370430806e-09 3.6949370161252039e-08 8.5073790171688844e-08 1.3830379063272196e-07 7.0143078784227188e-08 1.5082309784626691e-08 3.3532975749100743e-10 
6.2496375708109884e-15 1.8220275366692843e-12 6.5135878053414431e-11 8.8259157283971829e-10 6.3597406474837914e-09 2.7308263478621601e-08 7.0143078784227188e-08 1.2499908268442025e-07 5.1060905700816210e-08 3.5312003609054996e-09 
2.0949401681859724e-17 1.3881539350456405e-14 9.6933702098978021e-13 2.4299409704618483e-11 3.2607164380932880e-10 2.7445622700696534e-09 1.5082309784626691e-08 5.1060905700816210e-08 1.1130729483586102e-07 2.5508534428091048e-08 
2.6257853707846244e-21 4.6069404856983462e-18 7.4891485916995739e-16 4.1420487875624816e-14 1.2206986353245762e-12 2.3703966125409293e-11 3.3532975749100743e-10 3.5312003609054996e-09 2.5508534428091048e-08 8.2677925486379699e-08 
