1.290154912653e-07 4.259013135998e-08 8.128102462499e-09 1.033206779235e-09 9.277083357808e-11 5.452372299100e-12 1.800167906468e-13 2.509214493247e-15 8.091054869768e-18 9.458312571363e-22 
4.259013135998e-08 1.282531190010e-07 5.670415192868e-08 1.688550319647e-08 3.140491274970e-09 3.683514530107e-10 2.452973137404e-11 7.211701198633e-13 5.287895744923e-15 1.638795643432e-18 
8.128102462499e-09 5.670415192868e-08 1.103177770956e-07 5.284671660222e-08 1.902195064775e-08 4.042430174757e-09 4.768867694401e-10 2.546498410195e-11 3.643350036420e-13 2.633577643361e-16 
1.033206779235e-09 1.688550319647e-08 5.284671660222e-08 9.651022299638e-08 4.630064020171e-08 1.764625792468e-08 3.637649525829e-09 3.407459482792e-10 9.006545690641e-12 1.440326300466e-14 
9.277083357808e-11 3.140491274970e-09 1.902195064775e-08 4.630064020171e-08 8.575701334866e-08 3.941546114582e-08 1.446526211394e-08 2.419783354799e-09 1.190195449084e-10 4.196237234965e-13 
5.452372299100e-12 3.683514530107e-10 4.042430174757e-09 1.764625792468e-08 3.941546114582e-08 7.702103659200e-08 3.272671792146e-08 1.020074646849e-08 9.842381539924e-10 8.045155361781e-12 
1.800167906468e-13 2.452973137404e-11 4.768867694401e-10 3.637649525829e-09 1.446526211394e-08 3.272671792146e-08 6.960909005915e-08 2.558814000003e-08 5.296679183402e-09 1.120216482327e-10 
2.509214493247e-15 7.211701198633e-13 2.546498410195e-11 3.407459482792e-10 2.419783354799e-09 1.020074646849e-08 2.558814000003e-08 6.250182853967e-08 1.747988216988e-08 1.152828718691e-09 
8.091054869768e-18 5.287895744923e-15 3.643350036420e-13 9.006545690641e-12 1.190195449084e-10 9.842381539924e-10 5.296679183402e-09 1.747988216988e-08 5.566998925267e-08 8.011649193498e-09 
9.458312571363e-22 1.638795643432e-18 2.633577643361e-16 1.440326300466e-14 4.196237234965e-13 8.045155361781e-12 1.120216482327e-10 1.152828718691e-09 8.011649193498e-09 4.433308995361e-08 
