4.067676043330e-07 1.387749037487e-07 2.571634074764e-08 3.250046825843e-09 2.949233377465e-10 1.772189947158e-11 6.032787231777e-13 8.785850750447e-15 2.997379060854e-17 3.852835648772e-21 
1.387749037487e-07 3.458325133094e-07 1.783713750685e-07 5.341896104874e-08 1.011465699688e-08 1.217254953936e-09 8.390519186772e-11 2.579372820982e-12 1.996301229971e-14 6.787142028532e-18 
2.571634074764e-08 1.783713750685e-07 2.875106046107e-07 1.692110039546e-07 6.219863631364e-08 1.358711760764e-08 1.662554818626e-09 9.272502462681e-11 1.400703833337e-12 1.106765569627e-15 
3.250046825843e-09 5.341896104874e-08 1.692110039546e-07 2.507608346651e-07 1.542524144195e-07 6.052212976908e-08 1.293582755148e-08 1.262877011126e-09 3.529089627730e-11 6.135469002796e-14 
2.949233377465e-10 1.011465699688e-08 6.219863631364e-08 1.542524144195e-07 2.245595273139e-07 1.385029423303e-07 5.256774723602e-08 9.149764095376e-09 4.761972331091e-10 1.811300673014e-12 
1.772189947158e-11 1.217254953936e-09 1.358711760764e-08 6.052212976908e-08 1.385029423303e-07 2.045007057618e-07 1.219000131616e-07 3.954995988419e-08 4.032405584098e-09 3.522549817190e-11 
6.032787231777e-13 8.390519186772e-11 1.662554818626e-09 1.293582755148e-08 5.256774723602e-08 1.219000131616e-07 1.872708786252e-07 1.024608918008e-07 2.228941801877e-08 4.993711354278e-10 
8.785850750447e-15 2.579372820982e-12 9.272502462681e-11 1.262877011126e-09 9.149764095376e-09 3.954995988419e-08 1.024608918008e-07 1.709347898615e-07 7.579703086125e-08 5.284619000480e-09 
2.997379060854e-17 1.996301229971e-14 1.400703833337e-12 3.529089627730e-11 4.761972331091e-10 4.032405584098e-09 2.228941801877e-08 7.579703086125e-08 1.522531219357e-07 3.864071678941e-08 
3.852835648772e-21 6.787142028532e-18 1.106765569627e-15 6.135469002796e-14 1.811300673014e-12 3.522549817190e-11 4.993711354278e-10 5.284619000480e-09 3.864071678941e-08 1.117332769184e-07 
