4.067676043330e-07 1.387749037487e-07 2.571634074764e-08 3.250046825843e-09 2.949233377465e-10 1.772189947158e-11 6.032787231777e-13 8.785850750447e-15 2.997379060856e-17 3.852835671996e-21 
1.387749037487e-07 3.458325133094e-07 1.783713750685e-07 5.341896104874e-08 1.011465699688e-08 1.217254953936e-09 8.390519186772e-11 2.579372820982e-12 1.996301229984e-14 6.787142171563e-18 
2.571634074764e-08 1.783713750685e-07 2.875106046107e-07 1.692110039546e-07 6.219863631364e-08 1.358711760764e-08 1.662554818626e-09 9.272502462681e-11 1.400703833405e-12 1.106765646760e-15 
3.250046825843e-09 5.341896104874e-08 1.692110039546e-07 2.507608346651e-07 1.542524144195e-07 6.052212976908e-08 1.293582755148e-08 1.262877011127e-09 3.529089628925e-11 6.135470386963e-14 
2.949233377465e-10 1.011465699688e-08 6.219863631364e-08 1.542524144195e-07 2.245595273139e-07 1.385029423303e-07 5.256774723602e-08 9.149764095441e-09 4.761972342183e-10 1.811301986681e-12 
1.772189947158e-11 1.217254953936e-09 1.358711760764e-08 6.052212976908e-08 1.385029423303e-07 2.045007057618e-07 1.219000131617e-07 3.954995988811e-08 4.032405652094e-09 3.522558121809e-11 
6.032787231777e-13 8.390519186772e-11 1.662554818626e-09 1.293582755148e-08 5.256774723602e-08 1.219000131617e-07 1.872708786304e-07 1.024608919770e-07 2.228942114118e-08 4.993751302605e-10 
8.785850750447e-15 2.579372820982e-12 9.272502462681e-11 1.262877011127e-09 9.149764095441e-09 3.954995988811e-08 1.024608919770e-07 1.709347958689e-07 7.579714144022e-08 5.284772800460e-09 
2.997379060856e-17 1.996301229984e-14 1.400703833405e-12 3.529089628925e-11 4.761972342183e-10 4.032405652094e-09 2.228942114118e-08 7.579714144022e-08 1.522553494847e-07 3.864458152407e-08 
3.852835671996e-21 6.787142171563e-18 1.106765646760e-15 6.135470386963e-14 1.811301986681e-12 3.522558121809e-11 4.993751302605e-10 5.284772800460e-09 3.864458152407e-08 1.117485856824e-07 
