2.549199948153e-09 1.782877780355e-11 2.060226290212e-11 2.227840643980e-11 2.348148165540e-11 2.443792560412e-11 2.525753732104e-11 2.601204843854e-11 2.677774256323e-11 2.782596901160e-11 
1.782877780355e-11 2.573214936325e-09 4.322509672156e-11 4.859462269223e-11 5.245051450177e-11 5.551089634980e-11 5.813355634962e-11 6.054810339313e-11 6.299846374231e-11 6.635328608211e-11 
2.060226290212e-11 4.322509672156e-11 2.595211573181e-09 6.602603320196e-11 7.281610186636e-11 7.818469322852e-11 8.277796289006e-11 8.700693532382e-11 9.129893815903e-11 9.717549050292e-11 
2.227840643980e-11 4.859462269223e-11 6.602603320196e-11 2.617671102344e-09 8.934656662033e-11 9.743785401039e-11 1.043249182958e-10 1.106544377608e-10 1.170785276942e-10 1.258752226208e-10 
2.348148165540e-11 5.245051450177e-11 7.281610186636e-11 8.934656662033e-11 2.641539996958e-09 1.144013702309e-10 1.240677369968e-10 1.328994992641e-10 1.418506032959e-10 1.541109202148e-10 
2.443792560412e-11 5.551089634980e-11 7.818469322852e-11 9.743785401039e-11 1.144013702309e-10 2.667703470966e-09 1.421891573720e-10 1.540010742548e-10 1.658912793843e-10 1.821717165414e-10 
2.525753732104e-11 5.813355634962e-11 8.277796289006e-11 1.043249182958e-10 1.240677369968e-10 1.421891573720e-10 2.697303291275e-09 1.743151252194e-10 1.897316502102e-10 2.106839917898e-10 
2.601204843854e-11 6.054810339313e-11 8.700693532382e-11 1.106544377608e-10 1.328994992641e-10 1.540010742548e-10 1.743151252194e-10 2.732791210109e-09 2.145082551144e-10 2.410996437869e-10 
2.677774256323e-11 6.299846374231e-11 9.129893815903e-11 1.170785276942e-10 1.418506032959e-10 1.658912793843e-10 1.897316502102e-10 2.145082551144e-10 2.780283570409e-09 2.769698858835e-10 
2.782596901160e-11 6.635328608211e-11 9.717549050292e-11 1.258752226208e-10 1.541109202148e-10 1.821717165414e-10 2.106839917898e-10 2.410996437869e-10 2.769698858835e-10 2.872018686769e-09 
