2.545173716965e-09 1.129362688162e-11 1.311398561098e-11 1.421510663092e-11 1.500539811550e-11 1.563366968878e-11 1.617206076297e-11 1.666768874406e-11 1.717066337956e-11 1.785942165038e-11 
1.129362688162e-11 2.560949378500e-09 2.820970405640e-11 3.185342617638e-11 3.446973023977e-11 3.654587116949e-11 3.832507727050e-11 3.996311646358e-11 4.162545524534e-11 4.390185902176e-11 
1.311398561098e-11 2.820970405640e-11 2.575962467665e-09 4.391724622869e-11 4.862297037395e-11 5.234177249422e-11 5.552305565664e-11 5.845206188861e-11 6.142474901334e-11 6.549562288749e-11 
1.421510663092e-11 3.185342617638e-11 4.391724622869e-11 2.591626157480e-09 6.029751459805e-11 6.599575849666e-11 7.084353439656e-11 7.529832595248e-11 7.981972673168e-11 8.601198347113e-11 
1.500539811550e-11 3.446973023977e-11 4.862297037395e-11 6.029751459805e-11 2.608541029933e-09 7.815493647012e-11 8.505128079361e-11 9.134945052817e-11 9.773224567779e-11 1.064760878490e-10 
1.563366968878e-11 3.654587116949e-11 5.234177249422e-11 6.599575849666e-11 7.815493647012e-11 2.627310960396e-09 9.818182200525e-11 1.066961594383e-10 1.152636295323e-10 1.269960279263e-10 
1.617206076297e-11 3.832507727050e-11 5.552305565664e-11 7.084353439656e-11 8.505128079361e-11 9.818182200525e-11 2.648752854361e-09 1.215391995363e-10 1.327428527755e-10 1.479691126059e-10 
1.666768874406e-11 3.996311646358e-11 5.845206188861e-11 7.529832595248e-11 9.134945052817e-11 1.066961594383e-10 1.215391995363e-10 2.674659784101e-09 1.509692542236e-10 1.704356979857e-10 
1.717066337956e-11 4.162545524534e-11 6.142474901334e-11 7.981972673168e-11 9.773224567779e-11 1.152636295323e-10 1.327428527755e-10 1.509692542236e-10 2.709556129059e-09 1.969881075201e-10 
1.785942165038e-11 4.390185902176e-11 6.549562288749e-11 8.601198347113e-11 1.064760878490e-10 1.269960279263e-10 1.479691126059e-10 1.704356979857e-10 1.969881075201e-10 2.777271165219e-09 
