2.572050043090e-09 5.329706267723e-11 6.068171900315e-11 6.513539005464e-11 6.833240020569e-11 7.087408170756e-11 7.305212700155e-11 7.505717102499e-11 7.709193542918e-11 7.987825641906e-11 
5.329706267723e-11 2.635831754913e-09 1.182103923545e-10 1.313002791186e-10 1.407003214283e-10 1.481630363890e-10 1.545582851447e-10 1.604459783356e-10 1.664209963440e-10 1.746031223112e-10 
6.068171900315e-11 1.182103923545e-10 2.688703397312e-09 1.718972866138e-10 1.876990543083e-10 2.002003842351e-10 2.108980057100e-10 2.207469879235e-10 2.307426878042e-10 2.444309578063e-10 
6.513539005464e-11 1.313002791186e-10 1.718972866138e-10 2.740324005693e-09 2.247822312002e-10 2.430548408732e-10 2.586157889908e-10 2.729182420859e-10 2.874341912986e-10 3.073141318482e-10 
6.833240020569e-11 1.407003214283e-10 1.876990543083e-10 2.247822312002e-10 2.793674683220e-09 2.802776215878e-10 3.016630772226e-10 3.212070176995e-10 3.410147840177e-10 3.681487257085e-10 
7.087408170756e-11 1.481630363890e-10 2.002003842351e-10 2.430548408732e-10 2.802776215878e-10 2.851126199776e-09 3.409383581709e-10 3.667173683613e-10 3.926618122302e-10 4.281878393639e-10 
7.305212700155e-11 1.545582851447e-10 2.108980057100e-10 2.586157889908e-10 3.016630772226e-10 3.409383581709e-10 2.915426832146e-09 4.104797551967e-10 4.438172779579e-10 4.890971906641e-10 
7.505717102499e-11 1.604459783356e-10 2.207469879235e-10 2.729182420859e-10 3.212070176995e-10 3.667173683613e-10 4.104797551967e-10 2.992102571506e-09 4.971716668495e-10 5.542537104638e-10 
7.709193542918e-11 1.664209963440e-10 2.307426878042e-10 2.874341912986e-10 3.410147840177e-10 3.926618122302e-10 4.438172779579e-10 4.971716668495e-10 3.094857709247e-09 6.319507885920e-10 
7.987825641906e-11 1.746031223112e-10 2.444309578063e-10 3.073141318482e-10 3.681487257085e-10 4.281878393639e-10 4.890971906641e-10 5.542537104638e-10 6.319507885920e-10 3.295453408724e-09 
