2.543449639805e-09 8.441414683652e-12 9.825922654342e-12 1.066385350186e-11 1.126522072767e-11 1.174329479332e-11 1.215297668798e-11 1.253011869786e-11 1.291285057644e-11 1.343681242704e-11 
8.441414683652e-12 2.555453548145e-09 2.141273037530e-11 2.423686214213e-11 2.626451025018e-11 2.787330269550e-11 2.925200635198e-11 3.052132927635e-11 3.180948201278e-11 3.357312755232e-11 
9.825922654342e-12 2.141273037530e-11 2.567129040483e-09 3.369787488900e-11 3.739242876752e-11 4.031103231793e-11 4.280752036687e-11 4.510605482908e-11 4.743887948599e-11 5.063298627450e-11 
1.066385350186e-11 2.423686214213e-11 3.369787488900e-11 2.579476344357e-09 4.666895660233e-11 5.118915494952e-11 5.503334523830e-11 5.856553674680e-11 6.215056615802e-11 6.705975262728e-11 
1.126522072767e-11 2.626451025018e-11 3.739242876752e-11 4.666895660233e-11 2.592950273797e-09 6.094964655365e-11 6.646884892488e-11 7.150736986661e-11 7.661328376823e-11 8.360717350985e-11 
1.174329479332e-11 2.787330269550e-11 4.031103231793e-11 5.118915494952e-11 6.094964655365e-11 2.608031523210e-09 7.709238472069e-11 8.395561521912e-11 9.085948408807e-11 1.003126580884e-10 
1.215297668798e-11 2.925200635198e-11 4.280752036687e-11 5.503334523830e-11 6.646884892488e-11 7.709238472069e-11 2.625379092048e-09 9.604267960381e-11 1.051292354045e-10 1.174737089743e-10 
1.253011869786e-11 3.052132927635e-11 4.510605482908e-11 5.856553674680e-11 7.150736986661e-11 8.395561521912e-11 9.604267960381e-11 2.646471337002e-09 1.200588806912e-10 1.359252387429e-10 
1.291285057644e-11 3.180948201278e-11 4.743887948599e-11 6.215056615802e-11 7.661328376823e-11 9.085948408807e-11 1.051292354045e-10 1.200588806912e-10 2.675032489602e-09 1.577978799334e-10 
1.343681242704e-11 3.357312755232e-11 5.063298627450e-11 6.705975262728e-11 8.360717350985e-11 1.003126580884e-10 1.174737089743e-10 1.359252387429e-10 1.577978799334e-10 2.730752965370e-09 
