2.542454548115e-09 6.783040518983e-12 7.908755534955e-12 8.590315231283e-12 9.079438959136e-12 9.468278376051e-12 9.801492127869e-12 1.010823986949e-11 1.041953452740e-11 1.084581260317e-11 
6.783040518983e-12 2.552217971778e-09 1.738849497330e-11 1.971456883442e-11 2.138446029018e-11 2.270925235086e-11 2.384457897495e-11 2.488983941605e-11 2.595060760498e-11 2.740322357153e-11 
7.908755534955e-12 1.738849497330e-11 2.561857023250e-09 2.757165357816e-11 3.064237142137e-11 3.306749391653e-11 3.514169282273e-11 3.705143044140e-11 3.898966943293e-11 4.164395037281e-11 
8.590315231283e-12 1.971456883442e-11 2.757165357816e-11 2.572149821891e-09 3.842093926443e-11 4.220701128268e-11 4.542581608602e-11 4.838313271653e-11 5.138471117698e-11 5.549554949614e-11 
9.079438959136e-12 2.138446029018e-11 3.064237142137e-11 3.842093926443e-11 2.583471553085e-09 5.045623409289e-11 5.510996000699e-11 5.935718881356e-11 6.366097761427e-11 6.955696311585e-11 
9.468278376051e-12 2.270925235086e-11 3.306749391653e-11 4.220701128268e-11 5.045623409289e-11 2.596226597821e-09 6.414340397101e-11 6.996352793934e-11 7.581614091071e-11 8.383076295247e-11 
9.801492127869e-12 2.384457897495e-11 3.514169282273e-11 4.542581608602e-11 5.510996000699e-11 6.414340397101e-11 2.610981432373e-09 8.029745528714e-11 8.803904311561e-11 9.855534759918e-11 
1.010823986949e-11 2.488983941605e-11 3.705143044140e-11 4.838313271653e-11 5.935718881356e-11 6.996352793934e-11 8.029745528714e-11 2.629009403607e-09 1.008624865293e-10 1.144392573489e-10 
1.041953452740e-11 2.595060760498e-11 3.898966943293e-11 5.138471117698e-11 6.366097761427e-11 7.581614091071e-11 8.803904311561e-11 1.008624865293e-10 2.653539628600e-09 1.333319693979e-10 
1.084581260317e-11 2.740322357153e-11 4.164395037281e-11 5.549554949614e-11 6.955696311585e-11 8.383076295247e-11 9.855534759918e-11 1.144392573489e-10 1.333319693979e-10 2.701619980265e-09 
