2.544521131235e-09 1.021573541558e-11 1.187217654094e-11 1.287433387956e-11 1.359358622206e-11 1.416538034003e-11 1.465537411099e-11 1.510644896860e-11 1.556421007816e-11 1.619105444590e-11 
1.021573541558e-11 2.558878651486e-09 2.565271192411e-11 2.899040914317e-11 3.138689726307e-11 3.328851209312e-11 3.491815787589e-11 3.641850693048e-11 3.794111345517e-11 4.002616864398e-11 
1.187217654094e-11 2.565271192411e-11 2.572647220395e-09 4.008684086963e-11 4.441664789402e-11 4.783797059758e-11 5.076468012558e-11 5.345930451053e-11 5.619411998198e-11 5.993924813975e-11 
1.287433387956e-11 2.899040914317e-11 4.008684086963e-11 2.587079839891e-09 5.520330449454e-11 6.046523258344e-11 6.494121576912e-11 6.905420449280e-11 7.322870762682e-11 7.894588328351e-11 
1.359358622206e-11 3.138689726307e-11 4.441664789402e-11 5.520330449454e-11 2.602722034182e-09 7.173959449688e-11 7.812699990291e-11 8.395973381593e-11 8.987074172225e-11 9.796831424485e-11 
1.416538034003e-11 3.328851209312e-11 4.783797059758e-11 6.046523258344e-11 7.173959449688e-11 2.620130112242e-09 9.033316640664e-11 9.823876884944e-11 1.061927770372e-10 1.170850438823e-10 
1.465537411099e-11 3.491815787589e-11 5.076468012558e-11 6.494121576912e-11 7.812699990291e-11 9.033316640664e-11 2.640063383266e-09 1.120685156213e-10 1.224921367640e-10 1.366573256852e-10 
1.510644896860e-11 3.641850693048e-11 5.345930451053e-11 6.905420449280e-11 8.395973381593e-11 9.823876884944e-11 1.120685156213e-10 2.664197221333e-09 1.395024745671e-10 1.576447197293e-10 
1.556421007816e-11 3.794111345517e-11 5.619411998198e-11 7.322870762682e-11 8.987074172225e-11 1.061927770372e-10 1.224921367640e-10 1.395024745671e-10 2.696759919415e-09 1.824824797107e-10 
1.619105444590e-11 4.002616864398e-11 5.993924813975e-11 7.894588328351e-11 9.796831424485e-11 1.170850438823e-10 1.366573256852e-10 1.576447197293e-10 1.824824797107e-10 2.760054568891e-09 
