2.541718554598e-09 5.548686206324e-12 6.478663670804e-12 7.041897592732e-12 7.446089796127e-12 7.767408655635e-12 8.042761549573e-12 8.296244235423e-12 8.553484297459e-12 8.905741736036e-12 
5.548686206324e-12 2.549786350325e-09 1.435116229452e-11 1.629389868977e-11 1.768849526694e-11 1.879477103085e-11 1.974283214225e-11 2.061568790637e-11 2.150149423355e-11 2.271451803841e-11 
6.478663670804e-12 1.435116229452e-11 2.557853017225e-09 2.290298151833e-11 2.548824551042e-11 2.752936883665e-11 2.927498180985e-11 3.088219869034e-11 3.251340940580e-11 3.474723929982e-11 
7.041897592732e-12 1.629389868977e-11 2.290298151833e-11 2.566541096312e-09 3.208843170111e-11 3.529763036351e-11 3.802527810493e-11 4.053113047966e-11 4.307449660651e-11 4.655780485060e-11 
7.446089796127e-12 1.768849526694e-11 2.548824551042e-11 3.208843170111e-11 2.576165248731e-09 4.234680516848e-11 4.631594918143e-11 4.993715984504e-11 5.360637281416e-11 5.863310964600e-11 
7.767408655635e-12 1.879477103085e-11 2.752936883665e-11 3.529763036351e-11 4.234680516848e-11 2.587075104787e-09 5.408169803794e-11 5.907136897075e-11 6.408746870875e-11 7.095657601203e-11 
8.042761549573e-12 1.974283214225e-11 2.927498180985e-11 3.802527810493e-11 4.631594918143e-11 5.408169803794e-11 2.599760646905e-09 6.799886045977e-11 7.466648608757e-11 8.372134387292e-11 
8.296244235423e-12 2.061568790637e-11 3.088219869034e-11 4.053113047966e-11 4.993715984504e-11 5.907136897075e-11 6.799886045977e-11 2.615337084269e-09 8.580263758649e-11 9.754091599107e-11 
8.553484297459e-12 2.150149423355e-11 3.251340940580e-11 4.307449660651e-11 5.360637281416e-11 6.408746870875e-11 7.466648608757e-11 8.580263758649e-11 2.636630449816e-09 1.140219533286e-10 
8.905741736036e-12 2.271451803841e-11 3.474723929982e-11 4.655780485060e-11 5.863310964600e-11 7.095657601203e-11 8.372134387292e-11 9.754091599107e-11 1.140219533286e-10 2.678577099954e-09 
