2.541591497326e-09 5.336659545482e-12 6.233233926309e-12 6.776270449561e-12 7.165965510990e-12 7.475759166118e-12 7.741235685523e-12 7.985626405214e-12 8.233639419220e-12 8.573172322710e-12 
5.336659545482e-12 2.549370007004e-09 1.383098321602e-11 1.570792259554e-11 1.705525698566e-11 1.812402215164e-11 1.903993758158e-11 1.988319829799e-11 2.073896980983e-11 2.191063569245e-11 
6.233233926309e-12 1.383098321602e-11 2.557166406386e-09 2.210153853340e-11 2.460288121245e-11 2.657765088908e-11 2.826648412999e-11 2.982142416651e-11 3.139957794112e-11 3.356040066739e-11 
6.776270449561e-12 1.570792259554e-11 2.210153853340e-11 2.565576539932e-09 3.099823963225e-11 3.410728738963e-11 3.674965119657e-11 3.917712117759e-11 4.164093180985e-11 4.501481746056e-11 
7.165965510990e-12 1.705525698566e-11 2.460288121245e-11 3.099823963225e-11 2.574905501499e-09 4.094688880249e-11 4.479658292904e-11 4.830862454283e-11 5.186716609002e-11 5.674171021834e-11 
7.475759166118e-12 1.812402215164e-11 2.657765088908e-11 3.410728738963e-11 4.094688880249e-11 2.585492619903e-09 5.233997158762e-11 5.718440457018e-11 6.205414274491e-11 6.872212458721e-11 
7.741235685523e-12 1.903993758158e-11 2.826648412999e-11 3.674965119657e-11 4.479658292904e-11 5.233997158762e-11 2.597815786925e-09 6.586469591352e-11 7.234358295052e-11 8.114096222387e-11 
7.985626405214e-12 1.988319829799e-11 2.982142416651e-11 3.917712117759e-11 4.830862454283e-11 5.718440457018e-11 6.586469591352e-11 2.612960481337e-09 8.318179235937e-11 9.459618078355e-11 
8.233639419220e-12 2.073896980983e-11 3.139957794112e-11 4.164093180985e-11 5.186716609002e-11 6.205414274491e-11 7.234358295052e-11 8.318179235937e-11 2.633685031082e-09 1.106521103589e-10 
8.573172322710e-12 2.191063569245e-11 3.356040066739e-11 4.501481746056e-11 5.674171021834e-11 6.872212458721e-11 8.114096222387e-11 9.459618078355e-11 1.106521103589e-10 2.674543947317e-09 
