2.556212462549e-09 2.895720300167e-11 3.326029973521e-11 3.585832761958e-11 3.772320455447e-11 3.920579957623e-11 4.047628495454e-11 4.164585688987e-11 4.283276519791e-11 4.445807421485e-11 
2.895720300167e-11 2.593433211538e-09 6.767117169695e-11 7.568418446049e-11 8.143861283282e-11 8.600655700001e-11 8.992113406297e-11 9.352505295431e-11 9.718242634207e-11 1.021908088427e-10 
3.326029973521e-11 6.767117169695e-11 2.626047920558e-09 1.011471183631e-10 1.110569255248e-10 1.188952403118e-10 1.256022953136e-10 1.317773290846e-10 1.380443680104e-10 1.466265719264e-10 
3.585832761958e-11 7.568418446049e-11 1.011471183631e-10 2.658621653890e-09 1.347357083539e-10 1.463625863112e-10 1.562624405451e-10 1.653615230631e-10 1.745964985733e-10 1.872440392234e-10 
3.772320455447e-11 8.143861283282e-11 1.110569255248e-10 1.347357083539e-10 2.692725512950e-09 1.703499054323e-10 1.840783500472e-10 1.966250255745e-10 2.093416743514e-10 2.267616863498e-10 
3.920579957623e-11 8.600655700001e-11 1.188952403118e-10 1.463625863112e-10 1.703499054323e-10 2.729710991698e-09 2.094827352044e-10 2.261162000757e-10 2.428615668000e-10 2.657918661347e-10 
4.047628495454e-11 8.992113406297e-11 1.256022953136e-10 1.562624405451e-10 1.840783500472e-10 2.094827352044e-10 2.771244292937e-09 2.544427420141e-10 2.760143887371e-10 3.053314590991e-10 
4.164585688987e-11 9.352505295431e-11 1.317773290846e-10 1.653615230631e-10 1.966250255745e-10 2.261162000757e-10 2.544427420141e-10 2.820787494261e-09 3.104419992418e-10 3.474560794049e-10 
4.283276519791e-11 9.718242634207e-11 1.380443680104e-10 1.745964985733e-10 2.093416743514e-10 2.428615668000e-10 2.760143887371e-10 3.104419992418e-10 2.886906535530e-09 3.972714500690e-10 
4.445807421485e-11 1.021908088427e-10 1.466265719264e-10 1.872440392234e-10 2.267616863498e-10 2.657918661347e-10 3.053314590991e-10 3.474560794049e-10 3.972714500690e-10 3.014732737226e-09 
