6.0240304219226969e-08 1.5341862681816443e-08 3.1309291543573635e-09 4.1810311371497389e-10 3.8966301675132188e-11 2.3576185577450732e-12 7.9562102031659087e-14 1.1303672297884539e-15 3.6807942556054867e-18 4.2998919350938891e-22 
1.5341862681816443e-08 6.6322225554403259e-08 2.2670801309838056e-08 7.0108708420988652e-09 1.3441615044456763e-09 1.6136445058688635e-10 1.0949968280330019e-11 3.2670084602940351e-13 2.4067703513583567e-15 7.4352240643469247e-19 
3.1309291543573635e-09 2.2670801309838056e-08 6.2125983158784824e-08 2.2448555443809860e-08 8.2661389738374757e-09 1.7890399829347774e-09 2.1445821963346752e-10 1.1567622393552275e-11 1.6585964051015973e-13 1.1912163068191338e-16 
4.1810311371497389e-10 7.0108708420988652e-09 2.2448555443809860e-08 5.7798589431042366e-08 2.0389557625267609e-08 7.8857067275313975e-09 1.6454351283305120e-09 1.5499458492777217e-10 4.1001740210973693e-12 6.4877167546297602e-15 
3.8966301675132188e-11 1.3441615044456763e-09 8.2661389738374757e-09 2.0389557625267609e-08 5.3865755373290145e-08 1.7772122695514143e-08 6.5692377316730571e-09 1.1013540343517421e-09 5.4155162984424257e-11 1.8800750164262206e-13 
2.3576185577450732e-12 1.6136445058688635e-10 1.7890399829347774e-09 7.8857067275313975e-09 1.7772122695514143e-08 5.0356179550246650e-08 1.4889883529372823e-08 4.6438912410048660e-09 4.4700922338005218e-10 3.5806639828007874e-12 
7.9562102031659087e-14 1.0949968280330019e-11 2.1445821963346752e-10 1.6454351283305120e-09 6.5692377316730571e-09 1.4889883529372823e-08 4.7053805066986370e-08 1.1642803199673885e-08 2.3935845121657209e-09 4.9437739943744267e-11 
1.1303672297884539e-15 3.2670084602940351e-13 1.1567622393552275e-11 1.5499458492777217e-10 1.1013540343517421e-09 4.6438912410048660e-09 1.1642803199673885e-08 4.3744349375945972e-08 7.8139647081747597e-09 5.0301135037829577e-10 
3.6807942556054867e-18 2.4067703513583567e-15 1.6585964051015973e-13 4.1001740210973693e-12 5.4155162984424257e-11 4.4700922338005218e-10 2.3935845121657209e-09 7.8139647081747597e-09 4.0262814234372304e-08 3.4349126135471510e-09 
4.2998919350938891e-22 7.4352240643469247e-19 1.1912163068191338e-16 6.4877167546297602e-15 1.8800750164262206e-13 3.5806639828007874e-12 4.9437739943744267e-11 5.0301135037829577e-10 3.4349126135471510e-09 3.4826199512976842e-08 
