8.7032110608776076e-08 2.6563166887803536e-08 5.2327362006676612e-09 6.7962638332545379e-10 6.1956671132648385e-11 3.6813550687287584e-12 1.2235258007890759e-13 1.7156903790446599e-15 5.5267548979982914e-18 6.4146848460159234e-22 
2.6563166887803536e-08 9.2290595331473297e-08 3.7108863918550895e-08 1.1224402027862624e-08 2.1126200555988122e-09 2.4970805876936370e-10 1.6724728508753546e-11 4.9357600599239182e-13 3.6053970800395751e-15 1.1090889865524269e-18 
5.2327362006676612e-09 3.7108863918550895e-08 8.2676700783538421e-08 3.5448989691919902e-08 1.2863511699825637e-08 2.7487439328717342e-09 3.2588731918957797e-10 1.7417804199823677e-11 2.4806054515920781e-13 1.7772281230510279e-16 
6.7962638332545379e-10 1.1224402027862624e-08 3.5448989691919902e-08 7.4351952333023643e-08 3.1436328155090346e-08 1.2035425866010421e-08 2.4890242035381872e-09 2.3273795024831717e-10 6.1249725360035121e-12 9.6838102570160546e-15 
6.1956671132648385e-11 2.1126200555988122e-09 1.2863511699825637e-08 3.1436328155090346e-08 6.7429402846613643e-08 2.6954365616333470e-08 9.8951299208828399e-09 1.6497605847936936e-09 8.0829839320538883e-11 2.8084778707137968e-13 
3.6813550687287584e-12 2.4970805876936370e-10 2.7487439328717342e-09 1.2035425866010421e-08 2.6954365616333470e-08 6.1608277201897083e-08 2.2342680098260167e-08 6.9417112300884483e-09 6.6688026750387656e-10 5.3554341843402487e-12 
1.2235258007890759e-13 1.6724728508753546e-11 3.2588731918957797e-10 2.4890242035381872e-09 9.8951299208828399e-09 2.2342680098260167e-08 5.6397973655429027e-08 1.7377160235944603e-08 3.5716782845960384e-09 7.4090405179652715e-11 
1.7156903790446599e-15 4.9357600599239182e-13 1.7417804199823677e-11 2.3273795024831717e-10 1.6497605847936936e-09 6.9417112300884483e-09 1.7377160235944603e-08 5.1387638622321426e-08 1.1678073938154262e-08 7.5658966213777282e-10 
5.5267548979982914e-18 3.6053970800395751e-15 2.4806054515920781e-13 6.1249725360035121e-12 8.0829839320538883e-11 6.6688026750387656e-10 3.5716782845960384e-09 1.1678073938154262e-08 4.6306060216034963e-08 5.2050782771764328e-09 
6.4146848460159234e-22 1.1090889865524269e-18 1.7772281230510279e-16 9.6838102570160546e-15 2.8084778707137968e-13 5.3554341843402487e-12 7.4090405179652715e-11 7.5658966213777282e-10 5.2050782771764328e-09 3.8418326906734501e-08 
