6.323971307345e-08 1.663429549237e-08 3.377420492029e-09 4.491674747714e-10 4.172718541129e-11 2.516211045055e-12 8.479318012591e-14 1.199974293470e-15 3.899684316866e-18 4.544662134139e-22 
1.663429549237e-08 6.935940564175e-08 2.437838659183e-08 7.516017859862e-09 1.436229597062e-09 1.720690478589e-10 1.165171739224e-11 3.462334372028e-13 2.551021646597e-15 7.851867418373e-19 
3.377420492029e-09 2.437838659183e-08 6.458650198156e-08 2.400788982739e-08 8.818961316444e-09 1.906173144421e-09 2.277731787012e-10 1.225361802069e-11 1.757922604560e-13 1.257547319401e-16 
4.491674747714e-10 7.516017859862e-09 2.400788982739e-08 5.978496230192e-08 2.173447390999e-08 8.388971632122e-09 1.744620026571e-09 1.642171471012e-10 4.343025757404e-12 6.850607933847e-15 
4.172718541129e-11 1.436229597062e-09 8.818961316444e-09 2.173447390999e-08 5.551681258837e-08 1.886116907968e-08 6.958991791190e-09 1.167274872487e-09 5.730070811359e-11 1.986818455054e-13 
2.516211045055e-12 1.720690478589e-10 1.906173144421e-09 8.388971632122e-09 1.886116907968e-08 5.167256252966e-08 1.577757029741e-08 4.920663671198e-09 4.723619914256e-10 3.788708253803e-12 
8.479318012591e-14 1.165171739224e-11 2.277731787012e-10 1.744620026571e-09 6.958991791190e-09 1.577757029741e-08 4.818173034079e-08 1.231822527793e-08 2.527495309031e-09 5.238801864341e-11 
1.199974293470e-15 3.462334372028e-13 1.225361802069e-11 1.642171471012e-10 1.167274872487e-09 4.920663671198e-09 1.231822527793e-08 4.461548817008e-08 8.261490354586e-09 5.335529593632e-10 
3.899684316866e-18 2.551021646597e-15 1.757922604560e-13 4.343025757404e-12 5.730070811359e-11 4.723619914256e-10 2.527495309031e-09 8.261490354586e-09 4.098787946643e-08 3.638602145698e-09 
4.544662134139e-22 7.851867418373e-19 1.257547319401e-16 6.850607933847e-15 1.986818455054e-13 3.788708253803e-12 5.238801864341e-11 5.335529593632e-10 3.638602145698e-09 3.522322478184e-08 
