1.3284520040577823e-07 4.4008657592029669e-08 8.3785014054139203e-09 1.0632038297490037e-09 9.5362601411055052e-11 5.6013688308698874e-12 1.8471073410789748e-13 2.5791299500281881e-15 8.3119690006911576e-18 9.7502251767321064e-22 
4.4008657592029669e-08 1.3137456224119453e-07 5.8377824840675772e-08 1.7360977962407700e-08 3.2273099349146820e-09 3.7810789026618213e-10 2.5184089204337699e-11 7.4161130818072574e-13 5.4300141831544458e-15 1.6905119271059976e-18 
8.3785014054139203e-09 5.8377824840675772e-08 1.1264072865081763e-07 5.4314992317460178e-08 1.9535934244470205e-08 4.1483872118626033e-09 4.9004787440788315e-10 2.6177225912067510e-11 3.7426041149736496e-13 2.7167763256171273e-16 
1.0632038297490037e-09 1.7360977962407700e-08 5.4314992317460178e-08 9.8368470655902512e-08 4.7515762276779269e-08 1.8119010756286286e-08 3.7402881586307280e-09 3.5006566232563361e-10 9.2609866447445837e-12 1.4850176030488901e-14 
9.5362601411055052e-11 3.2273099349146820e-09 1.9535934244470205e-08 4.7515762276779269e-08 8.7284948893423050e-08 4.0516658617806305e-08 1.4870781231469915e-08 2.4851614228558397e-09 1.2254650230464570e-10 4.3223115746864846e-13 
5.6013688308698874e-12 3.7810789026618213e-10 4.1483872118626033e-09 1.8119010756286286e-08 4.0516658617806305e-08 7.8397767107021687e-08 3.3616217418782652e-08 1.0483176379641085e-08 1.0147177657659141e-09 8.2778861489070300e-12 
1.8471073410789748e-13 2.5184089204337699e-11 4.9004787440788315e-10 3.7402881586307280e-09 1.4870781231469915e-08 3.3616217418782652e-08 7.0738548246572863e-08 2.6348372868243739e-08 5.4625384659558599e-09 1.1518058997436747e-10 
2.5791299500281881e-15 7.4161130818072574e-13 2.6177225912067510e-11 3.5006566232563361e-10 2.4851614228558397e-09 1.0483176379641085e-08 2.6348372868243739e-08 6.3578431762943715e-08 1.7998991117058413e-08 1.1864384121931549e-09 
8.3119690006911576e-18 5.4300141831544458e-15 3.7426041149736496e-13 9.2609866447445837e-12 1.2254650230464570e-10 1.0147177657659141e-09 5.4625384659558599e-09 1.7998991117058413e-08 5.6458331817831961e-08 8.2844456023161120e-09 
9.7502251767321064e-22 1.6905119271059976e-18 2.7167763256171273e-16 1.4850176030488901e-14 4.3223115746864846e-13 8.2778861489070300e-12 1.1518058997436747e-10 1.1864384121931549e-09 8.2844456023161120e-09 4.4915755672895230e-08 
