7.0829854722116081e-08 1.9900749833005076e-08 3.9965621104885777e-09 5.2675450971487787e-10 4.8569142232121170e-11 2.9122418099708589e-12 9.7515168109308337e-14 1.3758141141190836e-15 4.4524624809261543e-18 5.1759916183163913e-22 
1.9900749833005076e-08 7.6994437876647368e-08 2.8657048928551314e-08 8.7681217076547114e-09 1.6658103989845735e-09 1.9841416335833466e-10 1.3372733532989552e-11 3.9661616645779769e-13 2.9070440930704151e-15 8.9467530928107403e-19 
3.9965621104885777e-09 2.8657048928551314e-08 7.0690662956666657e-08 2.7885740458663095e-08 1.0193103321741053e-08 2.1916811688997063e-09 2.6118877611000796e-10 1.4016125606829085e-11 2.0011149174954669e-13 1.4330599023148996e-16 
5.2675450971487787e-10 8.7681217076547114e-09 2.7885740458663095e-08 6.4735179169244903e-08 2.5023582636684457e-08 9.6266133666649306e-09 1.9989583450909202e-09 1.8749167742532133e-10 4.9423490788763365e-12 7.8041318641522827e-15 
4.8569142232121170e-11 1.6658103989845735e-09 1.0193103321741053e-08 2.5023582636684457e-08 5.9556425098447345e-08 2.1621990147274806e-08 7.9614081897389787e-09 1.3302092844956371e-09 6.5226698776548911e-11 2.2616512943470370e-13 
2.9122418099708589e-12 1.9841416335833466e-10 2.1916811688997063e-09 9.6266133666649306e-09 2.1621990147274806e-08 5.5067945483339174e-08 1.8003971405995840e-08 5.6005954282089327e-09 5.3803205257343652e-10 4.3082951659281363e-12 
9.7515168109308337e-14 1.3372733532989552e-11 2.6118877611000796e-10 1.9989583450909202e-09 7.9614081897389787e-09 1.8003971405995840e-08 5.0947626090423805e-08 1.4022703314531003e-08 2.8796478016737803e-09 5.9513047171370902e-11 
1.3758141141190836e-15 3.9661616645779769e-13 1.4016125606829085e-11 1.8749167742532133e-10 1.3302092844956371e-09 5.6005954282089327e-09 1.4022703314531003e-08 4.6902550199866717e-08 9.4008369523647533e-09 6.0616973804928092e-10 
4.4524624809261543e-18 2.9070440930704151e-15 2.0011149174954669e-13 4.9423490788763365e-12 6.5226698776548911e-11 5.3803205257343652e-10 2.8796478016737803e-09 9.4008369523647533e-09 4.2727349357969681e-08 4.1496433200472991e-09 
5.1759916183163913e-22 8.9467530928107403e-19 1.4330599023148996e-16 7.8041318641522827e-15 2.2616512943470370e-13 4.3082951659281363e-12 5.9513047171370902e-11 6.0616973804928092e-10 4.1496433200472991e-09 3.6258549458002599e-08 
