2.714445128903e-07 9.189208110295e-08 1.696101651481e-08 2.124910339596e-09 1.900671358511e-10 1.122761183070e-11 3.741526851882e-13 5.295142825775e-15 1.751721966970e-17 2.163912959856e-21 
9.189208110295e-08 2.379290298641e-07 1.169507834563e-07 3.460808135021e-08 6.450335516710e-09 7.623530982781e-10 5.132271213255e-11 1.535480168267e-12 1.156552400472e-14 3.787988020124e-18 
1.696101651481e-08 1.169507834563e-07 1.965601386448e-07 1.083919182736e-07 3.924154387447e-08 8.409956474046e-09 1.004760200498e-09 5.466665985585e-11 8.051861341526e-13 6.144252174219e-16 
2.124910339596e-09 3.460808135021e-08 1.083919182736e-07 1.689631562418e-07 9.606333218568e-08 3.695631731975e-08 7.726262896637e-09 7.379741687584e-10 2.012861950215e-11 3.390460143010e-14 
1.900671358511e-10 6.450335516710e-09 3.924154387447e-08 9.606333218568e-08 1.485158731575e-07 8.330221050648e-08 3.102440620534e-08 5.297593420755e-09 2.693452054023e-10 9.967844467961e-13 
1.122761183070e-11 7.623530982781e-10 8.409956474046e-09 3.695631731975e-08 8.330221050648e-08 1.325970447964e-07 7.106224841856e-08 2.265578742226e-08 2.259900539687e-09 1.930562242320e-11 
3.741526851882e-13 5.132271213255e-11 1.004760200498e-09 7.726262896637e-09 3.102440620534e-08 7.106224841856e-08 1.196725474622e-07 5.793482308160e-08 1.236977789327e-08 2.723359459179e-10 
5.295142825775e-15 1.535480168267e-12 5.466665985585e-11 7.379741687584e-10 5.297593420755e-09 2.265578742226e-08 5.793482308160e-08 1.077286609512e-07 4.166007561085e-08 2.859148636543e-09 
1.751721966970e-17 1.156552400472e-14 8.051861341526e-13 2.012861950215e-11 2.693452054023e-10 2.259900539687e-09 1.236977789327e-08 4.166007561085e-08 9.560255011626e-08 2.057617466170e-08 
2.163912959856e-21 3.787988020124e-18 6.144252174219e-16 3.390460143010e-14 9.967844467961e-13 1.930562242320e-11 2.723359459179e-10 2.859148636543e-09 2.057617466170e-08 7.173047591154e-08 
