3.7361242084528588e-06 1.5748020776140523e-06 3.1464398473418568e-07 4.3430546822744967e-08 4.2169943660480033e-09 2.6268591276274833e-10 9.0106376640475894e-12 1.2921878211602676e-13 4.2587346056817394e-16 5.1570255183210179e-20 
1.5748020776140523e-06 3.8550654551188450e-06 2.3285802363526189e-06 7.4897439568719118e-07 1.4832697497676064e-07 1.8167317881795413e-08 1.2463747521700614e-09 3.7489254251445394e-11 2.8008967603513074e-13 8.9950212497583853e-17 
3.1464398473418568e-07 2.3285802363526189e-06 3.6312522745674457e-06 2.4585082965707726e-06 9.2481854211151818e-07 2.0273806790025277e-07 2.4497235945555058e-08 1.3325474705752874e-09 1.9423412752006149e-11 1.4540536466211865e-14 
4.3430546822744967e-08 7.4897439568719118e-07 2.4585082965707726e-06 3.3307836852149405e-06 2.3038167179095972e-06 8.9806451914573399e-07 1.8862178059879189e-07 1.7937726186503142e-08 4.8360615510306679e-10 7.9962959247191958e-13 
4.2169943660480033e-09 1.4832697497676064e-07 9.2481854211151818e-07 2.3038167179095972e-06 2.9474309056929807e-06 2.0329071148203216e-06 7.5641626123165682e-07 1.2824954433589093e-07 6.4430583503018421e-09 2.3426205399427514e-11 
2.6268591276274833e-10 1.8167317881795413e-08 2.0273806790025277e-07 8.9806451914573399e-07 2.0329071148203216e-06 2.5751629136066560e-06 1.7256806044329340e-06 5.4554642005463727e-07 5.3787586128356136e-08 4.5198256326369116e-10 
9.0106376640475894e-12 1.2463747521700614e-09 2.4497235945555058e-08 1.8862178059879189e-07 7.5641626123165682e-07 1.7256806044329340e-06 2.2350131511335429e-06 1.3856498488813485e-06 2.9260631897960409e-07 6.3469084569086847e-09 
1.2921878211602676e-13 3.7489254251445394e-11 1.3325474705752874e-09 1.7937726186503142e-08 1.2824954433589093e-07 5.4554642005463727e-07 1.3856498488813485e-06 1.9143109206387016e-06 9.7788492173189621e-07 6.6211391717608125e-08 
4.2587346056817394e-16 2.8008967603513074e-13 1.9423412752006149e-11 4.8360615510306679e-10 6.4430583503018421e-09 5.3787586128356136e-08 2.9260631897960409e-07 9.7788492173189621e-07 1.5942876064879732e-06 4.7129518055597980e-07 
5.1570255183210179e-20 8.9950212497583853e-17 1.4540536466211865e-14 7.9962959247191958e-13 2.3426205399427514e-11 4.5198256326369116e-10 6.3469084569086847e-09 6.6211391717608125e-08 4.7129518055597980e-07 1.0049737959022089e-06 
