4.3053722863288000e-08 1.9979543667722869e-08 1.4687201348436999e-08 1.1524649165691436e-08 9.2537734859266157e-09 7.4496777760605109e-09 5.9077144527771562e-09 4.4968763937630582e-09 3.0850349426326761e-09 1.2059930539624245e-09 
1.9979543667722869e-08 1.2505355506266986e-08 7.3859751312564772e-09 5.8436904568265204e-09 4.7365407284830839e-09 3.8570153152457296e-09 3.1051405446054751e-09 2.4170280423108505e-09 1.7283795458100265e-09 8.1390137053500859e-10 
1.4687201348436999e-08 7.3859751312564772e-09 8.0422298173804268e-09 4.3789681545327749e-09 3.5716491359210951e-09 2.9303351741206608e-09 2.3820335358449824e-09 1.8801409459291770e-09 1.3778315551649150e-09 7.1187936895638821e-10 
1.1524649165691436e-08 5.8436904568265204e-09 4.3789681545327749e-09 6.0421817289686861e-09 2.8755769323976912e-09 2.3765979762653117e-09 1.9499298435907929e-09 1.5593105962173056e-09 1.1683497678779176e-09 6.5090568204862235e-10 
9.2537734859266157e-09 4.7365407284830839e-09 3.5716491359210951e-09 2.8755769323976912e-09 4.9146778011545708e-09 1.9794914661733093e-09 1.6401797126626176e-09 1.3294636179909390e-09 1.0184707414482974e-09 6.0769076741042456e-10 
7.4496777760605109e-09 3.8570153152457296e-09 2.9303351741206608e-09 2.3765979762653117e-09 1.9794914661733093e-09 4.2025624908171909e-09 1.3942213679847412e-09 1.1469754802152082e-09 8.9948749846886231e-10 5.7343983978599260e-10 
5.9077144527771562e-09 3.1051405446054751e-09 2.3820335358449824e-09 1.9499298435907929e-09 1.6401797126626176e-09 1.3942213679847412e-09 3.7222510651403437e-09 9.9084069832853421e-10 7.9757635586091360e-10 5.4387209203970156e-10 
4.4968763937630582e-09 2.4170280423108505e-09 1.8801409459291770e-09 1.5593105962173056e-09 1.3294636179909390e-09 1.1469754802152082e-09 9.9084069832853421e-10 3.3862437416102111e-09 7.0425309042336193e-10 5.1649217508815865e-10 
3.0850349426326761e-09 1.7283795458100265e-09 1.3778315551649150e-09 1.1683497678779176e-09 1.0184707414482974e-09 8.9948749846886231e-10 7.9757635586091360e-10 7.0425309042336193e-10 3.1496345925558235e-09 4.8942370007584894e-10 
1.2059930539624245e-09 8.1390137053500859e-10 7.1187936895638821e-10 6.5090568204862235e-10 6.0769076741042456e-10 5.7343983978599260e-10 5.4387209203970156e-10 5.1649217508815865e-10 4.8942370007584894e-10 2.9967027858696329e-09 
