2.0172495745526444e-08 8.6240101601090280e-09 6.3022935616390326e-09 4.9151012713250178e-09 3.9190791816544797e-09 3.1279344123635449e-09 2.4520818249585233e-09 1.8343354902675388e-09 1.2171324802874393e-09 3.9338746172160923e-10 
8.6240101601090280e-09 6.8094135249150352e-09 3.1489645976710937e-09 2.4785912862579767e-09 1.9974052939044049e-09 1.6152302444369909e-09 1.2886879696255187e-09 9.9015558546736873e-10 6.9192212017264930e-10 2.9498906476639360e-10 
6.3022935616390326e-09 3.1489645976710937e-09 4.8745732034535604e-09 1.8503987084687861e-09 1.5018356519625715e-09 1.2250111760431571e-09 9.8845657948108890e-10 7.7216034570273360e-10 5.5609929618067711e-10 2.6911844065395796e-10 
4.9151012713250178e-09 2.4785912862579767e-09 1.8503987084687861e-09 4.0135387270206362e-09 1.2057485906486902e-09 9.9186184277767979e-10 8.0906447355723734e-10 6.4189920788265071e-10 4.7493313734425885e-10 2.5364429636913562e-10 
3.9190791816544797e-09 1.9974052939044049e-09 1.5018356519625715e-09 1.2057485906486902e-09 3.5318606106192347e-09 8.2472099037962367e-10 6.8053078327283727e-10 5.4864337558313516e-10 4.1693516468037098e-10 2.4282826166778826e-10 
3.1279344123635449e-09 1.6152302444369909e-09 1.2250111760431571e-09 9.9186184277767979e-10 8.2472099037962367e-10 3.2304895116140136e-09 5.7851355846995031e-10 4.7464304610245479e-10 3.7092679820483603e-10 2.3429364071399445e-10 
2.4520818249585233e-09 1.2886879696255187e-09 9.8845657948108890e-10 8.0906447355723734e-10 6.8053078327283727e-10 5.7851355846995031e-10 3.0297458069098480e-09 4.1136732567698004e-10 3.3153539869346606e-10 2.2687521657342272e-10 
1.8343354902675388e-09 9.9015558546736873e-10 7.7216034570273360e-10 6.4189920788265071e-10 5.4864337558313516e-10 4.7464304610245479e-10 4.1136732567698004e-10 2.8919434510335888e-09 2.9553907309800221e-10 2.1997484644380012e-10 
1.2171324802874393e-09 6.9192212017264930e-10 5.5609929618067711e-10 4.7493313734425885e-10 4.1693516468037098e-10 3.7092679820483603e-10 3.3153539869346606e-10 2.9553907309800221e-10 2.7983085463218430e-09 2.1336146647003278e-10 
3.9338746172160923e-10 2.9498906476639360e-10 2.6911844065395796e-10 2.5364429636913562e-10 2.4282826166778826e-10 2.3429364071399445e-10 2.2687521657342272e-10 2.1997484644380012e-10 2.1336146647003278e-10 2.7455388409486941e-09 
