2.5753826199469897e-08 1.1383119872927476e-08 8.3340692818280241e-09 6.5122197180349333e-09 5.2040661793247664e-09 4.1649203956410641e-09 3.2770519107566705e-09 2.4652189252840724e-09 1.6536047230750666e-09 5.7127947108525759e-10 
1.1383119872927476e-08 8.1896796882100439e-09 4.1738134429043049e-09 3.2910432839454712e-09 2.6573747068370996e-09 2.1540528850082440e-09 1.7239226879334228e-09 1.3305381178777971e-09 9.3728354717964249e-10 4.1422301998513650e-10 
8.3340692818280241e-09 4.1738134429043049e-09 5.6398409496101590e-09 2.4605412968622279e-09 2.0006293440198479e-09 1.6353420659062442e-09 1.3231374155925990e-09 1.0375585095184029e-09 7.5208581611938031e-10 3.7310537457431413e-10 
6.5122197180349333e-09 3.2910432839454712e-09 2.4605412968622279e-09 4.5027867158600712e-09 1.6082327564321250e-09 1.3254137752960577e-09 1.0836602687339921e-09 8.6249218150962734e-10 6.4141872787001941e-10 3.4852510145596534e-10 
5.2040661793247664e-09 2.6573747068370996e-09 2.0006293440198479e-09 1.6082327564321250e-09 3.8652466494074163e-09 1.1032091124106857e-09 9.1205337353851735e-10 7.3713645404235039e-10 5.6231311502491800e-10 3.3125115155588333e-10 
4.1649203956410641e-09 2.1540528850082440e-09 1.6353420659062442e-09 1.3254137752960577e-09 1.1032091124106857e-09 3.4652372531719451e-09 7.7582916818338618e-10 6.3764680480077872e-10 4.9954603481772477e-10 3.1759683580921232e-10 
3.2770519107566705e-09 1.7239226879334228e-09 1.3231374155925990e-09 1.0836602687339921e-09 9.1205337353851735e-10 7.7582916818338618e-10 3.1977863591519441e-09 5.5255704682498467e-10 4.4579749944263291e-10 3.0576160199693273e-10 
2.4652189252840724e-09 1.3305381178777971e-09 1.0375585095184029e-09 8.6249218150962734e-10 7.3713645404235039e-10 6.3764680480077872e-10 5.5255704682498467e-10 3.0131326339606899e-09 3.9664451545638914e-10 2.9477296688732556e-10 
1.6536047230750666e-09 9.3728354717964249e-10 7.5208581611938031e-10 6.4141872787001941e-10 5.6231311502491800e-10 4.9954603481772477e-10 4.4579749944263291e-10 3.9664451545638914e-10 2.8862646511392702e-09 2.8409855821348238e-10 
5.7127947108525759e-10 4.1422301998513650e-10 3.7310537457431413e-10 3.4852510145596534e-10 3.3125115155588333e-10 3.1759683580921232e-10 3.0576160199693273e-10 2.9477296688732556e-10 2.8409855821348238e-10 2.8114847015979778e-09 
