1.2064910703940152e-06 6.0011439750497215e-07 4.4445481630258361e-07 3.5142484321585009e-07 2.8464040529224482e-07 2.3158201822363811e-07 1.8620489528652208e-07 1.4464058003627719e-07 1.0301906875635427e-07 4.8048527734665517e-08 
6.0011439750497215e-07 3.0362394800811462e-07 2.2399229900966990e-07 1.7791576550618100e-07 1.4484098277358591e-07 1.1856374379332334e-07 9.6087573308361384e-08 7.5494583895145926e-08 5.4866137559644287e-08 2.7661040916786310e-08 
4.4445481630258361e-07 2.2399229900966990e-07 1.6968898812993730e-07 1.3317669382464362e-07 1.0879044442937460e-07 8.9415901851314033e-08 7.2842479988758158e-08 5.7654934178756326e-08 4.2437518109506819e-08 2.2388948776818031e-08 
3.5142484321585009e-07 1.7791576550618100e-07 1.3317669382464362e-07 1.0897478758553477e-07 8.7242944740749031e-08 7.1993443542013770e-08 5.8947398221140099e-08 4.6990184211057600e-08 3.5006510905497689e-08 1.9234793389543686e-08 
2.8464040529224482e-07 1.4484098277358591e-07 1.0879044442937460e-07 8.7242944740749031e-08 7.4316989811491289e-08 5.9491231461097675e-08 4.8977522997815238e-08 3.9339144861066839e-08 2.9676953298398606e-08 1.6975708886326540e-08 
2.3158201822363811e-07 1.1856374379332334e-07 8.9415901851314033e-08 7.1993443542013770e-08 5.9491231461097675e-08 5.2096682011002155e-08 4.1057212592810947e-08 3.3260817744989102e-08 2.5442349573202398e-08 1.5180203893483582e-08 
1.8620489528652208e-07 9.6087573308361384e-08 7.2842479988758158e-08 5.8947398221140099e-08 4.8977522997815238e-08 4.1057212592810947e-08 3.6817180223302504e-08 2.8059018472766575e-08 2.1816220213764020e-08 1.3638330111655266e-08 
1.4464058003627719e-07 7.5494583895145926e-08 5.7654934178756326e-08 4.6990184211057600e-08 3.9339144861066839e-08 3.3260817744989102e-08 2.8059018472766575e-08 2.5825497940622198e-08 1.8490616132589684e-08 1.2215965739650606e-08 
1.0301906875635427e-07 5.4866137559644287e-08 4.2437518109506819e-08 3.5006510905497689e-08 2.9676953298398606e-08 2.5442349573202398e-08 2.1816220213764020e-08 1.8490616132589684e-08 1.7695691082090799e-08 1.0788628120654459e-08 
4.8048527734665517e-08 2.7661040916786310e-08 2.2388948776818031e-08 1.9234793389543686e-08 1.6975708886326540e-08 1.5180203893483582e-08 1.3638330111655266e-08 1.2215965739650606e-08 1.0788628120654459e-08 1.1543944401757520e-08 
