1.5892500934099962e-08 6.5167118052001103e-09 4.7548899053446297e-09 3.7022699223431338e-09 2.9465107520002483e-09 2.3462549088537336e-09 1.8335617327211056e-09 1.3651235354043836e-09 8.9741358887687213e-10 2.7283008126749787e-10 
6.5167118052001103e-09 5.7584615981636087e-09 2.3702864309912226e-09 1.8626122341350145e-09 1.4982268985491283e-09 1.2088428422772915e-09 9.6162729461506423e-10 7.3570446361211872e-10 5.1017198222019757e-10 2.0987492039171649e-10 
4.7548899053446297e-09 2.3702864309912226e-09 4.2940614851191308e-09 1.3883026142467704e-09 1.1247337158432577e-09 9.1542826550500817e-10 7.3660219673231150e-10 5.7315489954229185e-10 4.1001026903076195e-10 1.9325151185378342e-10 
3.7022699223431338e-09 1.8626122341350145e-09 1.3883026142467704e-09 3.6433918837255113e-09 9.0158651195455598e-10 7.4011850640888357e-10 6.0214500927910521e-10 4.7602097866582540e-10 3.5014884682527938e-10 1.8329826220478727e-10 
2.9465107520002483e-09 1.4982268985491283e-09 1.1247337158432577e-09 9.0158651195455598e-10 3.2800226679808527e-09 6.1444986069100288e-10 5.0581418887560976e-10 4.0648803162594015e-10 3.0738191430936982e-10 1.7637501562116923e-10 
2.3462549088537336e-09 1.2088428422772915e-09 9.1542826550500817e-10 7.4011850640888357e-10 6.1444986069100288e-10 3.0531573550715120e-09 4.2936578549535093e-10 3.5132004154847710e-10 2.7346178342719180e-10 1.7092090843773568e-10 
1.8335617327211056e-09 9.6162729461506423e-10 7.3660219673231150e-10 6.0214500927910521e-10 5.0581418887560976e-10 4.2936578549535093e-10 2.9024767000536682e-09 3.0415780920567089e-10 2.4442527441377001e-10 1.6616635007940081e-10 
1.3651235354043836e-09 7.3570446361211872e-10 5.7315489954229185e-10 4.7602097866582540e-10 4.0648803162594015e-10 3.5132004154847710e-10 3.0415780920567089e-10 2.7995003086072061e-09 2.1791056002777906e-10 1.6173546545179136e-10 
8.9741358887687213e-10 5.1017198222019757e-10 4.1001026903076195e-10 3.5014884682527938e-10 3.0738191430936982e-10 2.7346178342719180e-10 2.4442527441377001e-10 2.1791056002777906e-10 2.7301370031226772e-09 1.5755345909877085e-10 
2.7283008126749787e-10 2.0987492039171649e-10 1.9325151185378342e-10 1.8329826220478727e-10 1.7637501562116923e-10 1.7092090843773568e-10 1.6616635007940081e-10 1.6173546545179136e-10 1.5755345909877085e-10 2.6924574286983560e-09 
