4.8126777723529115e-08 2.2507404741636956e-08 1.6559001941502988e-08 1.3004340311729229e-08 1.0451913557973303e-08 8.4241046460929043e-09 6.6908293340046757e-09 5.1047616681886794e-09 3.5173038883724891e-09 1.4054625872754106e-09 
2.2507404741636956e-08 1.3776545574690970e-08 8.3331983703080256e-09 6.5972863712438830e-09 5.3511272309556672e-09 4.3611496379374889e-09 3.5148026485451456e-09 2.7401348271210499e-09 1.9647159212603642e-09 9.3539192031987765e-10 
1.6559001941502988e-08 8.3331983703080256e-09 8.7510798750591917e-09 4.9453470866591322e-09 4.0357542733961087e-09 3.3131774804601596e-09 2.6953617942192498e-09 2.1297678929444123e-09 1.5635862506590059e-09 8.1318779335144410e-10 
1.3004340311729229e-08 6.5972863712438830e-09 4.9453470866591322e-09 6.4966668006795105e-09 3.2497459575541474e-09 2.6869487402167555e-09 2.2056820485337330e-09 1.7650201746858230e-09 1.3238725073907896e-09 7.4015079797576840e-10 
1.0451913557973303e-08 5.3511272309556672e-09 4.0357542733961087e-09 3.2497459575541474e-09 5.2243038393365751e-09 2.2378306981759825e-09 1.8546317084876684e-09 1.5036806724189470e-09 1.1523287225872195e-09 6.8831916119351082e-10 
8.4241046460929043e-09 4.3611496379374889e-09 3.3131774804601596e-09 2.6869487402167555e-09 2.2378306981759825e-09 4.4195761235168074e-09 1.5758626338045888e-09 1.2961738020754117e-09 1.0161331779291430e-09 6.4722257984605122e-10 
6.6908293340046757e-09 3.5148026485451456e-09 2.6953617942192498e-09 2.2056820485337330e-09 1.8546317084876684e-09 1.5758626338045888e-09 3.8758060814212559e-09 1.1186217838277256e-09 8.9947553692076275e-10 6.1176591349941677e-10 
5.1047616681886794e-09 2.7401348271210499e-09 2.1297678929444123e-09 1.7650201746858230e-09 1.5036806724189470e-09 1.2961738020754117e-09 1.1186217838277256e-09 3.4943735212625971e-09 7.9262366839468698e-10 5.7894577100372445e-10 
3.5173038883724891e-09 1.9647159212603642e-09 1.5635862506590059e-09 1.3238725073907896e-09 1.1523287225872195e-09 1.0161331779291430e-09 8.9947553692076275e-10 7.9262366839468698e-10 3.2244424431676342e-09 5.4642236631423629e-10 
1.4054625872754106e-09 9.3539192031987765e-10 8.1318779335144410e-10 7.4015079797576840e-10 6.8831916119351082e-10 6.4722257984605122e-10 6.1176591349941677e-10 5.7894577100372445e-10 5.4642236631423629e-10 3.0469166836146802e-09 
