2.771715946433e-09 3.433285999813e-10 3.834963942343e-10 4.077238647710e-10 4.251129345850e-10 4.389372056810e-10 4.507837230255e-10 4.616892935325e-10 4.727565163735e-10 4.879113474671e-10 
3.433285999813e-10 3.117883409007e-09 6.904150587326e-10 7.604127349944e-10 8.106519825032e-10 8.505147931959e-10 8.846753879665e-10 9.161257399369e-10 9.480427099788e-10 9.917493047364e-10 
3.834963942343e-10 6.904150587326e-10 3.401538928357e-09 9.819198817613e-10 1.068793698345e-09 1.137387146273e-09 1.196042587552e-09 1.250045348764e-09 1.304854736167e-09 1.379911920058e-09 
4.077238647710e-10 7.604127349944e-10 9.819198817613e-10 3.689141024773e-09 1.281617882042e-09 1.385916771865e-09 1.474504280050e-09 1.555858374699e-09 1.638431015916e-09 1.751521921455e-09 
4.251129345850e-10 8.106519825032e-10 1.068793698345e-09 1.281617882042e-09 3.999554890170e-09 1.610501095213e-09 1.737692205231e-09 1.853542320969e-09 1.970876074122e-09 2.131637340126e-09 
4.389372056810e-10 8.505147931959e-10 1.137387146273e-09 1.385916771865e-09 1.610501095213e-09 4.349207286132e-09 1.987194130319e-09 2.147367783672e-09 2.307941226524e-09 2.527810972999e-09 
4.507837230255e-10 8.846753879665e-10 1.196042587552e-09 1.474504280050e-09 1.737692205231e-09 1.987194130319e-09 4.760408427483e-09 2.441772775281e-09 2.658548306907e-09 2.951939804556e-09 
4.616892935325e-10 9.161257399369e-10 1.250045348764e-09 1.555858374699e-09 1.853542320969e-09 2.147367783672e-09 2.441772775281e-09 5.278016222660e-09 3.039668527657e-09 3.426763086894e-09 
4.727565163735e-10 9.480427099788e-10 1.304854736167e-09 1.638431015916e-09 1.970876074122e-09 2.307941226524e-09 2.658548306907e-09 3.039668527657e-09 6.012278642993e-09 4.015646138309e-09 
4.879113474671e-10 9.917493047364e-10 1.379911920058e-09 1.751521921455e-09 2.131637340126e-09 2.527810972999e-09 2.951939804556e-09 3.426763086894e-09 4.015646138309e-09 7.537173755372e-09 
