3.1052951709396474e-08 1.4010661925360271e-08 1.0273053272670317e-08 8.0396995733807387e-09 6.4360484131644333e-09 5.1621118751813294e-09 4.0734945095938888e-09 3.0778456387640909e-09 2.0820631236945571e-09 7.5510986208911649e-10 
1.4010661925360271e-08 9.5069560279115848e-09 5.1533339885127415e-09 4.0687112048918002e-09 3.2901281924008554e-09 2.6716675803327881e-09 2.1430738922570222e-09 1.6595069645009992e-09 1.1758815482561456e-09 5.3300492594239440e-10 
1.0273053272670317e-08 5.1533339885127415e-09 6.3720084284326818e-09 3.0448832491649841e-09 2.4788584226826144e-09 2.0292635793875219e-09 1.6449529384172836e-09 1.2933201118238914e-09 9.4164713369508754e-10 4.7501261173809428e-10 
8.0396995733807387e-09 4.0687112048918002e-09 3.0448832491649841e-09 4.9715954012732508e-09 1.9941204472016292e-09 1.6454183357604569e-09 1.3473093259967208e-09 1.0745067150293444e-09 8.0167800172026038e-10 4.4035116090023755e-10 
6.4360484131644333e-09 3.2901281924008554e-09 2.4788584226826144e-09 1.9941204472016292e-09 4.1848763365833937e-09 1.3701938001423950e-09 1.1339949360297002e-09 9.1779846368206850e-10 7.0159442956149474e-10 4.1590489238601731e-10 
5.1621118751813294e-09 2.6716675803327881e-09 2.0292635793875219e-09 1.6454183357604569e-09 1.3701938001423950e-09 3.6901009986980738e-09 9.6464348022217832e-10 7.9340822110523684e-10 6.2216714285346965e-10 3.9655895405595228e-10 
4.0734945095938888e-09 2.1430738922570222e-09 1.6449529384172836e-09 1.3473093259967208e-09 1.1339949360297002e-09 9.6464348022217832e-10 3.3582468246732569e-09 6.8700557795932904e-10 5.5414530041044396e-10 3.7981987556332163e-10 
3.0778456387640909e-09 1.6595069645009992e-09 1.2933201118238914e-09 1.0745067150293444e-09 9.1779846368206850e-10 7.9340822110523684e-10 6.8700557795932904e-10 3.1280337535879327e-09 4.9190600396527998e-10 3.6429602510793967e-10 
2.0820631236945571e-09 1.1758815482561456e-09 9.4164713369508754e-10 8.0167800172026038e-10 7.0159442956149474e-10 6.2216714285346965e-10 5.5414530041044396e-10 4.9190600396527998e-10 2.9684301703778929e-09 3.4909668029140830e-10 
7.5510986208911649e-10 5.3300492594239440e-10 4.7501261173809428e-10 4.4035116090023755e-10 4.1590489238601731e-10 3.9655895405595228e-10 3.7981987556332163e-10 3.6429602510793967e-10 3.4909668029140830e-10 2.8710087892480529e-09 
