6.204305172375e-08 1.612032930369e-08 3.279246972570e-09 4.367424487586e-10 4.063636448382e-11 2.452823674165e-12 8.272638603497e-14 1.172595714688e-15 3.808824574037e-18 4.449364539753e-22 
1.612032930369e-08 6.815012162694e-08 2.369581156033e-08 7.315394246861e-09 1.399706026705e-09 1.677929749876e-10 1.137827399037e-11 3.383064979330e-13 2.492355931147e-15 7.686217040404e-19 
3.279246972570e-09 2.369581156033e-08 6.360719563748e-08 2.339146560135e-08 8.597813491160e-09 1.859986121922e-09 2.225448062892e-10 1.196988585733e-11 1.718536102383e-13 1.230513582413e-16 
4.367424487586e-10 7.315394246861e-09 2.339146560135e-08 5.899107847275e-08 2.119989940588e-08 8.192729430690e-09 1.704734237606e-09 1.604034962135e-10 4.248523622115e-12 6.699568391521e-15 
4.063636448382e-11 1.399706026705e-09 8.597813491160e-09 2.119989940588e-08 5.487261885918e-08 1.843033209860e-08 6.798106271538e-09 1.140535303512e-09 5.608346329843e-11 1.941939683652e-13 
2.452823674165e-12 1.677929749876e-10 1.859986121922e-09 8.192729430690e-09 1.843033209860e-08 5.113196603118e-08 1.541149817248e-08 4.811839544868e-09 4.624031365938e-10 3.701792531093e-12 
8.272638603497e-14 1.137827399037e-11 2.225448062892e-10 1.704734237606e-09 6.798106271538e-09 1.541149817248e-08 4.773382685378e-08 1.205676622143e-08 2.472904553358e-09 5.118932482834e-11 
1.172595714688e-15 3.383064979330e-13 1.196988585733e-11 1.604034962135e-10 1.140535303512e-09 4.811839544868e-09 1.205676622143e-08 4.426582100158e-08 8.074489822253e-09 5.217456525785e-10 
3.808824574037e-18 2.492355931147e-15 1.718536102383e-13 4.248523622115e-12 5.608346329843e-11 4.624031365938e-10 2.472904553358e-09 8.074489822253e-09 4.070033531683e-08 3.562275139250e-09 
4.449364539753e-22 7.686217040404e-19 1.230513582413e-16 6.699568391521e-15 1.941939683652e-13 3.701792531093e-12 5.118932482834e-11 5.217456525785e-10 3.562275139250e-09 3.506274781331e-08 
