8.5072556993105196e-08 2.5815775042568424e-08 5.1005340952664350e-09 6.6390850405550780e-10 6.0624803065959815e-11 3.6068962062470466e-12 1.1998714830789320e-13 1.6827593596085211e-15 5.4186108682144169e-18 6.2886543672830364e-22 
2.5815775042568424e-08 9.0641176847918177e-08 3.6231069794610251e-08 1.0977454001427936e-08 2.0689392632863118e-09 2.4479748811942334e-10 1.6404381663043476e-11 4.8401456370833981e-13 3.5348682878699088e-15 1.0871315942972779e-18 
5.1005340952664350e-09 3.6231069794610251e-08 8.1466192139054465e-08 3.4704326968272435e-08 1.2606119424600812e-08 2.6956467233586115e-09 3.1963533170019765e-10 1.7078197185198111e-11 2.4321393084922774e-13 1.7416476365428892e-16 
6.6390850405550780e-10 1.0977454001427936e-08 3.4704326968272435e-08 7.3422493337440849e-08 3.0824323364240637e-08 1.1804901360459474e-08 2.4409353113457038e-09 2.2818646939067284e-10 6.0053339285053887e-12 9.4869453497752489e-15 
6.0624803065959815e-11 2.0689392632863118e-09 1.2606119424600812e-08 3.0824323364240637e-08 6.6677619099316867e-08 2.6436118388327897e-08 9.7023311397459617e-09 1.6174944500233031e-09 7.9247570815941907e-11 2.7502476970374753e-13 
3.6068962062470466e-12 2.4479748811942334e-10 2.6956467233586115e-09 1.1804901360459474e-08 2.6436118388327897e-08 6.0958743588790314e-08 2.1905575473376983e-08 6.8061077112974916e-09 6.5372981988434009e-10 5.2416840503940747e-12 
1.1998714830789320e-13 1.6404381663043476e-11 3.1963533170019765e-10 2.4409353113457038e-09 9.7023311397459617e-09 2.1905575473376983e-08 5.5847099895277653e-08 1.7036977087732634e-08 3.4999223387730799e-09 7.2471148234787863e-11 
1.6827593596085211e-15 4.8401456370833981e-13 1.7078197185198111e-11 2.2818646939067284e-10 1.6174944500233031e-09 6.8061077112974916e-09 1.7036977087732634e-08 5.0926381155114743e-08 1.1433936938676164e-08 7.3951206564240000e-10 
5.4186108682144169e-18 3.5348682878699088e-15 2.4321393084922774e-13 6.0053339285053887e-12 7.9247570815941907e-11 6.5372981988434009e-10 3.4999223387730799e-09 1.1433936938676164e-08 4.5904587659992605e-08 5.0829078168415729e-09 
6.2886543672830364e-22 1.0871315942972779e-18 1.7416476365428892e-16 9.4869453497752489e-15 2.7502476970374753e-13 5.2416840503940747e-12 7.2471148234787863e-11 7.3951206564240000e-10 5.0829078168415729e-09 3.8160778394540081e-08 
