1.694202437872e-07 5.705074940528e-08 1.070098564198e-08 1.346576755020e-09 1.201883125480e-10 7.048926444437e-12 2.325942234820e-13 3.251691516729e-15 1.056461274497e-17 1.252349741203e-21 
5.705074940528e-08 1.602652016025e-07 7.407418720286e-08 2.191159232625e-08 4.062141190959e-09 4.760099476239e-10 3.171887837658e-11 9.373129973299e-13 6.918349052341e-15 2.178691951892e-18 
1.070098564198e-08 7.407418720286e-08 1.348412136657e-07 6.839099340226e-08 2.458770799346e-08 5.223836640064e-09 6.177435569475e-10 3.317868373327e-11 4.776511360030e-13 3.514884878804e-16 
1.346576755020e-09 2.191159232625e-08 6.839099340226e-08 1.165051194934e-07 5.982848673356e-08 2.282317327851e-08 4.724021996569e-09 4.449138507504e-10 1.183890104716e-11 1.929405059193e-14 
1.201883125480e-10 4.062141190959e-09 2.458770799346e-08 5.982848673356e-08 1.026138158217e-07 5.110452556497e-08 1.884184193543e-08 3.166495694752e-09 1.570190298680e-10 5.640399086900e-13 
7.048926444437e-12 4.760099476239e-10 5.223836640064e-09 2.282317327851e-08 5.110452556497e-08 9.173748768533e-08 4.275569001430e-08 1.338879979479e-08 1.305145653781e-09 1.084984939897e-11 
2.325942234820e-13 3.171887837658e-11 6.177435569475e-10 4.724021996569e-09 1.884184193543e-08 4.275569001430e-08 8.248336020820e-08 3.376325501372e-08 7.071700344753e-09 1.516179531215e-10 
3.251691516729e-15 9.373129973299e-13 3.317868373327e-11 4.449138507504e-10 3.166495694752e-09 1.338879979479e-08 3.376325501372e-08 7.386305020320e-08 2.351850795099e-08 1.567968243914e-09 
1.056461274497e-17 6.918349052341e-15 4.776511360030e-13 1.183890104716e-11 1.570190298680e-10 1.305145653781e-09 7.071700344753e-09 2.351850795099e-08 6.546180767070e-08 1.099509726366e-08 
1.252349741203e-21 2.178691951892e-18 3.514884878804e-16 1.929405059193e-14 5.640399086900e-13 1.084984939897e-11 1.516179531215e-10 1.567968243914e-09 1.099509726366e-08 5.064798964932e-08 
