1.147398789700e-07 3.729559750659e-08 7.178297366480e-09 9.173810470454e-10 8.269290966951e-11 4.873891823160e-12 1.608818031283e-13 2.249149279937e-15 7.221302365463e-18 8.446967972891e-22 
3.729559750659e-08 1.164443257767e-07 5.028928236468e-08 1.503053665187e-08 2.805229048538e-09 3.292141857128e-10 2.195083736988e-11 6.462921624816e-13 4.710511709800e-15 1.463274732972e-18 
7.178297366480e-09 5.028928236468e-08 1.012570239073e-07 4.716861060546e-08 1.700350515552e-08 3.613659425706e-09 4.272934256052e-10 2.278022237333e-11 3.244462268413e-13 2.348159901093e-16 
9.173810470454e-10 1.503053665187e-08 4.716861060546e-08 8.926245886542e-08 4.138040365771e-08 1.579363784843e-08 3.260186663933e-09 3.041411320350e-10 8.026628170128e-12 1.280892607110e-14 
8.269290966951e-11 2.805229048538e-09 1.700350515552e-08 4.138040365771e-08 7.969441377822e-08 3.532838221484e-08 1.294336900596e-08 2.155973023459e-09 1.061949349168e-10 3.718489117213e-13 
4.873891823160e-12 3.292141857128e-10 3.613659425706e-09 1.579363784843e-08 3.532838221484e-08 7.191559625976e-08 2.919287533096e-08 9.087025415671e-09 8.786919614633e-10 7.099653602195e-12 
1.608818031283e-13 2.195083736988e-11 4.272934256052e-10 3.260186663933e-09 1.294336900596e-08 2.919287533096e-08 6.508010856983e-08 2.283289886130e-08 4.719226990154e-09 9.845890629844e-11 
2.249149279937e-15 6.462921624816e-13 2.278022237333e-11 3.041411320350e-10 2.155973023459e-09 9.087025415671e-09 2.283289886130e-08 5.880307892008e-08 1.546913205998e-08 1.011341570564e-09 
7.221302365463e-18 4.710511709800e-15 3.244462268413e-13 8.026628170128e-12 1.061949349168e-10 8.786919614633e-10 4.719226990154e-09 1.546913205998e-08 5.232717366327e-08 7.049446152281e-09 
8.446967972891e-22 1.463274732972e-18 2.348159901093e-16 1.280892607110e-14 3.718489117213e-13 7.099653602195e-12 9.845890629844e-11 1.011341570564e-09 7.049446152281e-09 4.228442440645e-08 
