8.814962883285e-08 2.699150178785e-08 5.310222462898e-09 6.891579478931e-10 6.279230056111e-11 3.732201596904e-12 1.238944444230e-13 1.737845800957e-15 5.591321834061e-18 6.498662427783e-22 
2.699150178785e-08 9.325171870374e-08 3.763829637949e-08 1.137646659360e-08 2.141626033362e-09 2.530056371546e-10 1.693323266304e-11 5.000292042355e-13 3.644114029183e-15 1.124655152278e-18 
5.310222462898e-09 3.763829637949e-08 8.341799112046e-08 3.593159870463e-08 1.303877824641e-08 2.783419332014e-09 3.300581953563e-10 1.763645832480e-11 2.506584331929e-13 1.803053847775e-16 
6.891579478931e-10 1.137646659360e-08 3.593159870463e-08 7.498537619186e-08 3.184131892078e-08 1.218586171198e-08 2.521449614073e-09 2.354548527152e-10 6.191884529232e-12 9.824490988338e-15 
6.279230056111e-11 2.141626033362e-09 1.303877824641e-08 3.184131892078e-08 6.791745401951e-08 2.730321240553e-08 1.002009977904e-08 1.667595264391e-09 8.179687895990e-11 2.847832740656e-13 
3.732201596904e-12 2.530056371546e-10 2.783419332014e-09 1.218586171198e-08 2.730321240553e-08 6.203762795253e-08 2.259744850045e-08 7.015754896920e-09 6.757768565540e-10 5.425212672268e-12 
1.238944444230e-13 1.693323266304e-11 3.300581953563e-10 2.521449614073e-09 1.002009977904e-08 2.259744850045e-08 5.669506112347e-08 1.758625915770e-08 3.622879622608e-09 7.496246810677e-11 
1.737845800957e-15 5.000292042355e-13 1.763645832480e-11 2.354548527152e-10 1.667595264391e-09 7.015754896920e-09 1.758625915770e-08 5.171421545207e-08 1.183703086765e-08 7.650853822104e-10 
5.591321834061e-18 3.644114029183e-15 2.506584331929e-13 6.191884529232e-12 8.179687895990e-11 6.757768565540e-10 3.622879622608e-09 1.183703086765e-08 4.651482113009e-08 5.279754663181e-09 
6.498662427783e-22 1.124655152278e-18 1.803053847775e-16 9.824490988338e-15 2.847832740656e-13 5.425212672268e-12 7.496246810677e-11 7.650853822104e-10 5.279754663181e-09 3.859535197797e-08 
