7.760896974594e-07 2.850124961170e-07 5.545468355937e-08 7.337562082913e-09 6.937863456786e-10 4.310181637269e-11 1.503281230050e-12 2.264688541006e-14 8.086241020195e-17 1.042797775027e-20 
2.850124961170e-07 7.070087868987e-07 3.979183978709e-07 1.240087991939e-07 2.431916056708e-08 3.002773433832e-09 2.122316041802e-10 6.774184549873e-12 5.428868657753e-14 1.830542742340e-17 
5.545468355937e-08 3.979183978709e-07 6.267226790627e-07 4.033135394910e-07 1.521005991355e-07 3.393183976216e-08 4.270833836853e-09 2.471477934189e-10 3.819840262581e-12 2.978323239389e-15 
7.337562082913e-09 1.240087991939e-07 4.033135394910e-07 5.706632585849e-07 3.828173094447e-07 1.534194538950e-07 3.380256640186e-08 3.405284236436e-09 9.617475658601e-11 1.650128496046e-13 
6.937863456786e-10 2.431916056708e-08 1.521005991355e-07 3.828173094447e-07 5.239249787245e-07 3.581710749510e-07 1.398862310918e-07 2.487310532215e-08 1.293632517263e-09 4.879016279825e-12 
4.310181637269e-11 3.002773433832e-09 3.393183976216e-08 1.534194538950e-07 3.581710749510e-07 4.950187237576e-07 3.296072927716e-07 1.078278928636e-07 1.090243272380e-08 9.528916316222e-11 
1.503281230050e-12 2.122316041802e-10 4.270833836853e-09 3.380256640186e-08 1.398862310918e-07 3.296072927716e-07 4.618323253647e-07 2.782815305132e-07 6.001840195850e-08 1.361873633745e-09 
2.264688541006e-14 6.774184549873e-12 2.471477934189e-10 3.405284236436e-09 2.487310532215e-08 1.078278928636e-07 2.782815305132e-07 4.129737242795e-07 2.045715083416e-07 1.461481298476e-08 
8.086241020195e-17 5.428868657753e-14 3.819840262581e-12 9.617475658601e-11 1.293632517263e-09 1.090243272380e-08 6.001840195850e-08 2.045715083416e-07 3.688056289655e-07 1.090664414756e-07 
1.042797775027e-20 1.830542742340e-17 2.978323239389e-15 1.650128496046e-13 4.879016279825e-12 9.528916316222e-11 1.361873633745e-09 1.461481298476e-08 1.090664414756e-07 2.685392302608e-07 
