2.714441545361e-07 9.189146114368e-08 1.696021479621e-08 2.124663452614e-09 1.900474203119e-10 1.122758604965e-11 3.741896073769e-13 5.295662196367e-15 1.751744948711e-17 2.163888794869e-21 
9.189146114368e-08 2.379216282572e-07 1.169392362164e-07 3.460397813018e-08 6.450050765051e-09 7.623994193315e-10 5.132865703527e-11 1.535575313317e-12 1.156557549168e-14 3.787948284188e-18 
1.696021479621e-08 1.169392362164e-07 1.965394909393e-07 1.083841642371e-07 3.924240677874e-08 8.410801471926e-09 1.004862919388e-09 5.466850721465e-11 8.051872315471e-13 6.144187631157e-16 
2.124663452614e-09 3.460397813018e-08 1.083841642371e-07 1.689642307448e-07 9.607133907267e-08 3.696055086502e-08 7.726821925772e-09 7.379854385488e-10 2.012862637758e-11 3.390424503978e-14 
1.900474203119e-10 6.450050765051e-09 3.924240677874e-08 9.607133907267e-08 1.485297301439e-07 8.330988451870e-08 3.102554952587e-08 5.297619304375e-09 2.693452150738e-10 9.967739648649e-13 
1.122758604965e-11 7.623994193315e-10 8.410801471926e-09 3.696055086502e-08 8.330988451870e-08 1.326018451392e-07 7.106305793955e-08 2.265580793198e-08 2.259900472013e-09 1.930541934394e-11 
3.741896073769e-13 5.132865703527e-11 1.004862919388e-09 7.726821925772e-09 3.102554952587e-08 7.106305793955e-08 1.196727005971e-07 5.793482761769e-08 1.236977738298e-08 2.723330799286e-10 
5.295662196367e-15 1.535575313317e-12 5.466850721465e-11 7.379854385488e-10 5.297619304375e-09 2.265580793198e-08 5.793482761769e-08 1.077286607520e-07 4.166007343156e-08 2.859118516825e-09 
1.751744948711e-17 1.156557549168e-14 8.051872315471e-13 2.012862637758e-11 2.693452150738e-10 2.259900472013e-09 1.236977738298e-08 4.166007343156e-08 9.560254333669e-08 2.057595690852e-08 
2.163888794869e-21 3.787948284188e-18 6.144187631157e-16 3.390424503978e-14 9.967739648649e-13 1.930541934394e-11 2.723330799286e-10 2.859118516825e-09 2.057595690852e-08 7.172955905995e-08 
