5.676888704151e-07 1.983798736381e-07 3.757417632527e-08 4.868744899833e-09 4.515646901417e-10 2.768490939594e-11 9.599652719344e-13 1.421221781991e-14 4.975314697636e-17 6.463368316715e-21 
1.983798736381e-07 4.901961126051e-07 2.654471314491e-07 8.122699524952e-08 1.568277045252e-08 1.922492270915e-09 1.345922808610e-10 4.209722020109e-12 3.337511432191e-14 1.137439042877e-17 
3.757417632527e-08 2.654471314491e-07 4.213094060824e-07 2.609905838266e-07 9.756844575950e-08 2.164355359975e-08 2.685473687662e-09 1.526436986775e-10 2.350820648386e-12 1.855136375545e-15 
4.868744899833e-09 8.122699524952e-08 2.609905838266e-07 3.764536636541e-07 2.447062089532e-07 9.718175911714e-08 2.106171482287e-08 2.096067031642e-09 5.930659276217e-11 1.030354435072e-13 
4.515646901417e-10 1.568277045252e-08 9.756844575950e-08 2.447062089532e-07 3.428926713529e-07 2.243882078475e-07 8.645169441898e-08 1.529614678024e-08 7.998491065157e-10 3.054042186819e-12 
2.768490939594e-11 1.922492270915e-09 2.164355359975e-08 9.718175911714e-08 2.243882078475e-07 3.172597147728e-07 2.027640290463e-07 6.641789473849e-08 6.763831761527e-09 5.979045824147e-11 
9.599652719344e-13 1.345922808610e-10 2.685473687662e-09 2.106171482287e-08 8.645169441898e-08 2.027640290463e-07 2.950758964249e-07 1.720791339982e-07 3.739704800015e-08 8.561996349238e-10 
1.421221781991e-14 4.209722020109e-12 1.526436986775e-10 2.096067031642e-09 1.529614678024e-08 6.641789473849e-08 1.720791339982e-07 2.675016189514e-07 1.281472196975e-07 9.186833707909e-09 
4.975314697636e-17 3.337511432191e-14 2.350820648386e-12 5.930659276217e-11 7.998491065157e-10 6.763831761527e-09 3.739704800015e-08 1.281472196975e-07 2.423261658080e-07 6.797996524114e-08 
6.463368316715e-21 1.137439042877e-17 1.855136375545e-15 1.030354435072e-13 3.054042186819e-12 5.979045824147e-11 8.561996349238e-10 9.186833707909e-09 6.797996524114e-08 1.737315173911e-07 
