6.577425535019e-08 1.773272811542e-08 3.586228007128e-09 4.754549824090e-10 4.403054278565e-11 2.651550716897e-12 8.913534412789e-14 1.259033947421e-15 4.090724098375e-18 4.752310896590e-22 
1.773272811542e-08 7.193345042409e-08 2.582639452695e-08 7.938822764167e-09 1.514009605498e-09 1.811163718526e-10 1.223063839377e-11 3.634224629477e-13 2.672272350392e-15 8.218547513110e-19 
3.586228007128e-09 2.582639452695e-08 6.665022690016e-08 2.531605728035e-08 9.289813687881e-09 2.003390583688e-09 2.390024052083e-10 1.286147896623e-11 1.839111495547e-13 1.317571175491e-16 
4.754549824090e-10 7.938822764167e-09 2.531605728035e-08 6.147788259941e-08 2.286126297002e-08 8.805165044605e-09 1.830989722032e-09 1.722393525611e-10 4.539977614006e-12 7.182693460555e-15 
4.403054278565e-11 1.514009605498e-09 9.289813687881e-09 2.286126297002e-08 5.687806887483e-08 1.979128847137e-08 7.304293471440e-09 1.222640432125e-09 5.989355699602e-11 2.083569743963e-13 
2.651550716897e-12 1.811163718526e-10 2.003390583688e-09 8.805165044605e-09 1.979128847137e-08 5.283870600284e-08 1.654348642914e-08 5.146040252931e-09 4.941288254591e-10 3.971501237795e-12 
8.913534412789e-14 1.223063839377e-11 2.390024052083e-10 1.830989722032e-09 7.304293471440e-09 1.654348642914e-08 4.910604282709e-08 1.287598367125e-08 2.647990973784e-09 5.485081558787e-11 
1.259033947421e-15 3.634224629477e-13 1.286147896623e-11 1.722393525611e-10 1.222640432125e-09 5.146040252931e-09 1.287598367125e-08 4.538764958763e-08 8.661317222786e-09 5.576456824975e-10 
4.090724098375e-18 2.672272350392e-15 1.839111495547e-13 4.539977614006e-12 5.989355699602e-11 4.941288254591e-10 2.647990973784e-09 8.661317222786e-09 4.157712515821e-08 3.802546326553e-09 
4.752310896590e-22 8.218547513110e-19 1.317571175491e-16 7.182693460555e-15 2.083569743963e-13 3.971501237795e-12 5.485081558787e-11 5.576456824975e-10 3.802546326553e-09 3.557833639024e-08 
