8.328548039003e-08 2.503501709654e-08 4.951657110824e-09 6.451851922119e-10 5.893735010440e-11 3.510374879021e-12 1.168535336460e-13 1.638156038567e-15 5.287789300939e-18 6.123106223365e-22 
2.503501709654e-08 8.880776899949e-08 3.519947459110e-08 1.067146859339e-08 2.012433042630e-09 2.383980218060e-10 1.596866066224e-11 4.716486384957e-13 3.448442489537e-15 1.059328999689e-18 
4.951657110824e-09 3.519947459110e-08 7.997988795935e-08 3.374646386073e-08 1.227208495513e-08 2.625007374421e-09 3.111667245942e-10 1.665693265866e-11 2.370783212808e-13 1.698988362794e-16 
6.451851922119e-10 1.067146859339e-08 3.374646386073e-08 7.221663340792e-08 3.002043793179e-08 1.149141316606e-08 2.377890787301e-09 2.226466484757e-10 5.849230109999e-12 9.265765514922e-15 
5.893735010440e-11 2.012433042630e-09 1.227208495513e-08 3.002043793179e-08 6.565821917480e-08 2.574018034795e-08 9.462002050243e-09 1.577740380059e-09 7.715759925989e-11 2.688985906630e-13 
3.510374879021e-12 2.383980218060e-10 2.625007374421e-09 1.149141316606e-08 2.574018034795e-08 6.013832722775e-08 2.137433708104e-08 6.632044067680e-09 6.367645598798e-10 5.128302281274e-12 
1.168535336460e-13 1.596866066224e-11 3.111667245942e-10 2.377890787301e-09 9.462002050243e-09 2.137433708104e-08 5.515042002512e-08 1.658763870099e-08 3.414736844574e-09 7.089252240046e-11 
1.638156038567e-15 4.716486384957e-13 1.665693265866e-11 2.226466484757e-10 1.577740380059e-09 6.632044067680e-09 1.658763870099e-08 5.035603484474e-08 1.118026373551e-08 7.222098614690e-10 
5.287789300939e-18 3.448442489537e-15 2.370783212808e-13 5.849230109999e-12 7.715759925989e-11 6.367645598798e-10 3.414736844574e-09 1.118026373551e-08 4.550435425179e-08 4.952322779469e-09 
6.123106223365e-22 1.059328999689e-18 1.698988362794e-16 9.265765514922e-15 2.688985906630e-13 5.128302281274e-12 7.089252240046e-11 7.222098614690e-10 4.952322779469e-09 3.793127215075e-08 
