1.2873837941603156e-06 5.1383825580771000e-07 1.0338621238513320e-07 1.4010311356710381e-08 1.3225945407726211e-09 8.2197422882281539e-11 2.9498961471571604e-12 4.5567012958584698e-14 1.6028363156100634e-16 2.0055955476752686e-20 
5.1383825580771000e-07 1.2861487033398709e-06 7.5638177529228220e-07 2.3701304838087601e-07 4.6273936466814760e-08 5.8094577245950885e-09 4.2318241405429121e-10 1.3610873458803744e-11 1.0666958695089203e-13 3.5096757411267179e-17 
1.0338621238513320e-07 7.5638177529228220e-07 1.1729722988328362e-06 7.6747896787452054e-07 2.9146337530461312e-07 6.6736202421040836e-08 8.5783166269671095e-09 4.9362536079222105e-10 7.4529912115266379e-12 5.6931245671834665e-15 
1.4010311356710381e-08 2.3701304838087601e-07 7.6747896787452054e-07 1.0648778517748202e-06 7.4654676209320293e-07 3.0627554652790032e-07 6.7949412322462936e-08 6.7481614300335049e-09 1.8657739610256234e-10 3.1436867086401676e-13 
1.3225945407726211e-09 4.6273936466814760e-08 2.9146337530461312e-07 7.4654676209320293e-07 1.0149000441837676e-06 7.2039332194864888e-07 2.7960624531302323e-07 4.8851106756941966e-08 2.4971585693497543e-09 9.2573871451369143e-12 
8.2197422882281539e-11 5.8094577245950885e-09 6.6736202421040836e-08 3.0627554652790032e-07 7.2039332194864888e-07 9.6343991959056580e-07 6.5165184690675424e-07 2.0984547705775872e-07 2.0944645307892207e-08 1.7984934157568235e-10 
2.9498961471571604e-12 4.2318241405429121e-10 8.5783166269671095e-09 6.7949412322462936e-08 2.7960624531302323e-07 6.5165184690675424e-07 8.7458703670536800e-07 5.3710514737889673e-07 1.1465705132692442e-07 2.5514621791042387e-09 
4.5567012958584698e-14 1.3610873458803744e-11 4.9362536079222105e-10 6.7481614300335049e-09 4.8851106756941966e-08 2.0984547705775872e-07 5.3710514737889673e-07 7.6510700395959980e-07 3.8740873129306901e-07 2.7077951339163434e-08 
1.6028363156100634e-16 1.0666958695089203e-13 7.4529912115266379e-12 1.8657739610256234e-10 2.4971585693497543e-09 2.0944645307892207e-08 1.1465705132692442e-07 3.8740873129306901e-07 6.6291517527765404e-07 1.9894664974973381e-07 
2.0055955476752686e-20 3.5096757411267179e-17 5.6931245671834665e-15 3.1436867086401676e-13 9.2573871451369143e-12 1.7984934157568235e-10 2.5514621791042387e-09 2.7077951339163434e-08 1.9894664974973381e-07 4.6455708348910110e-07 
