2.7074791259317522e-07 9.1601331919060470e-08 1.6890572870746089e-08 2.1146050271785779e-09 1.8909867428020027e-10 1.1156791738178808e-11 3.7203190899155470e-13 5.2912543780303194e-15 1.7558853347256576e-17 2.1701811257308543e-21 
9.1601331919060470e-08 2.3708790880099676e-07 1.1640413966140950e-07 3.4433502039818260e-08 6.4133847287097999e-09 7.5744820288293263e-10 5.1151211366015899e-11 1.5368954452993408e-12 1.1596647480877944e-14 3.7989161677426177e-18 
1.6890572870746089e-08 1.1640413966140950e-07 1.9571480827281239e-07 1.0780753375775632e-07 3.8989350510368279e-08 8.3654935125388795e-09 1.0035087514896720e-09 5.4765364044928587e-11 8.0746467991262510e-13 6.1619048391046779e-16 
2.1146050271785779e-09 3.4433502039818260e-08 1.0780753375775632e-07 1.6807217677902671e-07 9.5481714260801262e-08 3.6843532046309791e-08 7.7299826081612036e-09 7.3970566799201396e-10 2.0186717783345506e-11 3.4001618390580905e-14 
1.8909867428020027e-10 6.4133847287097999e-09 3.8989350510368279e-08 9.5481714260801262e-08 1.4807498383009118e-07 8.3263193197078661e-08 3.1077736967837703e-08 5.3118080863307956e-09 2.7012653521188826e-10 9.9962510670087003e-13 
1.1156791738178808e-11 7.5744820288293263e-10 8.3654935125388795e-09 3.6843532046309791e-08 8.3263193197078661e-08 1.3274758201396679e-07 7.1237225195699233e-08 2.2720500043059256e-08 2.2664363131160218e-09 1.9360390700211685e-11 
3.7203190899155470e-13 5.1151211366015899e-11 1.0035087514896720e-09 7.7299826081612036e-09 3.1077736967837703e-08 7.1237225195699233e-08 1.1993030656301696e-07 5.8102848006396719e-08 1.2405299983336768e-08 2.7310401478188686e-10 
5.2912543780303194e-15 1.5368954452993408e-12 5.4765364044928587e-11 7.3970566799201396e-10 5.3118080863307956e-09 2.2720500043059256e-08 5.8102848006396719e-08 1.0795773950866885e-07 4.1778622356381627e-08 2.8671409159611811e-09 
1.7558853347256576e-17 1.1596647480877944e-14 8.0746467991262510e-13 2.0186717783345506e-11 2.7012653521188826e-10 2.2664363131160218e-09 1.2405299983336768e-08 4.1778622356381627e-08 9.5791825819923964e-08 2.0632961299696997e-08 
2.1701811257308543e-21 3.7989161677426177e-18 6.1619048391046779e-16 3.4001618390580905e-14 9.9962510670087003e-13 1.9360390700211685e-11 2.7310401478188686e-10 2.8671409159611811e-09 2.0632961299696997e-08 7.1848565056488370e-08 
