2.5288900653489821e-07 8.5574095178919772e-08 1.5796096221046233e-08 1.9766303496299195e-09 1.7652933829334397e-10 1.0395032286996961e-11 3.4569694973298519e-13 4.9000071936749506e-15 1.6191170837458287e-17 1.9885324082955117e-21 
8.5574095178919772e-08 2.2354130560165984e-07 1.0883296101806111e-07 3.2160618356040125e-08 5.9802322613544204e-09 7.0469476173341206e-10 4.7452165724604870e-11 1.4210285536970577e-12 1.0678023561703576e-14 3.4770564324883048e-18 
1.5796096221046233e-08 1.0883296101806111e-07 1.8468883882454064e-07 1.0057730443519103e-07 3.6308003419730654e-08 7.7715303581951580e-09 9.2960750307085828e-10 5.0567412353430066e-11 7.4255848054155449e-13 5.6336795617105573e-16 
1.9766303496299195e-09 3.2160618356040125e-08 1.0057730443519103e-07 1.5849422344684512e-07 8.8768863215997992e-08 3.4172177040580425e-08 7.1502437783600050e-09 6.8206972044740751e-10 1.8541432082011404e-11 3.1052881412143570e-14 
1.7652933829334397e-10 5.9802322613544204e-09 3.6308003419730654e-08 8.8768863215997992e-08 1.3942875873213763e-07 7.7086426235185715e-08 2.8699908143762987e-08 4.8905722972348948e-09 2.4779030183723087e-10 9.1195482927479239e-13 
1.0395032286996961e-11 7.0469476173341206e-10 7.7715303581951580e-09 3.4172177040580425e-08 7.7086426235185715e-08 1.2479516474280121e-07 6.5661219565865742e-08 2.0882852557001284e-08 2.0758711203578911e-09 1.7643881568710777e-11 
3.4569694973298519e-13 4.7452165724604870e-11 9.2960750307085828e-10 7.1502437783600050e-09 2.8699908143762987e-08 6.5661219565865742e-08 1.1256214482929183e-07 5.3296019412641642e-08 1.1340339194301222e-08 2.4861627687255308e-10 
4.9000071936749506e-15 1.4210285536970577e-12 5.0567412353430066e-11 6.8206972044740751e-10 4.8905722972348948e-09 2.0882852557001284e-08 5.3296019412641642e-08 1.0117190038510910e-07 3.8102802181226633e-08 2.6059715683356502e-09 
1.6191170837458287e-17 1.0678023561703576e-14 7.4255848054155449e-13 1.8541432082011404e-11 2.4779030183723087e-10 2.0758711203578911e-09 1.1340339194301222e-08 3.8102802181226633e-08 8.9687595552179708e-08 1.8687544915687600e-08 
1.9885324082955117e-21 3.4770564324883048e-18 5.6336795617105573e-16 3.1052881412143570e-14 9.1195482927479239e-13 1.7643881568710777e-11 2.4861627687255308e-10 2.6059715683356502e-09 1.8687544915687600e-08 6.7583073171092202e-08 
