4.496567215954e-07 1.541141597242e-07 2.864433183150e-08 3.646525345490e-09 3.332503839793e-10 2.014531606757e-11 6.899221697770e-13 1.010166167845e-14 3.474659787220e-17 4.478889080021e-21 
1.541141597242e-07 3.816938537351e-07 1.997005444606e-07 6.022846843547e-08 1.147238130448e-08 1.388500895821e-09 9.622700976142e-11 2.972935849784e-12 2.321015864383e-14 7.885235487554e-18 
2.864433183150e-08 1.997005444606e-07 3.202820535907e-07 1.916268428909e-07 7.079494626796e-08 1.554442370154e-08 1.910706934731e-09 1.071682397636e-10 1.631024629833e-12 1.286432779294e-15 
3.646525345490e-09 6.022846843547e-08 1.916268428909e-07 2.813260314662e-07 1.762167086384e-07 6.943161035126e-08 1.489990745504e-08 1.464004617443e-09 4.110159461783e-11 7.144678910286e-14 
3.332503839793e-10 1.147238130448e-08 7.079494626796e-08 1.762167086384e-07 2.533246222752e-07 1.593107536425e-07 6.073626536649e-08 1.063755889582e-08 5.541665767842e-10 2.116423033928e-12 
2.014531606757e-11 1.388500895821e-09 1.554442370154e-08 6.943161035126e-08 1.593107536425e-07 2.316902674143e-07 1.414338677463e-07 4.605755133876e-08 4.687684018064e-09 4.136615685532e-11 
6.899221697770e-13 9.622700976142e-11 1.910706934731e-09 1.489990745504e-08 6.073626536649e-08 1.414338677463e-07 2.133964228156e-07 1.192256519154e-07 2.592846053280e-08 5.902060201213e-10 
1.010166167845e-14 2.972935849784e-12 1.071682397636e-10 1.464004617443e-09 1.063755889582e-08 4.605755133876e-08 1.192256519154e-07 1.941059401843e-07 8.873621050477e-08 6.282560619386e-09 
3.474659787220e-17 2.321015864383e-14 1.631024629833e-12 4.110159461783e-11 5.541665767842e-10 4.687684018064e-09 2.592846053280e-08 8.873621050477e-08 1.752325046028e-07 4.576632774739e-08 
4.478889080021e-21 7.885235487554e-18 1.286432779294e-15 7.144678910286e-14 2.116423033928e-12 4.136615685532e-11 5.902060201213e-10 6.282560619386e-09 4.576632774739e-08 1.256206771123e-07 
