1.191674825736e-07 3.895404733786e-08 7.476168655957e-09 9.536429067957e-10 8.587071965757e-11 5.054090160813e-12 1.668653372826e-13 2.331286195977e-15 7.484321349349e-18 8.768999755349e-22 
3.895404733786e-08 1.201467104232e-07 5.229865359723e-08 1.561355562635e-08 2.910442953921e-09 3.413676943640e-10 2.276767847234e-11 6.694144385295e-13 4.887974573067e-15 1.518039705844e-18 
7.476168655957e-09 5.229865359723e-08 1.041011893667e-07 4.895678672551e-08 1.763099476562e-08 3.748012462521e-09 4.429608107636e-10 2.359590201182e-11 3.369723549649e-13 2.434936994472e-16 
9.536429067957e-10 1.561355562635e-08 4.895678672551e-08 9.151906046157e-08 4.291278153285e-08 1.638034876133e-08 3.377521705345e-09 3.152489472701e-10 8.339264803244e-12 1.328156736891e-14 
8.587071965757e-11 2.910442953921e-09 1.763099476562e-08 4.291278153285e-08 8.161187743695e-08 3.661377922942e-08 1.340658436904e-08 2.237265188780e-09 1.103027609456e-10 3.857758848305e-13 
5.054090160813e-12 3.413676943640e-10 3.748012462521e-09 1.638034876133e-08 3.661377922942e-08 7.347670062182e-08 3.026723365521e-08 9.439299959464e-09 9.119932735401e-10 7.375203381006e-12 
1.668653372826e-13 2.276767847234e-11 4.429608107636e-10 3.377521705345e-09 1.340658436904e-08 3.026723365521e-08 6.650076612228e-08 2.371520230569e-08 4.894416027430e-09 1.025072337162e-10 
2.331286195977e-15 6.694144385295e-13 2.359590201182e-11 3.152489472701e-10 2.237265188780e-09 9.439299959464e-09 2.371520230569e-08 5.994487779259e-08 1.605770030591e-08 1.055685332146e-09 
7.484321349349e-18 4.887974573067e-15 3.369723549649e-13 8.339264803244e-12 1.103027609456e-10 9.119932735401e-10 4.894416027430e-09 1.605770030591e-08 5.334991552854e-08 7.360836130226e-09 
8.768999755349e-22 1.518039705844e-18 2.434936994472e-16 1.328156736891e-14 3.857758848305e-13 7.375203381006e-12 1.025072337162e-10 1.055685332146e-09 7.360836130226e-09 4.289959523407e-08 
