3.1371569537995445e-07 1.0616991791987095e-07 1.9568966937159301e-08 2.4563024293931995e-09 2.2060314776582238e-10 1.3089647344401359e-11 4.3942113925331938e-13 6.2990593290226522e-15 2.1112913203099703e-17 2.6458940608020724e-21 
1.0616991791987095e-07 2.7016341227851155e-07 1.3509490877567650e-07 4.0107215181632559e-08 7.5075307692612383e-09 8.9201956113582371e-10 6.0646686012601016e-11 1.8363670012877910e-12 1.3989420640823504e-14 4.6421076370801765e-18 
1.9568966937159301e-08 1.3509490877567650e-07 2.2319142370414715e-07 1.2601211624497376e-07 4.5807174810561578e-08 9.8860380238632083e-09 1.1937525867290935e-09 6.5646349987687960e-11 9.7684173710792618e-13 7.5461437310568735e-16 
2.4563024293931995e-09 4.0107215181632559e-08 1.2601211624497376e-07 1.9239477729733621e-07 1.1263859154073071e-07 4.3703738941808173e-08 9.2270204010556301e-09 8.8947973765228357e-10 2.4486847187162312e-11 4.1734776160888378e-14 
2.2060314776582238e-10 7.5075307692612383e-09 4.5807174810561578e-08 1.1263859154073071e-07 1.7026184799242612e-07 9.9183119048840095e-08 3.7239079718038739e-08 6.4091516415385264e-09 3.2857706296745622e-10 1.2299335965855461e-12 
1.3089647344401359e-11 8.9201956113582371e-10 9.8860380238632083e-09 4.3703738941808173e-08 9.9183119048840095e-08 1.5333347158883886e-07 8.5736972787962881e-08 2.7519341104905860e-08 2.7655559956641757e-09 2.3882746524696070e-11 
4.3942113925331938e-13 6.0646686012601016e-11 1.1937525867290935e-09 9.2270204010556301e-09 3.7239079718038739e-08 8.5736972787962881e-08 1.3915633064836657e-07 7.0681957281801178e-08 1.5197050504872119e-08 3.3785022738016444e-10 
6.2990593290226522e-15 1.8363670012877910e-12 6.5646349987687960e-11 8.8947973765228357e-10 6.4091516415385264e-09 2.7519341104905860e-08 7.0681957281801178e-08 1.2573716884116252e-07 5.1446831404488666e-08 3.5576202023544977e-09 
2.1112913203099703e-17 1.3989420640823504e-14 9.7684173710792618e-13 2.4486847187162312e-11 3.2857706296745622e-10 2.7655559956641757e-09 1.5197050504872119e-08 5.1446831404488666e-08 1.1193058887067640e-07 2.5697835088813714e-08 
2.6458940608020724e-21 4.6421076370801765e-18 7.5461437310568735e-16 4.1734776160888378e-14 1.2299335965855461e-12 2.3882746524696070e-11 3.3785022738016444e-10 3.5576202023544977e-09 2.5697835088813714e-08 8.3077862317689977e-08 
