8.2722287371197869e-08 2.4835021023579303e-08 4.9164072160002447e-09 6.4111278040072305e-10 5.8627510988398249e-11 3.4920172527351017e-12 1.1627051144682792e-13 1.6318292128303636e-15 5.2571189271493390e-18 6.1021350992324626e-22 
2.4835021023579303e-08 8.8365202237630702e-08 3.4970864460094637e-08 1.0611074939204884e-08 2.0022368496252840e-09 2.3712791468045688e-10 1.5902432575032506e-11 4.6947227290843486e-13 3.4297611383965997e-15 1.0549092583971271e-18 
4.9164072160002447e-09 3.4970864460094637e-08 7.9678493627812399e-08 3.3575584374663652e-08 1.2207101654731309e-08 2.6122816635182572e-09 3.0994141680480492e-10 1.6567452302140010e-11 2.3599124548237485e-13 1.6901077574852097e-16 
6.4111278040072305e-10 1.0611074939204884e-08 3.3575584374663652e-08 7.1985861942066992e-08 2.9865041780397970e-08 1.1444159878075409e-08 2.3674520010887173e-09 2.2138481961845925e-10 5.8271139647667286e-12 9.2070181407108234e-15 
5.8627510988398249e-11 2.0022368496252840e-09 1.2207101654731309e-08 2.9865041780397970e-08 6.5498755411118407e-08 2.5636947736656193e-08 9.4120303177383753e-09 1.5693984736863587e-09 7.6896630838678533e-11 2.6694457836684647e-13 
3.4920172527351017e-12 2.3712791468045688e-10 2.6122816635182572e-09 1.1444159878075409e-08 2.5636947736656193e-08 5.9977260792879324e-08 2.1253134937720597e-08 6.6040482773054310e-09 6.3434913802385940e-10 5.0884836402052419e-12 
1.1627051144682792e-13 1.5902432575032506e-11 3.0994141680480492e-10 2.3674520010887173e-09 9.4120303177383753e-09 2.1253134937720597e-08 5.5026144611078498e-08 1.6531547837905754e-08 3.3964400527058980e-09 7.0362391651733039e-11 
1.6318292128303636e-15 4.6947227290843486e-13 1.6567452302140010e-11 2.2138481961845925e-10 1.5693984736863587e-09 6.6040482773054310e-09 1.6531547837905754e-08 5.0253503606116136e-08 1.1098579378636505e-08 7.1796348891282815e-10 
5.2571189271493390e-18 3.4297611383965997e-15 2.3599124548237485e-13 5.8271139647667286e-12 7.6896630838678533e-11 6.3434913802385940e-10 3.3964400527058980e-09 1.1098579378636505e-08 4.5389126930669315e-08 4.9321782626694503e-09 
6.1021350992324626e-22 1.0549092583971271e-18 1.6901077574852097e-16 9.2070181407108234e-15 2.6694457836684647e-13 5.0884836402052419e-12 7.0362391651733039e-11 7.1796348891282815e-10 4.9321782626694503e-09 3.7850482748242839e-08 
