7.7795367529596802e-07 2.8594588865044888e-07 5.5600358787184673e-08 7.3561493523367061e-09 6.9550476219341729e-10 4.3204600388838984e-11 1.5066843070985173e-12 2.2697825714024408e-14 8.1055334392266409e-17 1.0451146389995337e-20 
2.8594588865044888e-07 7.0883333512893673e-07 3.9893129294594698e-07 1.2431856345616551e-07 2.4378096183575762e-08 3.0097195862366763e-09 2.1270616581638274e-10 6.7897415417637572e-12 5.4419332824514437e-14 1.8344683232393025e-17 
5.5600358787184673e-08 3.9893129294594698e-07 6.2822281032930166e-07 4.0430066775755712e-07 1.5245929588638762e-07 3.4008560307183045e-08 4.2804304025653667e-09 2.4772723103195155e-10 3.8289911425036099e-12 2.9844897012215702e-15 
7.3561493523367061e-09 1.2431856345616551e-07 4.0430066775755712e-07 5.7195103214000779e-07 3.8369192253019175e-07 1.5376262977747164e-07 3.3879756066513128e-08 3.4133990349330126e-09 9.6401435659389887e-11 1.6534312133692832e-13 
6.9550476219341729e-10 2.4378096183575762e-08 1.5245929588638762e-07 3.8369192253019175e-07 5.2503437834188604e-07 3.5897983871678781e-07 1.4021341892738818e-07 2.4932838878733920e-08 1.2965959308347060e-09 4.8884879337750348e-12 
4.3204600388838984e-11 3.0097195862366763e-09 3.4008560307183045e-08 1.5376262977747164e-07 3.5897983871678781e-07 4.9610288888262537e-07 3.3039563345977958e-07 1.0808440354319296e-07 1.0926342243310262e-08 9.5469791563743747e-11 
1.5066843070985173e-12 2.1270616581638274e-10 4.2804304025653667e-09 3.3879756066513128e-08 1.4021341892738818e-07 3.3039563345977958e-07 4.6287052162437652e-07 2.7891811186534955e-07 6.0142270099458923e-08 1.3644314510785176e-09 
2.2697825714024408e-14 6.7897415417637572e-12 2.4772723103195155e-10 3.4133990349330126e-09 2.4932838878733920e-08 1.0808440354319296e-07 2.7891811186534955e-07 4.1378872407585903e-07 2.0496650508451143e-07 1.4642977781910475e-08 
8.1055334392266409e-17 5.4419332824514437e-14 3.8289911425036099e-12 9.6401435659389887e-11 1.2965959308347060e-09 1.0926342243310262e-08 6.0142270099458923e-08 2.0496650508451143e-07 3.6945385261631998e-07 1.0929797012956730e-07 
1.0451146389995337e-20 1.8344683232393025e-17 2.9844897012215702e-15 1.6534312133692832e-13 4.8884879337750348e-12 9.5469791563743747e-11 1.3644314510785176e-09 1.4642977781910475e-08 1.0929797012956730e-07 2.6913644156519295e-07 
