6.5499832423096400e-07 2.3417644625212300e-07 4.4892061140963037e-08 5.8764048905226675e-09 5.4963587017660646e-10 3.3887070172617621e-11 1.1862591937898470e-12 1.7725234147754762e-14 6.1317924604054190e-17 8.2010934917184433e-21 
2.3417644625212300e-07 5.7904736695055897e-07 3.1953317181252061e-07 9.8616823591219331e-08 1.9158183505302889e-08 2.3643641294516813e-09 1.6735244683027062e-10 5.2354262198635968e-12 4.1081331424837324e-14 1.4561167506708432e-17 
4.4892061140963037e-08 3.1953317181252061e-07 5.0492121268445016e-07 3.1837930300362989e-07 1.1962232063443533e-07 2.6770443448523136e-08 3.3470468875738019e-09 1.8894335823361916e-10 2.9032912879687264e-12 2.3906256868042566e-15 
5.8764048905226675e-09 9.8616823591219331e-08 3.1837930300362989e-07 4.5477260484932619e-07 3.0175068354322706e-07 1.2088279355307744e-07 2.6215109372578568e-08 2.5845068904363140e-09 7.3767382146884706e-11 1.3330023303080036e-13 
5.4963587017660646e-10 1.9158183505302889e-08 1.1962232063443533e-07 3.0175068354322706e-07 4.1919976786725279e-07 2.7969246863506141e-07 1.0707350376273085e-07 1.8845035277652691e-08 1.0050980991967938e-09 3.9536610619370831e-12 
3.3887070172617621e-11 2.3643641294516813e-09 2.6770443448523136e-08 1.2088279355307744e-07 2.7969246863506141e-07 3.8680533511807716e-07 2.4980875523977461e-07 8.2284683910854776e-08 8.6070763357485988e-09 7.7123954230468851e-11 
1.1862591937898470e-12 1.6735244683027062e-10 3.3470468875738019e-09 2.6215109372578568e-08 1.0707350376273085e-07 2.4980875523977461e-07 3.5784028757651642e-07 2.1634668412087855e-07 4.8164157019377693e-08 1.0934907379128931e-09 
1.7725234147754762e-14 5.2354262198635968e-12 1.8894335823361916e-10 2.5845068904363140e-09 1.8845035277652691e-08 8.2284683910854776e-08 2.1634668412087855e-07 3.3511070990178766e-07 1.6553648292520753e-07 1.1498798410896691e-08 
6.1317924604054190e-17 4.1081331424837324e-14 2.9032912879687264e-12 7.3767382146884706e-11 1.0050980991967938e-09 8.6070763357485988e-09 4.8164157019377693e-08 1.6553648292520753e-07 2.9897316615703078e-07 8.2492124399541492e-08 
8.2010934917184433e-21 1.4561167506708432e-17 2.3906256868042566e-15 1.3330023303080036e-13 3.9536610619370831e-12 7.7123954230468851e-11 1.0934907379128931e-09 1.1498798410896691e-08 8.2492124399541492e-08 2.0479890413996386e-07 
