6.6781454697651646e-08 3.1818170636468930e-08 2.3461140542118668e-08 1.8466880828273428e-08 1.4880796079337603e-08 1.2031668056710649e-08 9.5959844615009848e-09 7.3664944583219366e-09 5.1342037959706795e-09 2.1679760678766752e-09 
3.1818170636468930e-08 1.8462787683875455e-08 1.1827214813432873e-08 9.3787203753917285e-09 7.6209856959722951e-09 6.2245229904224393e-09 5.0304800830277322e-09 3.9372217698006577e-09 2.8424127093287092e-09 1.3905134865399627e-09 
2.3461140542118668e-08 1.1827214813432873e-08 1.1366400891950602e-08 7.0354740552503779e-09 5.7488639100133815e-09 4.7267182859270839e-09 3.8526304694773840e-09 3.0521694230404551e-09 2.2504781486951905e-09 1.1887990679169312e-09 
1.8466880828273428e-08 9.3787203753917285e-09 7.0354740552503779e-09 8.1736065979672612e-09 4.6300973697623858e-09 3.8316294634111812e-09 3.1487284430888237e-09 2.5232374425869299e-09 1.8967132349887799e-09 1.0682283244433228e-09 
1.4880796079337603e-08 7.6209856959722951e-09 5.7488639100133815e-09 4.6300973697623858e-09 6.3658371542806737e-09 3.1895912044714558e-09 2.6439929865870346e-09 2.1441411669676788e-09 1.6434122470252471e-09 9.8240687530778414e-10 
1.2031668056710649e-08 6.2245229904224393e-09 4.7267182859270839e-09 3.8316294634111812e-09 3.1895912044714558e-09 5.2180463826438456e-09 2.2431219175132298e-09 1.8430766617309768e-09 1.4422546985381362e-09 9.1429922647059850e-10 
9.5959844615009848e-09 5.0304800830277322e-09 3.8526304694773840e-09 3.1487284430888237e-09 2.6439929865870346e-09 2.2431219175132298e-09 4.4385424462226349e-09 1.5854325033862317e-09 1.2699427807173774e-09 8.5561769673751444e-10 
7.3664944583219366e-09 3.9372217698006577e-09 3.0521694230404551e-09 2.5232374425869299e-09 2.1441411669676788e-09 1.8430766617309768e-09 1.5854325033862317e-09 3.8876870749644756e-09 1.1120238702889041e-09 8.0134895388087108e-10 
5.1342037959706795e-09 2.8424127093287092e-09 2.2504781486951905e-09 1.8967132349887799e-09 1.6434122470252471e-09 1.4422546985381362e-09 1.2699427807173774e-09 1.1120238702889041e-09 3.4926224283271233e-09 7.4729248877501948e-10 
2.1679760678766752e-09 1.3905134865399627e-09 1.1887990679169312e-09 1.0682283244433228e-09 9.8240687530778414e-10 9.1429922647059850e-10 8.5561769673751444e-10 8.0134895388087108e-10 7.4729248877501948e-10 3.2208049668721545e-09 
