2.561291030000e-09 3.687125181217e-11 4.221089087017e-11 4.543318408886e-11 4.774620233796e-11 4.958508387771e-11 5.116088096716e-11 5.261151359178e-11 5.408364868656e-11 5.609953411549e-11 
3.687125181217e-11 2.607457018177e-09 8.447646608500e-11 9.422456527142e-11 1.012248709678e-10 1.067821180276e-10 1.115444782432e-10 1.159288893545e-10 1.203783302571e-10 1.264713584959e-10 
4.221089087017e-11 8.447646608500e-11 2.647011197811e-09 1.248884563070e-10 1.368200094124e-10 1.462583889679e-10 1.543348045094e-10 1.617705615619e-10 1.693170968304e-10 1.796514578683e-10 
4.543318408886e-11 9.422456527142e-11 1.248884563070e-10 2.686124795966e-09 1.651014502797e-10 1.790072296513e-10 1.908486223553e-10 2.017323669300e-10 2.127786202930e-10 2.279067434912e-10 
4.774620233796e-11 1.012248709678e-10 1.368200094124e-10 1.651014502797e-10 2.726823625557e-09 2.075173119295e-10 2.238632897823e-10 2.388021699688e-10 2.539432771976e-10 2.746845189240e-10 
4.958508387771e-11 1.067821180276e-10 1.462583889679e-10 1.790072296513e-10 2.075173119295e-10 2.770793332737e-09 2.539830731992e-10 2.737294809068e-10 2.936076524890e-10 3.208280344981e-10 
5.116088096716e-11 1.115444782432e-10 1.543348045094e-10 1.908486223553e-10 2.238632897823e-10 2.539830731992e-10 2.820059345277e-09 3.072747379963e-10 3.328408080852e-10 3.675826627526e-10 
5.261151359178e-11 1.159288893545e-10 1.617705615619e-10 2.017323669300e-10 2.388021699688e-10 2.737294809068e-10 3.072747379963e-10 2.878777445076e-09 3.736446657862e-10 4.174785065326e-10 
5.408364868656e-11 1.203783302571e-10 1.693170968304e-10 2.127786202930e-10 2.539432771976e-10 2.936076524890e-10 3.328408080852e-10 3.736446657862e-10 2.957206379554e-09 4.765658553536e-10 
5.609953411549e-11 1.264713584959e-10 1.796514578683e-10 2.279067434912e-10 2.746845189240e-10 3.208280344981e-10 3.675826627526e-10 4.174785065326e-10 4.765658553536e-10 3.109088212686e-09 
