1.4044687692057879e-07 6.8667087782562133e-08 5.0819087270684418e-08 4.0152119880600270e-08 3.2493194364852475e-08 2.6407958431138887e-08 2.1204595734151391e-08 1.6439777904352814e-08 1.1666830372532386e-08 5.3367838605643825e-09 
6.8667087782562133e-08 3.7024159956344662e-08 2.5673757402708713e-08 2.0407166562616187e-08 1.6626316607033422e-08 1.3622347479621907e-08 1.1053245466824777e-08 8.6999831112612349e-09 6.3420540550298931e-09 3.2199660657556830e-09 
5.0819087270684418e-08 2.5673757402708713e-08 2.1729266526074125e-08 1.5316076344098473e-08 1.2534681519519579e-08 1.0324810820032694e-08 8.4346285055538658e-09 6.7028967140222440e-09 4.9673883245076530e-09 2.6720717282720788e-09 
4.0152119880600270e-08 2.0407166562616187e-08 1.5316076344098473e-08 1.4811768269168856e-08 1.0089268778422643e-08 8.3539605874081626e-09 6.8694977477794312e-09 5.5092084445763605e-09 4.1456837736455869e-09 2.3444764783098642e-09 
3.2493194364852475e-08 1.6626316607033422e-08 1.2534681519519579e-08 1.0089268778422643e-08 1.0872813211101610e-08 6.9399103276035861e-09 5.7467889812489312e-09 4.6531969598382243e-09 3.5567827768757163e-09 2.1104017441959059e-09 
2.6407958431138887e-08 1.3622347479621907e-08 1.0324810820032694e-08 8.3539605874081626e-09 6.9399103276035861e-09 8.3549180273680065e-09 4.8549066091720900e-09 3.9731862417564140e-09 3.0889284080617129e-09 1.9244378503958119e-09 
2.1204595734151391e-08 1.1053245466824777e-08 8.4346285055538658e-09 6.8694977477794312e-09 5.7467889812489312e-09 4.8549066091720900e-09 6.6300076305565436e-09 3.3911350803683675e-09 2.6881444550254241e-09 1.7644770600565897e-09 
1.6439777904352814e-08 8.6999831112612349e-09 6.7028967140222440e-09 5.5092084445763605e-09 4.6531969598382243e-09 3.9731862417564140e-09 3.3911350803683675e-09 5.3956696225485114e-09 2.3205528972501972e-09 1.6167115599049946e-09 
1.1666830372532386e-08 6.3420540550298931e-09 4.9673883245076530e-09 4.1456837736455869e-09 3.5567827768757163e-09 3.0889284080617129e-09 2.6881444550254241e-09 2.3205528972501972e-09 4.4907489628743231e-09 1.4686734991093152e-09 
5.3367838605643825e-09 3.2199660657556830e-09 2.6720717282720788e-09 2.3444764783098642e-09 2.1104017441959059e-09 1.9244378503958119e-09 1.7644770600565897e-09 1.6167115599049946e-09 1.4686734991093152e-09 3.8234445628705771e-09 
