2.546397285812e-09 1.328454742031e-11 1.539827925436e-11 1.667642496118e-11 1.759378880618e-11 1.832308526818e-11 1.894804775665e-11 1.952337082992e-11 2.010722186226e-11 2.090672904847e-11 
1.328454742031e-11 2.564712164133e-09 3.283187934502e-11 3.701552903133e-11 4.001956735630e-11 4.240353894796e-11 4.444654798769e-11 4.632745349324e-11 4.823626055643e-11 5.085017581856e-11 
1.539827925436e-11 3.283187934502e-11 2.581917496488e-09 5.077510687183e-11 5.613868796393e-11 6.037800350240e-11 6.400478232229e-11 6.734394627643e-11 7.073289875542e-11 7.537381310633e-11 
1.667642496118e-11 3.701552903133e-11 5.077510687183e-11 2.599732826833e-09 6.935764409452e-11 7.581529627390e-11 8.131009154371e-11 8.635965401690e-11 9.148471106387e-11 9.850368272184e-11 
1.759378880618e-11 4.001956735630e-11 5.613868796393e-11 6.935764409452e-11 2.618859964610e-09 8.950928227854e-11 9.728809608613e-11 1.043932560598e-10 1.115941728207e-10 1.214586812180e-10 
1.832308526818e-11 4.240353894796e-11 6.037800350240e-11 7.581529627390e-11 8.950928227854e-11 2.639990293771e-09 1.120151066312e-10 1.215822432394e-10 1.312107196414e-10 1.443959194333e-10 
1.894804775665e-11 4.444654798769e-11 6.400478232229e-11 8.131009154371e-11 9.728809608613e-11 1.120151066312e-10 2.664039007349e-09 1.381775652742e-10 1.507289154948e-10 1.677875269637e-10 
1.952337082992e-11 4.632745349324e-11 6.734394627643e-11 8.635965401690e-11 1.043932560598e-10 1.215822432394e-10 1.381775652742e-10 2.693012378333e-09 1.710484462825e-10 1.927939606926e-10 
2.010722186226e-11 4.823626055643e-11 7.073289875542e-11 9.148471106387e-11 1.115941728207e-10 1.312107196414e-10 1.507289154948e-10 1.710484462825e-10 2.731923620639e-09 2.223247969595e-10 
2.090672904847e-11 5.085017581856e-11 7.537381310633e-11 9.850368272184e-11 1.214586812180e-10 1.443959194333e-10 1.677875269637e-10 1.927939606926e-10 2.223247969595e-10 2.807294219863e-09 
