7.2009270677812023e-08 3.4429519945510447e-08 2.5398012075274317e-08 2.0000624114568615e-08 1.6125092979103956e-08 1.3045979028981265e-08 1.0413603862342643e-08 8.0039458459389156e-09 5.5910996829570798e-09 2.3857549732716544e-09 
3.4429519945510447e-08 1.9777445282886616e-08 1.2807572489525355e-08 1.0159267303749017e-08 8.2580859802595029e-09 6.7476439948481695e-09 5.4561050408424751e-09 4.2735140849704142e-09 3.0891500473340033e-09 1.5188149290757387e-09 
2.5398012075274317e-08 1.2807572489525355e-08 1.2100143039298018e-08 7.6218122898970328e-09 6.2293859778854906e-09 5.1231609137402878e-09 4.1771446730447081e-09 3.3107640335180023e-09 2.4429733294184433e-09 1.2939636893221406e-09 
2.0000624114568615e-08 1.0159267303749017e-08 7.6218122898970328e-09 8.6438657784195904e-09 5.0170330580008856e-09 4.1523553910069748e-09 3.4128061214514654e-09 2.7353886314323227e-09 2.0567837944817929e-09 1.1595591226488665e-09 
1.6125092979103956e-08 8.2580859802595029e-09 6.2293859778854906e-09 5.0170330580008856e-09 6.6856043990853681e-09 3.4559836887636243e-09 2.8647093903592835e-09 2.3229780656366695e-09 1.7802347299252621e-09 1.0638394079600336e-09 
1.3045979028981265e-08 6.7476439948481695e-09 5.1231609137402878e-09 4.1523553910069748e-09 3.4559836887636243e-09 5.4412658782800487e-09 2.4293869145937749e-09 1.9954442497091592e-09 1.5606037894756695e-09 9.8786461721362581e-10 
1.0413603862342643e-08 5.4561050408424751e-09 4.1771446730447081e-09 3.4128061214514654e-09 2.8647093903592835e-09 2.4293869145937749e-09 4.5953160081232285e-09 1.7151403731065359e-09 1.3724656968788546e-09 9.2242025831629291e-10 
8.0039458459389156e-09 4.2735140849704142e-09 3.3107640335180023e-09 2.7353886314323227e-09 2.3229780656366695e-09 1.9954442497091592e-09 1.7151403731065359e-09 3.9966004984517621e-09 1.2000239644640487e-09 8.6190614277512317e-10 
5.5910996829570798e-09 3.0891500473340033e-09 2.4429733294184433e-09 2.0567837944817929e-09 1.7802347299252621e-09 1.5606037894756695e-09 1.3724656968788546e-09 1.2000239644640487e-09 3.5660534391007555e-09 8.0157658579507424e-10 
2.3857549732716544e-09 1.5188149290757387e-09 1.2939636893221406e-09 1.1595591226488665e-09 1.0638394079600336e-09 9.8786461721362581e-10 9.2242025831629291e-10 8.6190614277512317e-10 8.0157658579507424e-10 3.2672063111226535e-09 
