2.557689629599e-09 3.127848112480e-11 3.589118637718e-11 3.867566119582e-11 4.067437626150e-11 4.226337670474e-11 4.362504405000e-11 4.487855534880e-11 4.615064723455e-11 4.789260305989e-11 
3.127848112480e-11 2.597586675620e-09 7.266263566700e-11 8.119831773458e-11 8.732790459153e-11 9.219374497327e-11 9.636360915020e-11 1.002025525234e-10 1.040984360845e-10 1.094334315482e-10 
3.589118637718e-11 7.266263566700e-11 2.632296049556e-09 1.082347549976e-10 1.187551369093e-10 1.270766501818e-10 1.341972151344e-10 1.407529565688e-10 1.474063742069e-10 1.565176902202e-10 
3.867566119582e-11 8.119831773458e-11 1.082347549976e-10 2.666847863863e-09 1.438284604485e-10 1.561447191416e-10 1.666316905429e-10 1.762705067340e-10 1.860532738281e-10 1.994510250165e-10 
4.067437626150e-11 8.732790459153e-11 1.187551369093e-10 1.438284604485e-10 2.702949135323e-09 1.815016314844e-10 1.960214175493e-10 2.092915654711e-10 2.227413930654e-10 2.411657717993e-10 
4.226337670474e-11 9.219374497327e-11 1.270766501818e-10 1.561447191416e-10 1.815016314844e-10 2.742045833571e-09 2.228513841488e-10 2.404262620279e-10 2.581185329203e-10 2.823456517349e-10 
4.362504405000e-11 9.636360915020e-11 1.341972151344e-10 1.666316905429e-10 1.960214175493e-10 2.228513841488e-10 2.785917727651e-09 2.703274047950e-10 2.931020856659e-10 3.240541847645e-10 
4.487855534880e-11 1.002025525234e-10 1.407529565688e-10 1.762705067340e-10 2.092915654711e-10 2.404262620279e-10 2.703274047950e-10 2.838220831155e-09 3.294422664873e-10 3.685128929304e-10 
4.615064723455e-11 1.040984360845e-10 1.474063742069e-10 1.860532738281e-10 2.227413930654e-10 2.581185329203e-10 2.931020856659e-10 3.294422664873e-10 2.908044311700e-09 4.211289956796e-10 
4.789260305989e-11 1.094334315482e-10 1.565176902202e-10 1.994510250165e-10 2.411657717993e-10 2.823456517349e-10 3.240541847645e-10 3.685128929304e-10 4.211289956796e-10 3.043085249473e-09 
