2.568738985058e-09 4.829191067708e-11 5.506846206541e-11 5.915595354845e-11 6.209007903813e-11 6.442275988365e-11 6.642170709410e-11 6.826187885996e-11 7.012932714437e-11 7.268653482583e-11 
4.829191067708e-11 2.627290416103e-09 1.080919116228e-10 1.201979732336e-10 1.288913775083e-10 1.357930211445e-10 1.417074604996e-10 1.471525069414e-10 1.526783135073e-10 1.602452985882e-10 
5.506846206541e-11 1.080919116228e-10 2.676248207398e-09 1.578794149263e-10 1.725432377737e-10 1.841439568231e-10 1.940708050958e-10 2.032101788569e-10 2.124857057032e-10 2.251877649739e-10 
5.915595354845e-11 1.201979732336e-10 1.578794149263e-10 2.724192864469e-09 2.070385919747e-10 2.240253808987e-10 2.384909109614e-10 2.517866595187e-10 2.652809157897e-10 2.837616236954e-10 
6.209007903813e-11 1.288913775083e-10 1.725432377737e-10 2.070385919747e-10 2.773816930130e-09 2.586738530804e-10 2.785705611928e-10 2.967545537782e-10 3.151843139418e-10 3.404305394547e-10 
6.442275988365e-11 1.357930211445e-10 1.841439568231e-10 2.240253808987e-10 2.586738530804e-10 2.827281194329e-09 3.151353320483e-10 3.391313517964e-10 3.632835430463e-10 3.963557446595e-10 
6.642170709410e-11 1.417074604996e-10 1.940708050958e-10 2.384909109614e-10 2.785705611928e-10 3.151353320483e-10 2.887135017751e-09 3.798662377674e-10 4.109034901211e-10 4.530661685878e-10 
6.826187885996e-11 1.471525069414e-10 2.032101788569e-10 2.517866595187e-10 2.967545537782e-10 3.391313517964e-10 3.798662377674e-10 2.958474335081e-09 4.605026981325e-10 5.136470781583e-10 
7.012932714437e-11 1.526783135073e-10 2.124857057032e-10 2.652809157897e-10 3.151843139418e-10 3.632835430463e-10 4.109034901211e-10 4.605026981325e-10 3.053937424887e-09 5.857123788189e-10 
7.268653482583e-11 1.602452985882e-10 2.251877649739e-10 2.837616236954e-10 3.404305394547e-10 3.963557446595e-10 4.530661685878e-10 5.136470781583e-10 5.857123788189e-10 3.239785513837e-09 
