5.1087582055873575e-08 2.3984007341894861e-08 1.7653022454067645e-08 1.3869699319021579e-08 1.1153085827208076e-08 8.9948175231362072e-09 7.1499723776686263e-09 5.4617041517372840e-09 3.7717997062786537e-09 1.5241556760394878e-09 
2.3984007341894861e-08 1.4519478555823416e-08 8.8869904318790568e-09 7.0380318687014958e-09 5.7107140250421060e-09 4.6562497549007852e-09 3.7547434121955858e-09 2.9295338468849428e-09 2.1034369405683863e-09 1.0070332209357351e-09 
1.7653022454067645e-08 8.8869904318790568e-09 9.1655896426314915e-09 5.2766092800715169e-09 4.3072562366293814e-09 3.5371955818571279e-09 2.8787594068215934e-09 2.2759381279849806e-09 1.6724211181925960e-09 8.7265504389703025e-10 
1.3869699319021579e-08 7.0380318687014958e-09 5.2766092800715169e-09 6.7624930591685249e-09 3.4686024181037416e-09 2.8684829451491268e-09 2.3552845962344120e-09 1.8853527581681513e-09 1.4148442194950007e-09 7.9234084346298129e-10 
1.1153085827208076e-08 5.7107140250421060e-09 4.3072562366293814e-09 3.4686024181037416e-09 5.4053780140329677e-09 2.3888820252157080e-09 1.9799909961230651e-09 1.6054837652251377e-09 1.2304974714921765e-09 7.3530849538226749e-10 
8.9948175231362072e-09 4.6562497549007852e-09 3.5371955818571279e-09 2.8684829451491268e-09 2.3888820252157080e-09 4.5464067734090141e-09 1.6819612748658165e-09 1.3832557546282080e-09 1.0841295751686525e-09 6.9007957211208555e-10 
7.1499723776686263e-09 3.7547434121955858e-09 2.8787594068215934e-09 2.3552845962344120e-09 1.9799909961230651e-09 1.6819612748658165e-09 3.9654170590593069e-09 1.1931013960898231e-09 9.5875690167716985e-10 6.5106901973268509e-10 
5.4617041517372840e-09 2.9295338468849428e-09 2.2759381279849806e-09 1.8853527581681513e-09 1.6054837652251377e-09 1.3832557546282080e-09 1.1931013960898231e-09 3.5572887741397113e-09 8.4390864947641837e-10 6.1496629613336300e-10 
3.7717997062786537e-09 2.1034369405683863e-09 1.6724211181925960e-09 1.4148442194950007e-09 1.2304974714921765e-09 1.0841295751686525e-09 9.5875690167716985e-10 8.4390864947641837e-10 3.2677076879827608e-09 5.7914922192578684e-10 
1.5241556760394878e-09 1.0070332209357351e-09 8.7265504389703025e-10 7.9234084346298129e-10 7.3530849538226749e-10 6.9007957211208555e-10 6.5106901973268509e-10 6.1496629613336300e-10 5.7914922192578684e-10 3.0755269453551984e-09 
