2.541235773057e-09 4.750056614531e-12 5.555501897137e-12 6.043412922488e-12 6.393538995962e-12 6.671875316170e-12 6.910394975938e-12 7.129970035268e-12 7.352799862439e-12 7.657937008123e-12 
4.750056614531e-12 2.548225915374e-09 1.240237911479e-11 1.409884454824e-11 1.531649926434e-11 1.628233350092e-11 1.711004266561e-11 1.787209683234e-11 1.864545808290e-11 1.970449992413e-11 
5.555501897137e-12 1.240237911479e-11 2.555281056787e-09 1.990057726098e-11 2.217094161659e-11 2.396304161347e-11 2.549557720627e-11 2.690661575966e-11 2.833872575261e-11 3.029990266120e-11 
6.043412922488e-12 1.409884454824e-11 1.990057726098e-11 2.562926376840e-09 2.800146364580e-11 3.083417685375e-11 3.324116995787e-11 3.545230389414e-11 3.769655424205e-11 4.077021574451e-11 
6.393538995962e-12 1.531649926434e-11 2.217094161659e-11 2.800146364580e-11 2.571440788975e-09 3.709508841131e-11 4.061449179621e-11 4.382465995807e-11 4.707721560491e-11 5.153319787873e-11 
6.671875316170e-12 1.628233350092e-11 2.396304161347e-11 3.083417685375e-11 3.709508841131e-11 2.581135657791e-09 4.754176368135e-11 5.198395956143e-11 5.644834858116e-11 6.256196878934e-11 
6.910394975938e-12 1.711004266561e-11 2.549557720627e-11 3.324116995787e-11 4.061449179621e-11 4.754176368135e-11 2.592454777945e-09 5.997954422548e-11 6.593516888972e-11 7.402182032134e-11 
7.129970035268e-12 1.787209683234e-11 2.690661575966e-11 3.545230389414e-11 4.382465995807e-11 5.198395956143e-11 5.997954422548e-11 2.606402847776e-09 7.594443685399e-11 8.646250094324e-11 
7.352799862439e-12 1.864545808290e-11 2.833872575261e-11 3.769655424205e-11 4.707721560491e-11 5.644834858116e-11 6.593516888972e-11 7.594443685399e-11 2.625544412748e-09 1.013415927481e-10 
7.657937008123e-12 1.970449992413e-11 3.029990266120e-11 4.077021574451e-11 5.153319787873e-11 6.256196878934e-11 7.402182032134e-11 8.646250094324e-11 1.013415927481e-10 2.663392631385e-09 
