1.7868258049880695e-07 8.7761454734283670e-08 6.4978932745775340e-08 5.1362668971466886e-08 4.1586331716312519e-08 3.3818788165976343e-08 2.7176801576710457e-08 2.1094504574030865e-08 1.5002605718405828e-08 6.9294770376861761e-09 
8.7761454734283670e-08 4.6621577286999372e-08 3.2822684265502359e-08 2.6092617880955377e-08 2.1261170441671016e-08 1.7422472293874012e-08 1.4139424916110467e-08 1.1132133101834985e-08 8.1191938058786274e-09 4.1327088228972671e-09 
6.4978932745775340e-08 3.2822684265502359e-08 2.7070538406669077e-08 1.9576877612460521e-08 1.6019868305827130e-08 1.3193740192213132e-08 1.0776409741693607e-08 8.5616646258098332e-09 6.3422883011195897e-09 3.4090681620197018e-09 
5.1362668971466886e-08 2.6092617880955377e-08 1.9576877612460521e-08 1.8221022846494435e-08 1.2887267715590046e-08 1.0666270115632935e-08 8.7662947161474028e-09 7.0252000567049599e-09 5.2800927241250813e-09 2.9763475580050627e-09 
4.1586331716312519e-08 2.1261170441671016e-08 1.6019868305827130e-08 1.2887267715590046e-08 1.3177586567580981e-08 8.8527608968622986e-09 7.3242786155868350e-09 5.9232572149975972e-09 4.5186969631789509e-09 2.6669693369488061e-09 
3.3818788165976343e-08 1.7422472293874012e-08 1.3193740192213132e-08 1.0666270115632935e-08 8.8527608968622986e-09 9.9503665656193851e-09 6.1786980252576903e-09 5.0478387355273641e-09 3.9137624977288093e-09 2.4211348394254171e-09 
2.7176801576710457e-08 1.4139424916110467e-08 1.0776409741693607e-08 8.7662947161474028e-09 7.3242786155868350e-09 6.1786980252576903e-09 7.7366472124831498e-09 4.2985199832335910e-09 3.3955537600488853e-09 2.2097185729249956e-09 
2.1094504574030865e-08 1.1132133101834985e-08 8.5616646258098332e-09 7.0252000567049599e-09 5.9232572149975972e-09 5.0478387355273641e-09 4.2985199832335910e-09 6.1495820852693836e-09 2.9202251136009508e-09 2.0144452029073367e-09 
1.5002605718405828e-08 8.1191938058786274e-09 6.3422883011195897e-09 5.2800927241250813e-09 4.5186969631789509e-09 3.9137624977288093e-09 3.3955537600488853e-09 2.9202251136009508e-09 4.9824180772204969e-09 1.8187031497843109e-09 
6.9294770376861761e-09 4.1327088228972671e-09 3.4090681620197018e-09 2.9763475580050627e-09 2.6669693369488061e-09 2.4211348394254171e-09 2.2097185729249956e-09 2.0144452029073367e-09 1.8187031497843109e-09 4.1136116008807918e-09 
