6.5105032035293199e-08 1.7467772862482581e-08 3.5382905048046153e-09 4.6959712662782685e-10 4.3543054312767366e-11 2.6230776051157514e-12 8.8172674077280376e-14 1.2475558902468086e-15 4.0458468621432787e-18 4.7137909297458189e-22 
1.7467772862482581e-08 7.1336758878864890e-08 2.5502904710044498e-08 7.8469078400107439e-09 1.4978872043829222e-09 1.7912432997123332e-10 1.2110571407468130e-11 3.5994311328451736e-13 2.6432461373486188e-15 8.1489308516204914e-19 
3.5382905048046153e-09 2.5502904710044498e-08 6.6197626344090765e-08 2.5044282794796372e-08 9.1890020193924085e-09 1.9821087251671268e-09 2.3678413304726718e-10 1.2728320272057033e-11 1.8204830237713300e-13 1.3053292109294232e-16 
4.6959712662782685e-10 7.8469078400107439e-09 2.5044282794796372e-08 6.1119405527416413e-08 2.2611624139817538e-08 8.7193887180975058e-09 1.8137205657712048e-09 1.7037077221967385e-10 4.4982146686473094e-12 7.1083620150606632e-15 
4.3543054312767366e-11 1.4978872043829222e-09 9.1890020193924085e-09 2.2611624139817538e-08 5.6592432577532269e-08 1.9608927137550309e-08 7.2294015065487942e-09 1.2095394009994825e-09 5.9387170313572146e-11 2.0598196437731815e-13 
2.6230776051157514e-12 1.7912432997123332e-10 1.9821087251671268e-09 8.7193887180975058e-09 1.9608927137550309e-08 5.2592635228845776e-08 1.6362777506764394e-08 5.0960635152493337e-09 4.9000122640355980e-10 3.9231113139097744e-12 
8.8172674077280376e-14 1.2110571407468130e-11 2.3678413304726718e-10 1.8137205657712048e-09 7.2294015065487942e-09 1.6362777506764394e-08 4.8894196917131128e-08 1.2767447800140184e-08 2.6229024897234448e-09 5.4175008780773468e-11 
1.2475558902468086e-15 3.5994311328451736e-13 1.2728320272057033e-11 1.7037077221967385e-10 1.2095394009994825e-09 5.0960635152493337e-09 1.2767447800140184e-08 4.5235148345537928e-08 8.5612729845192146e-09 5.5145988847114606e-10 
4.0458468621432787e-18 2.6432461373486188e-15 1.8204830237713300e-13 4.4982146686473094e-12 5.9387170313572146e-11 4.9000122640355980e-10 2.6229024897234448e-09 8.5612729845192146e-09 4.1421021912223105e-08 3.7698123717124006e-09 
4.7137909297458189e-22 8.1489308516204914e-19 1.3053292109294232e-16 7.1083620150606632e-15 2.0598196437731815e-13 3.9231113139097744e-12 5.4175008780773468e-11 5.5145988847114606e-10 3.7698123717124006e-09 3.5492850279804421e-08 
