7.331490681373e-08 2.092522963175e-08 4.187358056534e-09 5.504201752169e-10 5.067266749820e-11 3.033246867417e-12 1.013891688588e-13 1.430059025409e-15 4.611337957850e-18 5.375572045837e-22 
2.092522963175e-08 7.935223810931e-08 2.996583020208e-08 9.151055090257e-09 1.736396785014e-09 2.064048244693e-10 1.390445524423e-11 4.117304285130e-13 3.010497245048e-15 9.289910926167e-19 
4.187358056534e-09 2.996583020208e-08 7.255433704565e-08 2.908003602710e-08 1.061157665728e-08 2.278850383236e-09 2.714945108791e-10 1.453100682398e-11 2.073753569947e-13 1.487116542207e-16 
5.504201752169e-10 9.151055090257e-09 2.908003602710e-08 6.624612301910e-08 2.602236647384e-08 1.000895916380e-08 2.075889292124e-09 1.942110013108e-10 5.126581100615e-12 8.091605885169e-15 
5.067266749820e-11 1.736396785014e-09 1.061157665728e-08 2.602236647384e-08 6.080210632341e-08 2.246927425036e-08 8.255176024638e-09 1.377769101451e-09 6.771245136389e-11 2.342927824121e-13 
3.033246867417e-12 2.064048244693e-10 2.278850383236e-09 1.000895916380e-08 2.246927425036e-08 5.607141873296e-08 1.864629381264e-08 5.806332068722e-09 5.586801158894e-10 4.460610471525e-12 
1.013891688588e-13 1.390445524423e-11 2.714945108791e-10 2.075889292124e-09 8.255176024638e-09 1.864629381264e-08 5.177311677608e-08 1.455750354583e-08 2.987778645495e-09 6.163526965970e-11 
1.430059025409e-15 4.117304285130e-13 1.453100682398e-11 1.942110013108e-10 1.377769101451e-09 5.806332068722e-09 1.455750354583e-08 4.761343349376e-08 9.737979468282e-09 6.291207857011e-10 
4.611337957850e-18 3.010497245048e-15 2.073753569947e-13 5.126581100615e-12 6.771245136389e-11 5.586801158894e-10 2.987778645495e-09 9.737979468282e-09 4.326145775307e-08 4.323327219680e-09 
5.375572045837e-22 9.289910926167e-19 1.487116542207e-16 8.091605885169e-15 2.342927824121e-13 4.460610471525e-12 6.163526965970e-11 6.291207857011e-10 4.323327219680e-09 3.659612934491e-08 
