1.2773611844043670e-07 4.2172974367130246e-08 8.0545553237858073e-09 1.0241504669898879e-09 9.1978371213998538e-11 5.4068915250029277e-12 1.7834109442693873e-13 2.4884171716602454e-15 8.0070177335839163e-18 9.3739944972532725e-22 
4.2172974367130246e-08 1.2733705928809152e-07 5.6207095801091868e-08 1.6738556673146645e-08 3.1144509360088417e-09 3.6505612054802759e-10 2.4310102053176035e-11 7.1510157499311644e-13 5.2285100197981189e-15 1.6246601722009841e-18 
8.0545553237858073e-09 5.6207095801091868e-08 1.0959972042658704e-07 5.2404776946663027e-08 1.8859339795334042e-08 4.0051691362986038e-09 4.7285541243747140e-10 2.5228566253576368e-11 3.6023622165452262e-13 2.6099330956553863e-16 
1.0241504669898879e-09 1.6738556673146645e-08 5.2404776946663027e-08 9.5934638853110596e-08 4.5876781191644514e-08 1.7489316709240205e-08 3.6071833986064436e-09 3.3722272301284172e-10 8.9106203018508611e-12 1.4260156664234597e-14 
9.1978371213998538e-11 3.1144509360088417e-09 1.8859339795334042e-08 4.5876781191644514e-08 8.5236785282177087e-08 3.9087629470197488e-08 1.4332687391723060e-08 2.3928762862212710e-09 1.1786126115462114e-10 4.1486134759470962e-13 
5.4068915250029277e-12 3.6505612054802759e-10 4.0051691362986038e-09 1.7489316709240205e-08 3.9087629470197488e-08 7.6590086028255742e-08 3.2378897265063706e-08 1.0088682502154111e-08 9.7542401913797363e-10 7.9407614718160362e-12 
1.7834109442693873e-13 2.4310102053176035e-11 4.7285541243747140e-10 3.6071833986064436e-09 1.4332687391723060e-08 3.2378897265063706e-08 6.9145450389212452e-08 2.5340633643340473e-08 5.2473755697030273e-09 1.1040993494664877e-10 
2.4884171716602454e-15 7.1510157499311644e-13 2.5228566253576368e-11 3.3722272301284172e-10 2.3928762862212710e-09 1.0088682502154111e-08 2.5340633643340473e-08 6.2195680853375597e-08 1.7272432095672626e-08 1.1361264764818434e-09 
8.0070177335839163e-18 5.2285100197981189e-15 3.6023622165452262e-13 8.9106203018508611e-12 1.1786126115462114e-10 9.7542401913797363e-10 5.2473755697030273e-09 1.7272432095672626e-08 5.5275153526769151e-08 7.9203140031809247e-09 
9.3739944972532725e-22 1.6246601722009841e-18 2.6099330956553863e-16 1.4260156664234597e-14 4.1486134759470962e-13 7.9407614718160362e-12 1.1040993494664877e-10 1.1361264764818434e-09 7.9203140031809247e-09 4.4134178765253386e-08 
