7.0945596472783267e-08 1.9960640566013796e-08 4.0093882939418072e-09 5.2853471187770219e-10 4.8740380219173805e-11 2.9228511266748049e-12 9.7867374219487669e-14 1.3799515479782751e-15 4.4620967088592190e-18 5.1871547852586906e-22 
1.9960640566013796e-08 7.7149323611855128e-08 2.8752641934357711e-08 8.7986266609670807e-09 1.6718119540416996e-09 1.9913948474134590e-10 1.3418106510343623e-11 3.9764916301101622e-13 2.9131539967738627e-15 8.9662104542518306e-19 
4.0093882939418072e-09 2.8752641934357711e-08 7.0837612976952724e-08 2.7985342384412730e-08 1.0230326035083179e-08 2.1995177042940815e-09 2.6199354664689046e-10 1.4048891918660627e-11 2.0053142981173804e-13 1.4361991453963655e-16 
5.2853471187770219e-10 8.7986266609670807e-09 2.7985342384412730e-08 6.4868340229501180e-08 2.5114447090368333e-08 9.6588774792472474e-09 2.0043880011559863e-09 1.8790029537863992e-10 4.9527973495389580e-12 7.8213411347728830e-15 
4.8740380219173805e-11 1.6718119540416996e-09 1.0230326035083179e-08 2.5114447090368333e-08 5.9663841932189580e-08 2.1685518474465186e-08 7.9802440984554348e-09 1.3330132819015181e-09 6.5366058317156119e-11 2.2666699190980777e-13 
2.9228511266748049e-12 1.9913948474134590e-10 2.1995177042940815e-09 9.6588774792472474e-09 2.1685518474465186e-08 5.5133770204894076e-08 1.8042657138807585e-08 5.6123847524935635e-09 5.3919571707783231e-10 4.3179143806978760e-12 
9.7867374219487669e-14 1.3418106510343623e-11 2.6199354664689046e-10 2.0043880011559863e-09 7.9802440984554348e-09 1.8042657138807585e-08 5.0995383560236294e-08 1.4052676311572898e-08 2.8859595679300465e-09 5.9646764399588324e-11 
1.3799515479782751e-15 3.9764916301101622e-13 1.4048891918660627e-11 1.8790029537863992e-10 1.3330132819015181e-09 5.6123847524935635e-09 1.4052676311572898e-08 4.6943307819002748e-08 9.4217349010310391e-09 6.0754064419506758e-10 
4.4620967088592190e-18 2.9131539967738627e-15 2.0053142981173804e-13 4.9527973495389580e-12 6.5366058317156119e-11 5.3919571707783231e-10 2.8859595679300465e-09 9.4217349010310391e-09 4.2760075499186812e-08 4.1590804270421350e-09 
5.1871547852586906e-22 8.9662104542518306e-19 1.4361991453963655e-16 7.8213411347728830e-15 2.2666699190980777e-13 4.3179143806978760e-12 5.9646764399588324e-11 6.0754064419506758e-10 4.1590804270421350e-09 3.6276761048477199e-08 
