1.8641978985607005e-07 6.2991008918823080e-08 1.1756421974648853e-08 1.4754763027220516e-09 1.3157927236319667e-10 7.7131728301613860e-12 2.5463921436413922e-13 3.5703364973368957e-15 1.1610923238544308e-17 1.3894764502219396e-21 
6.2991008918823080e-08 1.7339281795112604e-07 8.1213009048965062e-08 2.3990937561646407e-08 4.4460580319081704e-09 5.2085085014928829e-10 3.4778231229817846e-11 1.0295515155912475e-12 7.6146197496903389e-15 2.4187582465397045e-18 
1.1756421974648853e-08 8.1213009048965062e-08 1.4497037046053382e-07 7.4864263029304589e-08 2.6903288499978365e-08 5.7203922556362228e-09 6.7808002411664359e-10 3.6448860432620496e-11 5.2681714556578639e-13 3.9025074430439275e-16 
1.4754763027220516e-09 2.3990937561646407e-08 7.4864263029304589e-08 1.2482530646054349e-07 6.5481457541390114e-08 2.5028406565762003e-08 5.1884542928423465e-09 4.8906368762097496e-10 1.3087470613084259e-11 2.1419573002380930e-14 
1.3157927236319667e-10 4.4460580319081704e-09 2.6903288499978365e-08 6.5481457541390114e-08 1.0977329616519038e-07 5.6114794843706163e-08 2.0698800985327207e-08 3.4861078870019815e-09 1.7395091256954750e-10 6.2623008225436770e-13 
7.7131728301613860e-12 5.2085085014928829e-10 5.7203922556362228e-09 2.5028406565762003e-08 5.6114794843706163e-08 9.7993710880886397e-08 4.7010762254637017e-08 1.4782061918528296e-08 1.4481750062917464e-09 1.2054806260860620e-11 
2.5463921436413922e-13 3.4778231229817846e-11 6.7808002411664359e-10 5.1884542928423465e-09 2.0698800985327207e-08 4.7010762254637017e-08 8.8066651334851151e-08 3.7406844591333601e-08 7.8511765981696564e-09 1.6881186525644377e-10 
3.5703364973368957e-15 1.0295515155912475e-12 3.6448860432620496e-11 4.8906368762097496e-10 3.4861078870019815e-09 1.4782061918528296e-08 3.7406844591333601e-08 7.8888453965255956e-08 2.6121402263424218e-08 1.7546698521811016e-09 
1.1610923238544308e-17 7.6146197496903389e-15 5.2681714556578639e-13 1.3087470613084259e-11 1.7395091256954750e-10 1.4481750062917464e-09 7.8511765981696564e-09 2.6121402263424218e-08 6.9788376823642745e-08 1.2429374518468096e-08 
1.3894764502219396e-21 2.4187582465397045e-18 3.9025074430439275e-16 2.1419573002380930e-14 6.2623008225436770e-13 1.2054806260860620e-11 1.6881186525644377e-10 1.7546698521811016e-09 1.2429374518468096e-08 5.3887787018782275e-08 
