8.556597955773e-08 2.595840884046e-08 5.120778663941e-09 6.660181395854e-10 6.076224766718e-11 3.615829793665e-12 1.201782378746e-13 1.685297906966e-15 5.432741706593e-18 6.300552199370e-22 
2.595840884046e-08 9.090398736864e-08 3.635341629361e-08 1.100543676700e-08 2.073719577835e-09 2.453282763298e-10 1.642256980836e-11 4.851869976885e-13 3.541012574192e-15 1.090493870040e-18 
5.120778663941e-09 3.635341629361e-08 8.160901642816e-08 3.478172074512e-08 1.263643367423e-08 2.699779612114e-09 3.200910937751e-10 1.712565824592e-11 2.434470523120e-13 1.749030134759e-16 
6.660181395854e-10 1.100543676700e-08 3.478172074512e-08 7.353250347436e-08 3.088235106272e-08 1.181833976611e-08 2.446198889890e-09 2.287562023682e-10 6.009368125785e-12 9.535771785898e-15 
6.076224766718e-11 2.073719577835e-09 1.263643367423e-08 3.088235106272e-08 6.672152471143e-08 2.648049216967e-08 9.728995858464e-09 1.620223307861e-09 7.933343827069e-11 2.765834496754e-13 
3.615829793665e-12 2.453282763298e-10 2.699779612114e-09 1.181833976611e-08 2.648049216967e-08 6.104642402155e-08 2.195674867594e-08 6.811699539439e-09 6.552545714551e-10 5.271374676979e-12 
1.201782378746e-13 1.642256980836e-11 3.200910937751e-10 2.446198889890e-09 9.728995858464e-09 2.195674867594e-08 5.587530348965e-08 1.705622090460e-08 3.514735117983e-09 7.283106013007e-11 
1.685297906966e-15 4.851869976885e-13 1.712565824592e-11 2.287562023682e-10 1.620223307861e-09 6.811699539439e-09 1.705622090460e-08 5.100533669234e-08 1.149716606595e-08 7.422413158238e-10 
5.432741706593e-18 3.541012574192e-15 2.434470523120e-13 6.009368125785e-12 7.933343827069e-11 6.552545714551e-10 3.514735117983e-09 1.149716606595e-08 4.598083058194e-08 5.105701733433e-09 
6.300552199370e-22 1.090493870040e-18 1.749030134759e-16 9.535771785898e-15 2.765834496754e-13 5.271374676979e-12 7.283106013007e-11 7.422413158238e-10 5.105701733433e-09 3.825120175393e-08 
