7.7443245262735022e-07 2.8497253020747305e-07 5.5449641697513896e-08 7.3372356870929703e-09 6.9375482003805545e-10 4.3096916918937420e-11 1.5029798117192607e-12 2.2643493530991951e-14 8.0859548718119435e-17 1.0424636585263388e-20 
2.8497253020747305e-07 7.0694080000584108e-07 3.9789665126457769e-07 1.2400387182176822e-07 2.4317170488889639e-08 3.0022645055784979e-09 2.1219030857188658e-10 6.7735541008102722e-12 5.4286023912415422e-14 1.8298206656014967e-17 
5.5449641697513896e-08 3.9789665126457769e-07 6.2669967337381094e-07 4.0328788874652012e-07 1.5208010077577213e-07 3.3925124037578472e-08 4.2701576755502477e-09 2.4713409983462826e-10 3.8194887595854635e-12 2.9769641111233456e-15 
7.3372356870929703e-09 1.2400387182176822e-07 4.0328788874652012e-07 5.7059706013905890e-07 3.8274544079418369e-07 1.5339028544290641e-07 3.3798899969247521e-08 3.4051461484405246e-09 9.6159627551093759e-11 1.6492945136569056e-13 
6.9375482003805545e-10 2.4317170488889639e-08 1.5208010077577213e-07 3.8274544079418369e-07 5.2382727440698759e-07 3.5812108373742894e-07 1.3987791790559754e-07 2.4871693134870397e-08 1.2933192438690198e-09 4.8763880617777910e-12 
4.3096916918937420e-11 3.0022645055784979e-09 3.3925124037578472e-08 1.5339028544290641e-07 3.5812108373742894e-07 4.9498558377492962e-07 3.2959416373811196e-07 1.0781486227822154e-07 1.0898663723841755e-08 9.5236705984193132e-11 
1.5029798117192607e-12 2.1219030857188658e-10 4.2701576755502477e-09 3.3798899969247521e-08 1.3987791790559754e-07 3.2959416373811196e-07 4.6179248152002869e-07 2.7821308342454161e-07 5.9990942429863939e-08 1.3611563278542890e-09 
2.2643493530991951e-14 6.7735541008102722e-12 2.4713409983462826e-10 3.4051461484405246e-09 2.4871693134870397e-08 1.0781486227822154e-07 2.7821308342454161e-07 4.1281440449651440e-07 2.0446163883285817e-07 1.4608485544790699e-08 
8.0859548718119435e-17 5.4286023912415422e-14 3.8194887595854635e-12 9.6159627551093759e-11 1.2933192438690198e-09 1.0898663723841755e-08 5.9990942429863939e-08 2.0446163883285817e-07 3.6864209305745553e-07 1.0904269397014149e-07 
1.0424636585263388e-20 1.8298206656014967e-17 2.9769641111233456e-15 1.6492945136569056e-13 4.8763880617777910e-12 9.5236705984193132e-11 1.3611563278542890e-09 1.4608485544790699e-08 1.0904269397014149e-07 2.6854429059310543e-07 
