1.4543562517027710e-07 4.8600443899414051e-08 9.1995694221127494e-09 1.1633590417582126e-09 1.0412827690761577e-10 6.1093430037247677e-12 2.0136680663102096e-13 2.8111866952456138e-15 9.0684285283002642e-18 1.0682127991364219e-21 
4.8600443899414051e-08 1.4158368206054270e-07 6.3927874511575522e-08 1.8968050939051123e-08 3.5212198951723729e-09 4.1226848699757721e-10 2.7451637926285307e-11 8.0844223893624547e-13 5.9285083647980730e-15 1.8537849021116536e-18 
9.1995694221127494e-09 6.3927874511575522e-08 1.2048182880537787e-07 5.9278628114365758e-08 2.1304882241664039e-08 4.5223947041308945e-09 5.3414779123973399e-10 2.8545680253067196e-11 4.0893277704162134e-13 2.9819066257084163e-16 
1.1633590417582126e-09 1.8968050939051123e-08 5.9278628114365758e-08 1.0472766785998680e-07 5.1803558913671143e-08 1.9750277918892354e-08 4.0772018250209741e-09 3.8193961399127311e-10 1.0127400125700141e-11 1.6315143968477153e-14 
1.0412827690761577e-10 3.5212198951723729e-09 2.1304882241664039e-08 5.1803558913671143e-08 9.2605353023225707e-08 4.4163123791102554e-08 1.6215574720348967e-08 2.7135016061073341e-09 1.3414134896498287e-10 4.7536720342936230e-13 
6.1093430037247677e-12 4.1226848699757721e-10 4.5223947041308945e-09 1.9750277918892354e-08 4.4163123791102554e-08 8.2929468148079297e-08 3.6683362515197356e-08 1.1458573929886196e-08 1.1120797408067243e-09 9.1148497750193567e-12 
2.0136680663102096e-13 2.7451637926285307e-11 5.3414779123973399e-10 4.0772018250209741e-09 1.6215574720348967e-08 3.6683362515197356e-08 7.4677521479075573e-08 2.8842401663514795e-08 5.9964392090538795e-09 1.2701362654288442e-10 
2.8111866952456138e-15 8.0844223893624547e-13 2.8545680253067196e-11 3.8193961399127311e-10 2.7135016061073341e-09 1.1458573929886196e-08 2.8842401663514795e-08 6.7007727451736782e-08 1.9802936484668403e-08 1.3110484802344838e-09 
9.0684285283002642e-18 5.9285083647980730e-15 4.0893277704162134e-13 1.0127400125700141e-11 1.3414134896498287e-10 1.1120797408067243e-09 5.9964392090538795e-09 1.9802936484668403e-08 5.9390897758468740e-08 9.1860390184319592e-09 
1.0682127991364219e-21 1.8537849021116536e-18 2.9819066257084163e-16 1.6315143968477153e-14 4.7536720342936230e-13 9.1148497750193567e-12 1.2701362654288442e-10 1.3110484802344838e-09 9.1860390184319592e-09 4.6854086645403304e-08 
