1.0946190865020717e-07 3.5338987601711065e-08 6.8294623588415462e-09 8.7512250591589880e-10 7.9003487812929029e-11 4.6602653003491248e-12 1.5403905896883867e-13 2.1507898878792551e-15 6.9126904793209538e-18 8.0495828934159953e-22 
3.5338987601711065e-08 1.1210416050600058e-07 4.7940064569810669e-08 1.4355255001418964e-08 2.6812301747318834e-09 3.1506816348252835e-10 2.1008215738308002e-11 6.1795027103675238e-13 4.5102261398217504e-15 1.3933408117044476e-18 
6.8294623588415462e-09 4.7940064569810669e-08 9.7962305145755718e-08 4.5074915547086313e-08 1.6263606531470432e-08 3.4595834522208981e-09 4.0868601062833433e-10 2.1792398406096694e-11 3.1045819676846358e-13 2.2354623868287167e-16 
8.7512250591589880e-10 1.4355255001418964e-08 4.5074915547086313e-08 8.6593896158923082e-08 3.9613103410117552e-08 1.5114265773632338e-08 3.1173084180836991e-09 2.9112092496717531e-10 7.6710202949780624e-12 1.2197539944256284e-14 
7.9003487812929029e-11 2.6812301747318834e-09 1.6263606531470432e-08 3.9613103410117552e-08 7.7488224381487140e-08 3.3782947478438333e-08 1.2381161990801934e-08 2.0639500494671936e-09 1.0133194360599659e-10 3.5432270793953669e-13 
4.6602653003491248e-12 3.1506816348252835e-10 3.4595834522208981e-09 1.5114265773632338e-08 3.3782947478438333e-08 7.0008579115319919e-08 2.7946999206176960e-08 8.6904764754605887e-09 8.3721499297364094e-10 6.7700149602790586e-12 
1.5403905896883867e-13 2.1008215738308002e-11 4.0868601062833433e-10 3.1173084180836991e-09 1.2381161990801934e-08 2.7946999206176960e-08 6.3489399706705196e-08 2.1785653758613622e-08 4.4936115116104632e-09 9.3914762942012770e-11 
2.1507898878792551e-15 6.1795027103675238e-13 2.1792398406096694e-11 2.9112092496717531e-10 2.0639500494671936e-09 8.6904764754605887e-09 2.1785653758613622e-08 5.7342636590258009e-08 1.4743283623632703e-08 9.6306469557728967e-10 
6.9126904793209538e-18 4.5102261398217504e-15 3.1045819676846358e-13 7.6710202949780624e-12 1.0133194360599659e-10 8.3721499297364094e-10 4.4936115116104632e-09 1.4743283623632703e-08 5.1194063113148380e-08 6.6747575859811596e-09 
8.0495828934159953e-22 1.3933408117044476e-18 2.2354623868287167e-16 1.2197539944256284e-14 3.5432270793953669e-13 6.7700149602790586e-12 9.3914762942012770e-11 9.6306469557728967e-10 6.6747575859811596e-09 4.1490683891820482e-08 
