6.1433049440444226e-08 1.5872234710533164e-08 3.2337988623225884e-09 4.3124606002858381e-10 4.0145360639965647e-11 2.4265646859641433e-12 8.1806484892637119e-14 1.1605425910539446e-15 3.7727916367859379e-18 4.4043553390601496e-22 
1.5872234710533164e-08 6.7585816122358622e-08 2.3391653802573085e-08 7.2256030998119749e-09 1.3839711563431554e-09 1.6599051916561041e-10 1.1251367321784041e-11 3.3517569737422630e-13 2.4662740855512732e-15 7.6154848176173055e-19 
3.2337988623225884e-09 2.3391653802573085e-08 6.3170417399390679e-08 2.3119326061425759e-08 8.5061152262612297e-09 1.8393307130479231e-09 2.2021658344642290e-10 1.1861487923193210e-11 1.6993397748116236e-13 1.2200509379935511e-16 
4.3124606002858381e-10 7.2256030998119749e-09 2.3119326061425759e-08 5.8661465027361862e-08 2.0968610480249025e-08 8.1020180419216784e-09 1.6884590745682916e-09 1.5887128850408307e-10 4.2004342638613960e-12 6.6445768821350664e-15 
4.0145360639965647e-11 1.3839711563431554e-09 8.5061152262612297e-09 2.0968610480249025e-08 5.4574304637466832e-08 1.8244289416765330e-08 6.7365026372185115e-09 1.1285821862728742e-09 5.5474431911515271e-11 1.9255012667523733e-13 
2.4265646859641433e-12 1.6599051916561041e-10 1.8393307130479231e-09 8.1020180419216784e-09 1.8244289416765330e-08 5.0924082546277455e-08 1.5260936363097630e-08 4.7577332547102589e-09 4.5786211609344097e-10 3.6671849182224873e-12 
8.1806484892637119e-14 1.1251367321784041e-11 2.2021658344642290e-10 1.6884590745682916e-09 6.7365026372185115e-09 1.5260936363097630e-08 4.7517007847267231e-08 1.1926399757379185e-08 2.4515255452997194e-09 5.0633995369847958e-11 
1.1605425910539446e-15 3.3517569737422630e-13 1.1861487923193210e-11 1.5887128850408307e-10 1.1285821862728742e-09 4.7577332547102589e-09 1.1926399757379185e-08 4.4120915097400661e-08 8.0028029208188810e-09 5.1523621524110367e-10 
3.7727916367859379e-18 2.4662740855512732e-15 1.6993397748116236e-13 4.2004342638613960e-12 5.5474431911515271e-11 4.5786211609344097e-10 2.4515255452997194e-09 8.0028029208188810e-09 4.0555181176058474e-08 3.5193290587756288e-09 
4.4043553390601496e-22 7.6154848176173055e-19 1.2200509379935511e-16 6.6445768821350664e-15 1.9255012667523733e-13 3.6671849182224873e-12 5.0633995369847958e-11 5.1523621524110367e-10 3.5193290587756288e-09 3.4993472571433115e-08 
