5.9263841818050828e-08 1.4918547340760105e-08 3.0505750780064153e-09 4.0805673430486840e-10 3.8084067685158181e-11 2.3070523741266840e-12 7.7930332470181855e-14 1.1075077499525797e-15 3.6064392239906744e-18 4.2162339561671095e-22 
1.4918547340760105e-08 6.5331235177281557e-08 2.2116539645761664e-08 6.8490567194291124e-09 1.3147490580051404e-09 1.5799693672582538e-10 1.0727972933356240e-11 3.2007641180852985e-13 2.3585338483794566e-15 7.2912753355643913e-19 
3.0505750780064153e-09 2.2116539645761664e-08 6.1336570944085126e-08 2.1950362396510447e-08 8.0906792269247932e-09 1.7523921379017840e-09 2.1011979511836273e-10 1.1333140961279272e-11 1.6256282935292883e-13 1.1682482569003351e-16 
4.0805673430486840e-10 6.8490567194291124e-09 2.1950362396510447e-08 5.7166458186313715e-08 1.9968381835193696e-08 7.7259163221404774e-09 1.6120991036580584e-09 1.5186573398932518e-10 4.0193128689172201e-12 6.3630725145357031e-15 
3.8084067685158181e-11 1.3147490580051404e-09 8.0906792269247932e-09 1.9968381835193696e-08 5.3345019960172000e-08 1.7412508282944792e-08 6.4360634332105009e-09 1.0792967084818775e-09 5.3095216334917230e-11 1.8440660466451149e-13 
2.3070523741266840e-12 1.5799693672582538e-10 1.7523921379017840e-09 7.7259163221404774e-09 1.7412508282944792e-08 4.9906936318603136e-08 1.4589804505046550e-08 4.5519049628866289e-09 4.3832619374214727e-10 3.5122550002797984e-12 
7.7930332470181855e-14 1.0727972933356240e-11 2.1011979511836273e-10 1.6120991036580584e-09 6.4360634332105009e-09 1.4589804505046550e-08 4.6679003715107369e-08 1.1414983946343156e-08 2.3474433290680496e-09 4.8494537742401121e-11 
1.1075077499525797e-15 3.2007641180852985e-13 1.1333140961279272e-11 1.5186573398932518e-10 1.0792967084818775e-09 4.5519049628866289e-09 1.1414983946343156e-08 4.3443886504614451e-08 7.6643910269440227e-09 4.9340045537881639e-10 
3.6064392239906744e-18 2.3585338483794566e-15 1.6256282935292883e-13 4.0193128689172201e-12 5.3095216334917230e-11 4.3832619374214727e-10 2.3474433290680496e-09 7.6643910269440227e-09 4.0032600021191259e-08 3.3686718134644790e-09 
4.2162339561671095e-22 7.2912753355643913e-19 1.1682482569003351e-16 6.3630725145357031e-15 1.8440660466451149e-13 3.5122550002797984e-12 4.8494537742401121e-11 4.9340045537881639e-10 3.3686718134644790e-09 3.4694519362918178e-08 
