4.0393183844383196e-07 1.3769853267683766e-07 2.5560710545471338e-08 3.2423938942337926e-09 2.9472150749749363e-10 1.7714697203935845e-11 6.0304024702060263e-13 8.7823528829104967e-15 2.9961587202317626e-17 3.8512782264607529e-21 
1.3769853267683766e-07 3.4373012641637366e-07 1.7778718244419808e-07 5.3364310685491641e-08 1.0110054459937735e-08 1.2167747732673399e-09 8.3871815682117261e-11 2.5783449389765862e-12 1.9954773697593588e-14 6.7843886641141768e-18 
2.5560710545471338e-08 1.7778718244419808e-07 2.8719721771514816e-07 1.6912352879336617e-07 6.2173782046987910e-08 1.3581741895013314e-08 1.6618928924565903e-09 9.2687758702515360e-11 1.4001239146253858e-12 1.1063087304482849e-15 
3.2423938942337926e-09 5.3364310685491641e-08 1.6912352879336617e-07 2.5067098428574432e-07 1.5419158109677920e-07 6.0498049594591357e-08 1.2930673245049017e-08 1.2623627597901135e-09 3.5276372013347315e-11 6.1328566831386234e-14 
2.9472150749749363e-10 1.0110054459937735e-08 6.2173782046987910e-08 1.5419158109677920e-07 2.2448146283110205e-07 1.3844779846398263e-07 5.2546644466945917e-08 9.1459924427787858e-09 4.7600317585806649e-10 1.8104964596154227e-12 
1.7714697203935845e-11 1.2167747732673399e-09 1.3581741895013314e-08 6.0498049594591357e-08 1.3844779846398263e-07 2.0443018389361758e-07 1.2185017911426266e-07 3.9533629923708341e-08 4.0307680118548452e-09 3.5209105886283883e-11 
6.0304024702060263e-13 8.3871815682117261e-11 1.6618928924565903e-09 1.2930673245049017e-08 5.2546644466945917e-08 1.2185017911426266e-07 1.8720508438767465e-07 1.0241917507513091e-07 2.2280130123920735e-08 4.9912985023892178e-10 
8.7823528829104967e-15 2.5783449389765862e-12 9.2687758702515360e-11 1.2623627597901135e-09 9.1459924427787858e-09 3.9533629923708341e-08 1.0241917507513091e-07 1.7087629376694022e-07 7.5762826706898882e-08 5.2821295415761040e-09 
2.9961587202317626e-17 1.9954773697593588e-14 1.4001239146253858e-12 3.5276372013347315e-11 4.7600317585806649e-10 4.0307680118548452e-09 2.2280130123920735e-08 7.5762826706898882e-08 1.5219392747552482e-07 3.8627040495702043e-08 
3.8512782264607529e-21 6.7843886641141768e-18 1.1063087304482849e-15 6.1328566831386234e-14 1.8104964596154227e-12 3.5209105886283883e-11 4.9912985023892178e-10 5.2821295415761040e-09 3.8627040495702043e-08 1.1171246821231237e-07 
