8.815430574464e-08 2.699435127733e-08 5.311074085094e-09 6.893235309910e-10 6.280748669624e-11 3.732879555242e-12 1.239139432042e-13 1.738131029579e-15 5.592307986195e-18 6.499895564851e-22 
2.699435127733e-08 9.326125913394e-08 3.764660911449e-08 1.137932998873e-08 2.142064581443e-09 2.530468198331e-10 1.693593331886e-11 5.001136220039e-13 3.644768873997e-15 1.124871245376e-18 
5.311074085094e-09 3.764660911449e-08 8.343199510588e-08 3.593955521521e-08 1.304104151927e-08 2.783859026118e-09 3.301120686700e-10 1.763950521388e-11 2.507041358799e-13 1.803404464845e-16 
6.893235309910e-10 1.137932998873e-08 3.593955521521e-08 7.499373766204e-08 3.184637919243e-08 1.218781092780e-08 2.521872056482e-09 2.354963747718e-10 6.193028637359e-12 9.826423955422e-15 
6.280748669624e-11 2.142064581443e-09 1.304104151927e-08 3.184637919243e-08 6.792376996474e-08 2.730771506462e-08 1.002182644801e-08 1.667895168373e-09 8.181220888589e-11 2.848399479062e-13 
3.732879555242e-12 2.530468198331e-10 2.783859026118e-09 1.218781092780e-08 2.730771506462e-08 6.204341213618e-08 2.260145529118e-08 7.017041675905e-09 6.759056710062e-10 5.426304213576e-12 
1.239139432042e-13 1.693593331886e-11 3.301120686700e-10 2.521872056482e-09 1.002182644801e-08 2.260145529118e-08 5.670025185148e-08 1.758955681394e-08 3.623585040484e-09 7.497770133477e-11 
1.738131029579e-15 5.001136220039e-13 1.763950521388e-11 2.354963747718e-10 1.667895168373e-09 7.017041675905e-09 1.758955681394e-08 5.171875154846e-08 1.183939383614e-08 7.652420529258e-10 
5.592307986195e-18 3.644768873997e-15 2.507041358799e-13 6.193028637359e-12 8.181220888589e-11 6.759056710062e-10 3.623585040484e-09 1.183939383614e-08 4.651855381186e-08 5.280844733404e-09 
6.499895564851e-22 1.124871245376e-18 1.803404464845e-16 9.826423955422e-15 2.848399479062e-13 5.426304213576e-12 7.497770133477e-11 7.652420529258e-10 5.280844733404e-09 3.859753900353e-08 
