6.858731964976e-08 1.893765552662e-08 3.813805695849e-09 5.039904647180e-10 4.655397175549e-11 2.798410356817e-12 9.376874382308e-14 1.324227703231e-15 4.291083377582e-18 4.989218918897e-22 
1.893765552662e-08 7.474040902633e-08 2.740093463864e-08 8.399420370318e-09 1.599137473279e-09 1.907837993977e-10 1.286058691068e-11 3.821418201219e-13 2.799688632633e-15 8.633314322170e-19 
3.813805695849e-09 2.740093463864e-08 6.889433975404e-08 2.675136850426e-08 9.797633629472e-09 2.107522593490e-09 2.513536254044e-10 1.350981251208e-11 1.926153774608e-13 1.384078514998e-16 
5.039904647180e-10 8.399420370318e-09 2.675136850426e-08 6.331091153461e-08 2.406317553088e-08 9.258705837366e-09 1.925438259217e-09 1.806795943223e-10 4.756982057613e-12 7.541280989177e-15 
4.655397175549e-11 1.599137473279e-09 9.797633629472e-09 2.406317553088e-08 5.835463387297e-08 2.081514580419e-08 7.673570494251e-09 1.281057939864e-09 6.281732586590e-11 2.185524323654e-13 
2.798410356817e-12 1.907837993977e-10 2.107522593490e-09 9.258705837366e-09 2.081514580419e-08 5.409463162529e-08 1.734753618009e-08 5.390642074042e-09 5.188061620205e-10 4.160852490584e-12 
9.376874382308e-14 1.286058691068e-11 2.513536254044e-10 1.925438259217e-09 7.673570494251e-09 1.734753618009e-08 5.009690963966e-08 1.350544330429e-08 2.780947627384e-09 5.740075590845e-11 
1.324227703231e-15 3.821418201219e-13 1.350981251208e-11 1.806795943223e-10 1.281057939864e-09 5.390642074042e-09 1.350544330429e-08 4.625203192486e-08 9.081467098818e-09 5.835809555544e-10 
4.291083377582e-18 2.799688632633e-15 1.926153774608e-13 4.756982057613e-12 6.281732586590e-11 5.188061620205e-10 2.780947627384e-09 9.081467098818e-09 4.219935313686e-08 3.995215763967e-09 
4.989218918897e-22 8.633314322170e-19 1.384078514998e-16 7.541280989177e-15 2.185524323654e-13 4.160852490584e-12 5.740075590845e-11 5.835809555544e-10 3.995215763967e-09 3.597315510766e-08 
