8.328992428753e-08 2.503770068650e-08 4.952459112314e-09 6.453412152602e-10 5.895167524088e-11 3.511015485382e-12 1.168720512424e-13 1.638426605176e-15 5.288726462163e-18 6.124341719004e-22 
2.503770068650e-08 8.881671244700e-08 3.520728044545e-08 1.067416153103e-08 2.012845660751e-09 2.384368826166e-10 1.597121560353e-11 4.717282880796e-13 3.449064478777e-15 1.059544000632e-18 
4.952459112314e-09 3.520728044545e-08 7.999305705771e-08 3.375394921568e-08 1.227421729602e-08 2.625423156436e-09 3.112176356460e-10 1.665981014484e-11 2.371218199791e-13 1.699336406438e-16 
6.453412152602e-10 1.067416153103e-08 3.375394921568e-08 7.222450765669e-08 3.002521887026e-08 1.149325716425e-08 2.378289531449e-09 2.226859575117e-10 5.850318934971e-12 9.267682606729e-15 
5.895167524088e-11 2.012845660751e-09 1.227421729602e-08 3.002521887026e-08 6.566419530811e-08 2.574443314153e-08 9.463632494974e-09 1.578025197619e-09 7.717215518169e-11 2.689548345065e-13 
3.511015485382e-12 2.384368826166e-10 2.625423156436e-09 1.149325716425e-08 2.574443314153e-08 6.014378655720e-08 2.137813336486e-08 6.633268520996e-09 6.368863866675e-10 5.129388000762e-12 
1.168720512424e-13 1.597121560353e-11 3.112176356460e-10 2.378289531449e-09 9.463632494974e-09 2.137813336486e-08 5.515535824752e-08 1.659076855946e-08 3.415401672934e-09 7.090773776249e-11 
1.638426605176e-15 4.717282880796e-13 1.665981014484e-11 2.226859575117e-10 1.578025197619e-09 6.633268520996e-09 1.659076855946e-08 5.036031337563e-08 1.118249434480e-08 7.223671251487e-10 
5.288726462163e-18 3.449064478777e-15 2.371218199791e-13 5.850318934971e-12 7.717215518169e-11 6.368863866675e-10 3.415401672934e-09 1.118249434480e-08 4.550791150144e-08 4.953411363379e-09 
6.124341719004e-22 1.059544000632e-18 1.699336406438e-16 9.267682606729e-15 2.689548345065e-13 5.129388000762e-12 7.090773776249e-11 7.223671251487e-10 4.953411363379e-09 3.793353194126e-08 
