1.223652852249e-05 4.568450617949e-06 8.654397033785e-07 1.112268680172e-07 1.011735855337e-08 6.012489142903e-10 1.999148274226e-11 2.802163954249e-13 9.013305705988e-16 1.043295464477e-19 
4.568450617949e-06 1.067209340045e-05 6.083475096314e-06 1.833546725906e-06 3.449869344077e-07 4.079435355891e-08 2.732514707821e-09 8.057174377703e-11 5.876993226844e-13 1.802601940434e-16 
8.654397033785e-07 6.083475096314e-06 8.928196367541e-06 5.788420344908e-06 2.101123605141e-06 4.491157983974e-07 5.322922321767e-08 2.841913235690e-09 4.041627002801e-11 2.886378783668e-14 
1.112268680172e-07 1.833546725906e-06 5.788420344908e-06 7.565302556933e-06 5.136144592187e-06 1.966301017007e-06 4.063693253304e-07 3.795583834566e-08 9.974175372750e-10 1.571403588798e-12 
1.011735855337e-08 3.449869344077e-07 2.101123605141e-06 5.136144592187e-06 6.436817642072e-06 4.401944746639e-06 1.614592416859e-06 2.689094706887e-07 1.315427476311e-08 4.552770077851e-11 
6.012489142903e-10 4.079435355891e-08 4.491157983974e-07 1.966301017007e-06 4.401944746639e-06 5.479506431113e-06 3.643251321431e-06 1.130748863812e-06 1.084337438020e-07 8.670600573232e-10 
1.999148274226e-11 2.732514707821e-09 5.322922321767e-08 4.063693253304e-07 1.614592416859e-06 3.643251321431e-06 4.621692913650e-06 2.827897218279e-06 5.799900548844e-07 1.197425794197e-08 
2.802163954249e-13 8.057174377703e-11 2.841913235690e-09 3.795583834566e-08 2.689094706887e-07 1.130748863812e-06 2.827897218279e-06 3.794966226006e-06 1.892287358954e-06 1.219281480916e-07 
9.013305705988e-16 5.876993226844e-13 4.041627002801e-11 9.974175372750e-10 1.315427476311e-08 1.084337438020e-07 5.799900548844e-07 1.892287358954e-06 2.949716006108e-06 8.342249126756e-07 
1.043295464477e-19 1.802601940434e-16 2.886378783668e-14 1.571403588798e-12 4.552770077851e-11 8.670600573232e-10 1.197425794197e-08 1.219281480916e-07 8.342249126756e-07 1.642937547003e-06 
