9.2687490249772803e-08 2.8839790513502264e-08 5.6522535026526124e-09 7.3140703578101141e-10 6.6495138491350041e-11 3.9428038702807960e-12 1.3081178354477026e-13 1.8308981166377338e-15 5.8886943989760840e-18 6.8373533124127920e-22 
2.8839790513502264e-08 9.7486083198209641e-08 3.9972275489159688e-08 1.2056689108639568e-08 2.2643316158969930e-09 2.6716954816738035e-10 1.7864778437183277e-11 5.2632356040671804e-13 3.8409928174267693e-15 1.1824738355364264e-18 
5.6522535026526124e-09 3.9972275489159688e-08 8.6737386039995918e-08 3.8015163481487437e-08 1.3771790816739113e-08 2.9384203605586726e-09 3.4783276815132998e-10 1.8564511477366515e-11 2.6427245076306745e-13 1.8953542605055388e-16 
7.3140703578101141e-10 1.2056689108639568e-08 3.8015163481487437e-08 7.7621721979546486e-08 3.3619998516955972e-08 1.2854407819346050e-08 2.6547098737842792e-09 2.4798614055493196e-10 6.5259315407895227e-12 1.0330683082283316e-14 
6.6495138491350041e-11 2.2643316158969930e-09 1.3771790816739113e-08 3.3619998516955972e-08 7.0107770336238061e-08 2.8760753113463550e-08 1.0547110617998192e-08 1.7575955637055014e-09 8.6137703184015373e-11 2.9971491918432632e-13 
3.9428038702807960e-12 2.6716954816738035e-10 2.9384203605586726e-09 1.2854407819346050e-08 2.8760753113463550e-08 6.3814621319360320e-08 2.3805044422168379e-08 7.3957011376769937e-09 7.1089319276660302e-10 5.7176774290631371e-12 
1.3081178354477026e-13 1.7864778437183277e-11 3.4783276815132998e-10 2.6547098737842792e-09 1.0547110617998192e-08 2.3805044422168379e-08 5.8240657366207725e-08 1.8518432200023042e-08 3.8092616190296335e-09 7.9148333492576730e-11 
1.8308981166377338e-15 5.2632356040671804e-13 1.8564511477366515e-11 2.4798614055493196e-10 1.7575955637055014e-09 7.3957011376769937e-09 1.8518432200023042e-08 5.2924160085224223e-08 1.2464406625854477e-08 8.0900363135449175e-10 
5.8886943989760840e-18 3.8409928174267693e-15 2.6427245076306745e-13 6.5259315407895227e-12 8.6137703184015373e-11 7.1089319276660302e-10 3.8092616190296335e-09 1.2464406625854477e-08 4.7550210694963884e-08 5.5757801973997214e-09 
6.8373533124127920e-22 1.1824738355364264e-18 1.8953542605055388e-16 1.0330683082283316e-14 2.9971491918432632e-13 5.7176774290631371e-12 7.9148333492576730e-11 8.0900363135449175e-10 5.5757801973997214e-09 3.9186394879841409e-08 
