5.6481106689312656e-07 1.9817540441530181e-07 3.7575477761533773e-08 4.8695745292475736e-09 4.5164629053825713e-10 2.7688686528032529e-11 9.6009449370855976e-13 1.4214144198195445e-14 4.9764281972047382e-17 6.4648579942523452e-21 
1.9817540441530181e-07 4.9018199604525189e-07 2.6548566013466247e-07 8.1242243039863940e-08 1.5685137539663426e-08 1.9227456330949678e-09 1.3461022538045018e-10 4.2103706700142076e-12 3.3383711123213832e-14 1.1376608354216985e-17 
3.7575477761533773e-08 2.6548566013466247e-07 4.2138356954283923e-07 2.6103325764152312e-07 9.7581449558290142e-08 2.1646442995854108e-08 2.6858369803361175e-09 1.5267214709243491e-10 2.3514622498591909e-12 1.8554400301280937e-15 
4.8695745292475736e-09 8.1242243039863940e-08 2.6103325764152312e-07 3.7650068757985421e-07 2.4473864469221731e-07 9.7194748676018600e-08 2.1064849696622744e-08 2.0965346935385666e-09 5.9322577898932084e-11 1.0304989090654798e-13 
4.5164629053825713e-10 1.5685137539663426e-08 9.7581449558290142e-08 2.4473864469221731e-07 3.4293478993713790e-07 2.2441924630604527e-07 8.6467463511067905e-08 1.5300071619033354e-08 8.0004718198236325e-10 3.0544379867690132e-12 
2.7688686528032529e-11 1.9227456330949678e-09 2.1646442995854108e-08 9.7194748676018600e-08 2.2441924630604527e-07 3.1730895866284490e-07 2.0281133752722796e-07 6.6435941853872776e-08 6.7652297348310959e-09 5.9798734349851448e-11 
9.6009449370855976e-13 1.3461022538045018e-10 2.6858369803361175e-09 2.1064849696622744e-08 8.6467463511067905e-08 2.0281133752722796e-07 2.9514823154291173e-07 1.7212148224815822e-07 3.7402796111738458e-08 8.5635363622017351e-10 
1.4214144198195445e-14 4.2103706700142076e-12 1.5267214709243491e-10 2.0965346935385666e-09 1.5300071619033354e-08 6.6435941853872776e-08 1.7212148224815822e-07 2.6754326156435084e-07 1.2816345239643676e-07 9.1894244207909151e-09 
4.9764281972047382e-17 3.3383711123213832e-14 2.3514622498591909e-12 5.9322577898932084e-11 8.0004718198236325e-10 6.7652297348310959e-09 3.7402796111738458e-08 1.2816345239643676e-07 2.4237325006579599e-07 6.8012089662473169e-08 
6.4648579942523452e-21 1.1376608354216985e-17 1.8554400301280937e-15 1.0304989090654798e-13 3.0544379867690132e-12 5.9798734349851448e-11 8.5635363622017351e-10 9.1894244207909151e-09 6.8012089662473169e-08 1.7381173247207886e-07 
