1.1367762140391367e-07 3.6941569640582019e-08 7.1182684468698526e-09 9.1034133987045489e-10 8.2071865294593375e-11 4.8367937071591821e-12 1.5977743115272573e-13 2.2302883413443197e-15 7.1694732634367878e-18 8.3574008826297720e-22 
3.6941569640582019e-08 1.1569257683791040e-07 4.9892780336307985e-08 1.4918824410679775e-08 2.7836713723362896e-09 3.2688037951528829e-10 2.1786819117421928e-11 6.4079991359840145e-13 4.6784555896970347e-15 1.4470410394275147e-18 
7.1182684468698526e-09 4.9892780336307985e-08 1.0071397929220896e-07 4.6808267917210865e-08 1.6877217946128029e-08 3.5883846579333894e-09 4.2379970691196233e-10 2.2599712168909415e-11 3.2209313763712986e-13 2.3223166263610673e-16 
9.1034133987045489e-10 1.4918824410679775e-08 4.6808267917210865e-08 8.8802195470185841e-08 4.1092619276787481e-08 1.5674223840365180e-08 3.2325601032816016e-09 3.0193747911345428e-10 7.9601630263517428e-12 1.2675548586357016e-14 
8.2071865294593375e-11 2.7836713723362896e-09 1.6877217946128029e-08 4.1092619276787481e-08 7.9315702739485966e-08 3.5031774095662141e-08 1.2839719645654617e-08 2.1409724289289874e-09 1.0517967952353468e-10 3.6833964815217794e-13 
4.8367937071591821e-12 3.2688037951528829e-10 3.5883846579333894e-09 1.5674223840365180e-08 3.5031774095662141e-08 7.1555672361097938e-08 2.8986369462810677e-08 9.0169882196062602e-09 8.6932549886458651e-10 7.0407521471336886e-12 
1.5977743115272573e-13 2.1786819117421928e-11 4.2379970691196233e-10 3.2325601032816016e-09 1.2839719645654617e-08 2.8986369462810677e-08 6.4811530072108511e-08 2.2613132892505323e-08 4.6684225686221913e-09 9.7721957905396858e-11 
2.2302883413443197e-15 6.4079991359840145e-13 2.2599712168909415e-11 3.0193747911345428e-10 2.1409724289289874e-09 9.0169882196062602e-09 2.2613132892505323e-08 5.8468960239342050e-08 1.5328607480358534e-08 1.0028792521622817e-09 
7.1694732634367878e-18 4.6784555896970347e-15 3.2209313763712986e-13 7.9601630263517428e-12 1.0517967952353468e-10 8.6932549886458651e-10 4.6684225686221913e-09 1.5328607480358534e-08 5.2134534985956184e-08 6.9599874861666815e-09 
8.3574008826297720e-22 1.4470410394275147e-18 2.3223166263610673e-16 1.2675548586357016e-14 3.6833964815217794e-13 7.0407521471336886e-12 9.7721957905396858e-11 1.0028792521622817e-09 6.9599874861666815e-09 4.2093450641435469e-08 
