3.6862507083567481e-07 1.2520550217844391e-07 2.3161859864326849e-08 2.9249224322274346e-09 2.6460838182990622e-10 1.5825804745948474e-11 5.3596306313044342e-13 7.7597128957950695e-15 2.6322481146058238e-17 3.3478191679824714e-21 
1.2520550217844391e-07 3.1433402788485221e-07 1.6058049685285654e-07 4.7988070893324491e-08 9.0491878513173910e-09 1.0838280057827214e-09 7.4332564262216678e-11 2.2722683978213620e-12 1.7508004064025089e-14 5.8861553984614077e-18 
2.3161859864326849e-08 1.6058049685285654e-07 2.6126153245335490e-07 1.5157401428074966e-07 5.5483361836145378e-08 1.2066248286984715e-08 1.4692055288583105e-09 8.1541551412319441e-11 1.2264180761210780e-12 9.5891643915917097e-16 
2.9249224322274346e-09 4.7988070893324491e-08 1.5157401428074966e-07 2.2686197386607622e-07 1.3716571690164804e-07 5.3598052273340356e-08 1.1403604715610249e-08 1.1090244380789631e-09 3.0829879313606917e-11 5.3160740944861030e-14 
2.6460838182990622e-10 9.0491878513173910e-09 5.5483361836145378e-08 1.3716571690164804e-07 2.0221743941716454e-07 1.2227313229911571e-07 4.6236133492991668e-08 8.0228818684430320e-09 4.1482728867045304e-10 1.5709457253484529e-12 
1.5825804745948474e-11 1.0838280057827214e-09 1.2066248286984715e-08 5.3598052273340356e-08 1.2227313229911571e-07 1.8335608199254148e-07 1.0701088065967733e-07 3.4593900956043116e-08 3.5020619726579485e-09 3.0601996030077319e-11 
5.3596306313044342e-13 7.4332564262216678e-11 1.4692055288583105e-09 1.1403604715610249e-08 4.6236133492991668e-08 1.0701088065967733e-07 1.6748161009957934e-07 8.9243307844710954e-08 1.9319392348808600e-08 4.3452394712136430e-10 
7.7597128957950695e-15 2.2722683978213620e-12 8.1541551412319441e-11 1.1090244380789631e-09 8.0228818684430320e-09 3.4593900956043116e-08 8.9243307844710954e-08 1.5197573556186941e-07 6.5782578576954340e-08 4.5935866906306363e-09 
2.6322481146058238e-17 1.7508004064025089e-14 1.2264180761210780e-12 3.0829879313606917e-11 4.1482728867045304e-10 3.5020619726579485e-09 1.9319392348808600e-08 6.5782578576954340e-08 1.3608773665547596e-07 3.3242328850082371e-08 
3.3478191679824714e-21 5.8861553984614077e-18 9.5891643915917097e-16 5.3160740944861030e-14 1.5709457253484529e-12 3.0601996030077319e-11 4.3452394712136430e-10 4.5935866906306363e-09 3.3242328850082371e-08 9.9481573919629444e-08 
