6.3877998272357400e-08 1.6940501083198583e-08 3.4383840052204248e-09 4.5708932138682500e-10 4.2440609431578467e-11 2.5596035701887461e-12 8.6124594146794692e-14 1.2196801379372371e-15 3.9586918393516310e-18 4.6154439100116125e-22 
1.6940501083198583e-08 7.0104506174352586e-08 2.4813280934617502e-08 7.6449793511479290e-09 1.4610312124148887e-09 1.7489184524377892e-10 1.1834733383505227e-11 3.5202115315759165e-13 2.5868132283967867e-15 7.9794664370799051e-19 
3.4383840052204248e-09 2.4813280934617502e-08 6.5213062572963449e-08 2.4420753278708060e-08 8.9686179522639575e-09 1.9361883263868146e-09 2.3147438014685361e-10 1.2451371871637334e-11 1.7818867807736430e-13 1.2782450384902041e-16 
4.5708932138682500e-10 7.6449793511479290e-09 2.4420753278708060e-08 6.0325756519273742e-08 2.2082674010983842e-08 8.5212369377561694e-09 1.7736378188815804e-09 1.6670033382851574e-10 4.4034246170186499e-12 6.9610764785466529e-15 
4.2440609431578467e-11 1.4610312124148887e-09 8.9686179522639575e-09 2.2082674010983842e-08 5.5944369320379786e-08 1.9171860990040841e-08 7.0719039300307669e-09 1.1837255025497295e-09 5.8142741696744891e-11 2.0171609957368711e-13 
2.5596035701887461e-12 1.7489184524377892e-10 1.9361883263868146e-09 8.5212369377561694e-09 1.9171860990040841e-08 5.2059275206485233e-08 1.6011181422425520e-08 4.9883132810960315e-09 4.7978778240416332e-10 3.8418169112870250e-12 
8.6124594146794692e-14 1.1834733383505227e-11 2.3147438014685361e-10 1.7736378188815804e-09 7.0719039300307669e-09 1.6011181422425520e-08 4.8455407804241240e-08 1.2499965414896671e-08 2.5684705866242551e-09 5.3049955368723009e-11 
1.2196801379372371e-15 3.5202115315759165e-13 1.2451371871637334e-11 1.6670033382851574e-10 1.1837255025497295e-09 4.9883132810960315e-09 1.2499965414896671e-08 4.4881192743919774e-08 8.3838936798156086e-09 5.3994849435852443e-10 
3.9586918393516310e-18 2.5868132283967867e-15 1.7818867807736430e-13 4.4034246170186499e-12 5.8142741696744891e-11 4.7978778240416332e-10 2.5684705866242551e-09 8.3838936798156086e-09 4.1145902035887560e-08 3.6901932549161294e-09 
4.6154439100116125e-22 7.9794664370799051e-19 1.2782450384902041e-16 6.9610764785466529e-15 2.0171609957368711e-13 3.8418169112870250e-12 5.3049955368723009e-11 5.3994849435852443e-10 3.6901932549161294e-09 3.5333639055153529e-08 
