6.0508357570743333e-08 1.5478994281526866e-08 3.1601125413526218e-09 4.2213746673016259e-10 3.9353312061239655e-11 2.3815664143368122e-12 8.0364344583953665e-14 1.1403791036613553e-15 3.7071735678126594e-18 4.3307422582448124e-22 
1.5478994281526866e-08 6.6674978229552830e-08 2.2887639581798622e-08 7.0798706408129372e-09 1.3577116673545669e-09 1.6300656520055805e-10 1.1055490146712606e-11 3.2932991969271784e-13 2.4237279426796213e-15 7.4888820143790176e-19 
3.1601125413526218e-09 2.2887639581798622e-08 6.2458494502172583e-08 2.2673513970037400e-08 8.3502292470819597e-09 1.8069469206576193e-09 2.1638966558104979e-10 1.1654532450447890e-11 1.6702779877823481e-13 1.1998581155587647e-16 
4.2213746673016259e-10 7.0798706408129372e-09 2.2673513970037400e-08 5.8099293294269305e-08 2.0595984837584708e-08 7.9610371746178467e-09 1.6590454934048728e-09 1.5611025158858252e-10 4.1291971228436829e-12 6.5350174826022351e-15 
3.9353312061239655e-11 1.3577116673545669e-09 8.3502292470819597e-09 2.0595984837584708e-08 5.4114773423608895e-08 1.7927057793097586e-08 6.6189634062939001e-09 1.1091279748744262e-09 5.4541238925475942e-11 1.8938498977317999e-13 
2.3815664143368122e-12 1.6300656520055805e-10 1.8069469206576193e-09 7.9610371746178467e-09 1.7927057793097586e-08 5.0527594056798969e-08 1.4996159737224418e-08 4.6766677602444303e-09 4.5022283378403963e-10 3.6070331292062146e-12 
8.0364344583953665e-14 1.1055490146712606e-11 2.1638966558104979e-10 1.6590454934048728e-09 6.6189634062939001e-09 1.4996159737224418e-08 4.7186607125925379e-08 1.1725829469996216e-08 2.4109578505257906e-09 4.9803884692697548e-11 
1.1403791036613553e-15 3.2932991969271784e-13 1.1654532450447890e-11 1.5611025158858252e-10 1.1091279748744262e-09 4.6766677602444303e-09 1.1725829469996216e-08 4.3856684963599317e-08 7.8713047536224822e-09 5.0676191243732039e-10 
3.7071735678126594e-18 2.4237279426796213e-15 1.6702779877823481e-13 4.1291971228436829e-12 5.4541238925475942e-11 4.5022283378403963e-10 2.4109578505257906e-09 7.8713047536224822e-09 4.0352390398318489e-08 3.4607313639755539e-09 
4.3307422582448124e-22 7.4888820143790176e-19 1.1998581155587647e-16 6.5350174826022351e-15 1.8938498977317999e-13 3.6070331292062146e-12 4.9803884692697548e-11 5.0676191243732039e-10 3.4607313639755539e-09 3.4876243487490016e-08 
