8.7548255994720112e-08 2.6813377373474344e-08 5.2839389779866063e-09 6.8646832766257486e-10 6.2594385552291168e-11 3.7198558457003874e-12 1.2361583085066738e-13 1.7311897756507403e-15 5.5667926419000856e-18 6.4603219494031718e-22 
2.6813377373474344e-08 9.2913772092204169e-08 3.7479821832834969e-08 1.1339139290652223e-08 2.1345999844923811e-09 2.5231574484075003e-10 1.6889438031972551e-11 4.9761791044186453e-13 3.6309655551224122e-15 1.1170000988895066e-18 
5.2839389779866063e-09 3.7479821832834969e-08 8.3231828776512768e-08 3.5816249801230307e-08 1.2998074051687250e-08 2.7769106723153997e-09 3.2888225688745009e-10 1.7550573111335248e-11 2.4981226153884093e-13 1.7899322452195309e-16 
6.8646832766257486e-10 1.1339139290652223e-08 3.5816249801230307e-08 7.4834498794450201e-08 3.1762518973908593e-08 1.2152899903044249e-08 2.5099905408852849e-09 2.3443127031186928e-10 6.1682800681390947e-12 9.7531603874480602e-15 
6.2594385552291168e-11 2.1345999844923811e-09 1.2998074051687250e-08 3.1762518973908593e-08 6.7818492307084453e-08 2.7193973286712086e-08 9.9711499322852185e-09 1.6614781955260017e-09 8.1403172892613798e-11 2.8286228926946830e-13 
3.7198558457003874e-12 2.5231574484075003e-10 2.7769106723153997e-09 1.2152899903044249e-08 2.7193973286712086e-08 6.1870922615098022e-08 2.2503685225051711e-08 6.9907534767489923e-09 6.7162879949581730e-10 5.3939018030304389e-12 
1.2361583085066738e-13 1.6889438031972551e-11 3.2888225688745009e-10 2.5099905408852849e-09 9.9711499322852185e-09 2.2503685225051711e-08 5.6597172824879346e-08 1.7500436021545750e-08 3.5972123731062322e-09 7.4623185713435000e-11 
1.7311897756507403e-15 4.9761791044186453e-13 1.7550573111335248e-11 2.3443127031186928e-10 1.6614781955260017e-09 6.9907534767489923e-09 1.7500436021545750e-08 5.1553105908659804e-08 1.1761869959142742e-08 7.6203291398998710e-10 
5.5667926419000856e-18 3.6309655551224122e-15 2.4981226153884093e-13 6.1682800681390947e-12 8.1403172892613798e-11 6.7162879949581730e-10 3.5972123731062322e-09 1.1761869959142742e-08 4.6436248539518813e-08 5.2424678335340229e-09 
6.4603219494031718e-22 1.1170000988895066e-18 1.7899322452195309e-16 9.7531603874480602e-15 2.8286228926946830e-13 5.3939018030304389e-12 7.4623185713435000e-11 7.6203291398998710e-10 5.2424678335340229e-09 3.8490979999900279e-08 
