9.5942877179610218e-08 3.0146791170428291e-08 5.8931622222592266e-09 7.6117158033566346e-10 6.9107353245943542e-11 4.0934377764965970e-12 1.3568239479879583e-13 1.8966912175939551e-15 6.0927037742454027e-18 7.0757664269680405e-22 
3.0146791170428291e-08 1.0046922351520404e-07 4.1617732727847533e-08 1.2535509435137853e-08 2.3517133732120534e-09 2.7722949260940347e-10 1.8519346028919347e-11 5.4491191113586148e-13 3.9736769368368477e-15 1.2238688491814582e-18 
5.8931622222592266e-09 4.1617732727847533e-08 8.9073080518860850e-08 3.9492817447166480e-08 1.4295108416416772e-08 3.0475821457049153e-09 3.6037844680798914e-10 1.9212669492046462e-11 2.7340495385198635e-13 1.9619789151726837e-16 
7.6117158033566346e-10 1.2535509435137853e-08 3.9492817447166480e-08 7.9505596911937682e-08 3.4877621504685416e-08 1.3324365665853256e-08 2.7489181006027585e-09 2.5658331633343504e-10 6.7519191936279803e-12 1.0695469171068144e-14 
6.9107353245943542e-11 2.3517133732120534e-09 1.4295108416416772e-08 3.4877621504685416e-08 7.1646241470187174e-08 2.9791285341402370e-08 1.0915799573894200e-08 1.8183353497245998e-09 8.9130792565701194e-11 3.1035370780792774e-13 
4.0934377764965970e-12 2.7722949260940347e-10 3.0475821457049153e-09 1.3324365665853256e-08 2.9791285341402370e-08 6.5063967233595850e-08 2.4629158050771528e-08 7.6515020390286194e-09 7.3571869509920263e-10 5.9219727990702915e-12 
1.3568239479879583e-13 1.8519346028919347e-11 3.6037844680798914e-10 2.7489181006027585e-09 1.0915799573894200e-08 2.4629158050771528e-08 5.9278693133166115e-08 1.9162001950969591e-08 3.9432590270959264e-09 8.2002737565546213e-11 
1.8966912175939551e-15 5.4491191113586148e-13 1.9212669492046462e-11 2.5658331633343504e-10 1.8183353497245998e-09 7.6515020390286194e-09 1.9162001950969591e-08 5.3790814994663930e-08 1.2907854945329369e-08 8.3862708727685152e-10 
6.0927037742454027e-18 3.9736769368368477e-15 2.7340495385198635e-13 6.7519191936279803e-12 8.9130792565701194e-11 7.3571869509920263e-10 3.9432590270959264e-09 1.2907854945329369e-08 4.8252855095299312e-08 5.7856885326838487e-09 
7.0757664269680405e-22 1.2238688491814582e-18 1.9619789151726837e-16 1.0695469171068144e-14 3.1035370780792774e-13 5.9219727990702915e-12 8.2002737565546213e-11 8.3862708727685152e-10 5.7856885326838487e-09 3.9621123037449263e-08 
