1.537593084139e-07 5.152858574308e-08 9.719199490827e-09 1.226548534312e-09 1.097160658362e-10 6.432523534941e-12 2.121683082233e-13 2.966401187517e-15 9.569361829112e-18 1.134370949062e-21 
5.152858574308e-08 1.480500137554e-07 6.743064288050e-08 1.998781822055e-08 3.708709019221e-09 4.341234599828e-10 2.895466219947e-11 8.527581773892e-13 6.265762021788e-15 1.968085177203e-18 
9.719199490827e-09 6.743064288050e-08 1.254484971994e-07 6.244752969241e-08 2.243163511692e-08 4.765754844195e-09 5.635883046129e-10 3.010814246677e-11 4.329733843670e-13 3.164223468643e-16 
1.226548534312e-09 1.998781822055e-08 6.244752969241e-08 1.087766821343e-07 5.456562515043e-08 2.083283674814e-08 4.301224107117e-09 4.031104067038e-10 1.073935761039e-11 1.730601330090e-14 
1.097160658362e-10 3.708709019221e-09 2.243163511692e-08 5.456562515043e-08 9.612285831149e-08 4.659757323014e-08 1.710325069532e-08 2.868396182637e-09 1.423912760937e-10 5.042786822529e-13 
6.432523534941e-12 4.341234599828e-10 4.765754844195e-09 2.083283674814e-08 4.659757323014e-08 8.592359656664e-08 3.872813862581e-08 1.214063630997e-08 1.180763612144e-09 9.678578683915e-12 
2.121683082233e-13 2.895466219947e-11 5.635883046129e-10 4.301224107117e-09 1.710325069532e-08 3.872813862581e-08 7.740533931825e-08 3.061671235602e-08 6.363308133020e-09 1.351972809965e-10 
2.966401187517e-15 8.527581773892e-13 3.010814246677e-11 4.031104067038e-10 2.868396182637e-09 1.214063630997e-08 3.061671235602e-08 6.939108666369e-08 2.101834243337e-08 1.401690486308e-09 
9.569361829112e-18 6.265762021788e-15 4.329733843670e-13 1.073935761039e-11 1.423912760937e-10 1.180763612144e-09 6.363308133020e-09 2.101834243337e-08 6.147177302702e-08 9.865740186403e-09 
1.134370949062e-21 1.968085177203e-18 3.164223468643e-16 1.730601330090e-14 5.042786822529e-13 9.678578683915e-12 1.351972809965e-10 1.401690486308e-09 9.865740186403e-09 4.818035584527e-08 
