1.0608802692621965e-07 3.4084380241528922e-08 6.6068437388571251e-09 8.4833199003396980e-10 7.6695502322057452e-11 4.5287161358095881e-12 1.4977424746262519e-13 2.0906277385215767e-15 6.7127296213718108e-18 7.8094599859199989e-22 
3.4084380241528922e-08 1.0933056087022657e-07 4.6449591101241290e-08 1.3929813051975190e-08 2.6046398918193341e-09 3.0628959351044747e-10 2.0426045679456788e-11 6.0042730715034657e-13 4.3788801545488708e-15 1.3514589151899193e-18 
6.6068437388571251e-09 4.6449591101241290e-08 9.5881830891296351e-08 4.3775796610552726e-08 1.5806881446194999e-08 3.3637574352179528e-09 3.9727474542434211e-10 2.1167613842191099e-11 3.0136969096537036e-13 2.1677129407970206e-16 
8.4833199003396980e-10 1.3929813051975190e-08 4.3775796610552726e-08 8.4948958421076206e-08 3.8513602962007706e-08 1.4695044091523463e-08 3.0292484403010372e-09 2.8270204874199591e-10 7.4452249085718147e-12 1.1824481986120106e-14 
7.6695502322057452e-11 2.6046398918193341e-09 1.5806881446194999e-08 3.8513602962007706e-08 7.6123128747284058e-08 3.2835702278969839e-08 1.2026625740753040e-08 2.0038261973818155e-09 9.8328893693153209e-11 3.4337339450848249e-13 
4.5287161358095881e-12 3.0628959351044747e-10 3.3637574352179528e-09 1.4695044091523463e-08 3.2835702278969839e-08 6.8815920432468950e-08 2.7137084842021332e-08 8.4354554651092227e-09 8.1216607727085169e-10 6.5582483402850122e-12 
1.4977424746262519e-13 2.0426045679456788e-11 3.9727474542434211e-10 3.0292484403010372e-09 1.2026625740753040e-08 2.7137084842021332e-08 6.2456712830738735e-08 2.1139851886920253e-08 4.3572241730744042e-09 9.0931376189985960e-11 
2.0906277385215767e-15 6.0042730715034657e-13 2.1167613842191099e-11 2.8270204874199591e-10 2.0038261973818155e-09 8.4354554651092227e-09 2.1139851886920253e-08 5.6464063448144472e-08 1.4285830036749072e-08 9.3179136046859410e-10 
6.7127296213718108e-18 4.3788801545488708e-15 3.0136969096537036e-13 7.4452249085718147e-12 9.8328893693153209e-11 8.1216607727085169e-10 4.3572241730744042e-09 1.4285830036749072e-08 5.0456273243994712e-08 6.4500934651436925e-09 
7.8094599859199989e-22 1.3514589151899193e-18 2.1677129407970206e-16 1.1824481986120106e-14 3.4337339450848249e-13 6.5582483402850122e-12 9.0931376189985960e-11 9.3179136046859410e-10 6.4500934651436925e-09 4.1012665660069278e-08 
