5.0112085572828751e-07 1.7346453257877928e-07 3.2586309661093136e-08 4.1863896880205863e-09 3.8531609440154795e-10 2.3441164257101485e-11 8.0742391946022164e-13 1.1907980270179708e-14 4.1023630964890796e-17 5.3708621222964485e-21 
1.7346453257877928e-07 4.2952316297933963e-07 2.2876023267520558e-07 6.9480598981701534e-08 1.3318446366123942e-08 1.6209516223188650e-09 1.1301879832698393e-10 3.5110779818308446e-12 2.7403351799462131e-14 9.4954909434033560e-18 
3.2586309661093136e-08 2.2876023267520558e-07 3.6481998320677985e-07 2.2209284982998353e-07 8.2478525997194833e-08 1.8201512251856819e-08 2.2507504858416781e-09 1.2658544791846301e-10 1.9290757201131026e-12 1.5531175756233399e-15 
4.1863896880205863e-09 6.9480598981701534e-08 2.2209284982998353e-07 3.2288309189444417e-07 2.0601871709457374e-07 8.1581935974789667e-08 1.7588276695256333e-08 1.7286270719710939e-09 4.8788396988609573e-11 8.6311236741303377e-14 
3.8531609440154795e-10 1.3318446366123942e-08 8.2478525997194833e-08 2.0601871709457374e-07 2.9248624728443095e-07 1.8785504450312887e-07 7.1742330385644573e-08 1.2564422784011667e-08 6.6124527134239852e-10 2.5525726680895940e-12 
2.3441164257101485e-11 1.6209516223188650e-09 1.8201512251856819e-08 8.1581935974789667e-08 1.8785504450312887e-07 2.6857013309933937e-07 1.6698172106374076e-07 5.4561204447792352e-08 5.6281904374908846e-09 4.9682736969998573e-11 
8.0742391946022164e-13 1.1301879832698393e-10 2.2507504858416781e-09 1.7588276695256333e-08 7.1742330385644573e-08 1.6698172106374076e-07 2.4725239311078756e-07 1.4230288695121301e-07 3.1281539993740321e-08 7.0385427308779233e-10 
1.1907980270179708e-14 3.5110779818308446e-12 1.2658544791846301e-10 1.7286270719710939e-09 1.2564422784011667e-08 5.4561204447792352e-08 1.4230288695121301e-07 2.2808569749151856e-07 1.0681899514089228e-07 7.4241785348257520e-09 
4.1023630964890796e-17 2.7403351799462131e-14 1.9290757201131026e-12 4.8788396988609573e-11 6.6124527134239852e-10 5.6281904374908846e-09 3.1281539993740321e-08 1.0681899514089228e-07 2.0275499461232493e-07 5.3993905091442196e-08 
5.3708621222964485e-21 9.4954909434033560e-18 1.5531175756233399e-15 8.6311236741303377e-14 2.5525726680895940e-12 4.9682736969998573e-11 7.0385427308779233e-10 7.4241785348257520e-09 5.3993905091442196e-08 1.4641865330103548e-07 
