1.1848190922723705e-07 3.8779695951905955e-08 7.4514013881834062e-09 9.5116624938042743e-10 8.5643564500925499e-11 5.0429079020313282e-12 1.6646972501531341e-13 2.3215585727271092e-15 7.4572498975627639e-18 8.7018597004284052e-22 
3.8779695951905955e-08 1.1982755054091761e-07 5.2153476597027206e-08 1.5573956601441111e-08 2.9031637685619810e-09 3.4067352858746361e-10 2.2689776510239266e-11 6.6674520159567029e-13 4.8665659321515736e-15 1.5071369487089872e-18 
7.4514013881834062e-09 5.2153476597027206e-08 1.0391087027060362e-07 4.8828503104891303e-08 1.7593770414437658e-08 3.7384612856853516e-09 4.4118503407552042e-10 2.3509328569559742e-11 3.3509839625628954e-13 2.4194961080371544e-16 
9.5116624938042743e-10 1.5573956601441111e-08 4.8828503104891303e-08 9.1380665771426778e-08 4.2819040073086377e-08 1.6322917247768519e-08 3.3638295178627194e-09 3.1406486778720762e-10 8.2834577019504049e-12 1.3210168227565286e-14 
8.5643564500925499e-11 2.9031637685619810e-09 1.7593770414437658e-08 4.2819040073086377e-08 8.1436856295132216e-08 3.6462826450821022e-08 1.3356815226225499e-08 2.2271129744553618e-09 1.0948390041310171e-10 3.8400805464717210e-13 
5.0429079020313282e-12 3.4067352858746361e-10 3.7384612856853516e-09 1.6322917247768519e-08 3.6462826450821022e-08 7.3304610564153558e-08 3.0150525847442138e-08 9.3820011734046722e-09 9.0525682563755892e-10 7.3432010958015966e-12 
1.6646972501531341e-13 2.2689776510239266e-11 4.4118503407552042e-10 3.3638295178627194e-09 1.3356815226225499e-08 3.0150525847442138e-08 6.6289472900933118e-08 2.3538803756736168e-08 4.8639914197517697e-09 1.0197275186341310e-10 
2.3215585727271092e-15 6.6674520159567029e-13 2.3509328569559742e-11 3.1406486778720762e-10 2.2271129744553618e-09 9.3820011734046722e-09 2.3538803756736168e-08 5.9729256174141630e-08 1.5982765117583624e-08 1.0473244772125419e-09 
7.4572498975627639e-18 4.8665659321515736e-15 3.3509839625628954e-13 8.2834577019504049e-12 1.0948390041310171e-10 9.0525682563755892e-10 4.8639914197517697e-09 1.5982765117583624e-08 5.3184525808569069e-08 7.2784488306444624e-09 
8.7018597004284052e-22 1.5071369487089872e-18 2.4194961080371544e-16 1.3210168227565286e-14 3.8400805464717210e-13 7.3432010958015966e-12 1.0197275186341310e-10 1.0473244772125419e-09 7.2784488306444624e-09 4.2764813444373167e-08 
